1711710186776 7167.26318359375 0
1711710187048 1332.4371337890625 1
1711710187324 176.354736328125 2
1711710187599 94.69892120361328 3
1711710187866 63.38837814331055 4
1711710188135 45.00788879394531 5
1711710188406 34.3193244934082 6
1711710188676 25.556720733642578 7
1711710188949 20.85106086730957 8
1711710189214 17.094318389892578 9
1711710189484 14.298588752746582 10
1711710189758 12.060449600219727 11
1711710190029 10.302715301513672 12
1711710190295 8.869827270507812 13
1711710190564 7.799635410308838 14
1711710190847 7.129892349243164 15
1711710191116 6.694029331207275 16
1711710191388 6.180039405822754 17
1711710191654 5.876218795776367 18
1711710191919 5.612927436828613 19
1711710192221 5.362828731536865 20
1711710192492 5.282506942749023 21
1711710192761 5.102907657623291 22
1711710193030 5.036902904510498 23
1711710193295 4.903090953826904 24
1711710193564 4.776184558868408 25
1711710193801 4.685020923614502 26
1711710194046 4.664538860321045 27
1711710194315 4.781018257141113 28
1711710194583 4.47128438949585 29
1711710194818 4.54249906539917 30
1711710195085 4.416443347930908 31
1711710195352 4.436640739440918 32
1711710195587 4.302533149719238 33
1711710195818 4.225525379180908 34
