1711710186776 65.82766723632812 0
1711710187048 30.039743423461914 1
1711710187324 9.084372520446777 2
1711710187599 6.411805152893066 3
1711710187866 5.206662178039551 4
1711710188135 4.470518589019775 5
1711710188406 4.028084754943848 6
1711710188676 3.475722312927246 7
1711710188949 3.185763120651245 8
1711710189214 2.8996036052703857 9
1711710189484 2.6681816577911377 10
1711710189758 2.458909034729004 11
1711710190029 2.2805466651916504 12
1711710190295 2.1367368698120117 13
1711710190564 1.995479702949524 14
1711710190847 1.9205249547958374 15
1711710191116 1.8788204193115234 16
1711710191388 1.8004941940307617 17
1711710191654 1.7627148628234863 18
1711710191919 1.723920464515686 19
1711710192221 1.683912992477417 20
1711710192492 1.6713922023773193 21
1711710192761 1.6441000699996948 22
1711710193030 1.6322839260101318 23
1711710193295 1.603755235671997 24
1711710193564 1.5896978378295898 25
1711710193801 1.567785382270813 26
1711710194046 1.5607987642288208 27
1711710194315 1.5854418277740479 28
1711710194583 1.5211435556411743 29
1711710194818 1.5286604166030884 30
1711710195085 1.5107734203338623 31
1711710195352 1.5143200159072876 32
1711710195587 1.4851875305175781 33
1711710195818 1.4732577800750732 34
