1711710703906 5939.259765625 0
1711710704186 767.260498046875 1
1711710704457 123.5683822631836 2
1711710704727 69.3261947631836 3
1711710705000 39.85781478881836 4
1711710705272 24.923460006713867 5
1711710705539 18.38066864013672 6
1711710705809 14.894489288330078 7
1711710706079 12.264490127563477 8
1711710706343 10.440924644470215 9
1711710706614 8.673466682434082 10
1711710706885 7.639645099639893 11
1711710707153 6.414941310882568 12
1711710707418 5.930967807769775 13
1711710707690 5.414090633392334 14
1711710707930 5.168941497802734 15
1711710708197 4.844717979431152 16
1711710708469 4.712409496307373 17
1711710708734 4.727944374084473 18
1711710709046 4.411019325256348 19
1711710709315 4.28537130355835 20
1711710709625 4.180449962615967 21
1711710709904 4.024947166442871 22
1711710710140 3.9192371368408203 23
1711710710407 3.869431972503662 24
1711710710643 3.691166877746582 25
1711710710907 3.6974947452545166 26
1711710711179 3.499236583709717 27
1711710711446 3.3017988204956055 28
1711710711677 3.2747228145599365 29
1711710711943 3.1804442405700684 30
1711710712215 3.2171883583068848 31
1711710712445 2.8853487968444824 32
1711710712728 2.806562662124634 33
1711710712963 2.6706600189208984 34
1711710713233 2.616893768310547 35
1711710713496 2.5740551948547363 36
1711710713765 2.538313388824463 37
1711710714002 2.4543492794036865 38
1711710714270 2.3814194202423096 39
1711710714504 2.163116216659546 40
1711710714742 2.3476145267486572 41
1711710715006 1.8077237606048584 42
1711710715276 2.009528875350952 43
1711710715509 1.703617811203003 44
1711710715741 1.704567551612854 45
1711710716006 1.5661410093307495 46
1711710716241 1.3777289390563965 47
1711710716526 1.332811951637268 48
1711710716776 1.3101192712783813 49
