1711710703906 59.379825592041016 0
1711710704186 21.340532302856445 1
1711710704457 7.692025661468506 2
1711710704727 5.664322376251221 3
1711710705000 4.226361274719238 4
1711710705272 3.4049108028411865 5
1711710705539 3.023350715637207 6
1711710705809 2.7662036418914795 7
1711710706079 2.5414366722106934 8
1711710706343 2.3495163917541504 9
1711710706614 2.1485936641693115 10
1711710706885 2.030439853668213 11
1711710707153 1.8559356927871704 12
1711710707418 1.7950477600097656 13
1711710707690 1.7184425592422485 14
1711710707930 1.6887930631637573 15
1711710708197 1.6332675218582153 16
1711710708469 1.6118727922439575 17
1711710708734 1.6277395486831665 18
1711710709046 1.5699316263198853 19
1711710709315 1.5491825342178345 20
1711710709625 1.5297118425369263 21
1711710709904 1.503694772720337 22
1711710710140 1.4764842987060547 23
1711710710407 1.4696145057678223 24
1711710710643 1.4353350400924683 25
1711710710907 1.4387071132659912 26
1711710711179 1.393985629081726 27
1711710711446 1.351853609085083 28
1711710711677 1.3518809080123901 29
1711710711943 1.3303918838500977 30
1711710712215 1.3320629596710205 31
1711710712445 1.265282392501831 32
1711710712728 1.2428501844406128 33
1711710712963 1.2172085046768188 34
1711710713233 1.2119433879852295 35
1711710713496 1.1987063884735107 36
1711710713765 1.193651795387268 37
1711710714002 1.177221417427063 38
1711710714270 1.1681123971939087 39
1711710714504 1.0959055423736572 40
1711710714742 1.1562607288360596 41
1711710715006 1.0052638053894043 42
1711710715276 1.075453519821167 43
1711710715509 0.9806579351425171 44
1711710715741 0.9870825409889221 45
1711710716006 0.9449524879455566 46
1711710716241 0.8768805861473083 47
1711710716526 0.8691076636314392 48
1711710716776 0.8710448145866394 49
