1711959071323 5894.00146484375 0
1711959071593 819.8724975585938 1
1711959071859 132.19485473632812 2
1711959072125 59.7811393737793 3
1711959072458 30.800426483154297 4
1711959072739 20.046024322509766 5
1711959073005 14.469075202941895 6
1711959073283 11.237829208374023 7
1711959073546 9.066728591918945 8
1711959073810 7.916681289672852 9
1711959074074 6.872196674346924 10
1711959074337 6.331294536590576 11
1711959074602 5.62808084487915 12
1711959074864 5.4139251708984375 13
1711959075127 4.86183500289917 14
1711959075390 4.599838733673096 15
1711959075653 4.278812885284424 16
1711959075951 4.097299575805664 17
1711959076218 3.764662265777588 18
1711959076482 3.536306619644165 19
1711959076712 3.1825170516967773 20
1711959077055 2.9804904460906982 21
