1711959071323 58.764373779296875 0
1711959071593 22.380144119262695 1
1711959071859 7.793453693389893 2
1711959072125 4.934885025024414 3
1711959072458 3.569950819015503 4
1711959072739 3.0357728004455566 5
1711959073005 2.6553547382354736 6
1711959073283 2.3692550659179688 7
1711959073546 2.1452879905700684 8
1711959073810 2.0436034202575684 9
1711959074074 1.9034639596939087 10
1711959074337 1.8305293321609497 11
1711959074602 1.7288806438446045 12
1711959074864 1.7070971727371216 13
1711959075127 1.6141530275344849 14
1711959075390 1.5799568891525269 15
1711959075653 1.5188219547271729 16
1711959075951 1.4913216829299927 17
1711959076218 1.4272949695587158 18
1711959076482 1.3865466117858887 19
1711959076712 1.31296968460083 20
1711959077055 1.2724106311798096 21
