1711714038988 60.33449935913086 0
1711714039263 26.658973693847656 1
1711714039538 9.491436004638672 2
1711714039809 6.703417778015137 3
1711714040127 5.003446102142334 4
1711714040392 4.049809455871582 5
1711714040660 3.5605123043060303 6
1711714040930 3.219899892807007 7
1711714041202 2.9065067768096924 8
1711714041480 2.676107883453369 9
1711714041746 2.499511480331421 10
1711714042015 2.2985637187957764 11
1711714042283 2.1997413635253906 12
1711714042555 2.0842652320861816 13
1711714042825 1.97931706905365 14
1711714043097 1.9021514654159546 15
1711714043365 1.8236559629440308 16
1711714043637 1.7560821771621704 17
1711714043905 1.6271076202392578 18
1711714044175 1.5674411058425903 19
1711714044417 1.5052716732025146 20
1711714044686 1.4256985187530518 21
1711714044955 1.3794326782226562 22
1711714045226 1.3431638479232788 23
1711714045493 1.3193684816360474 24
1711714045730 1.2551723718643188 25
1711714046000 1.2561289072036743 26
1711714046275 1.1854742765426636 27
1711714046543 1.1879997253417969 28
1711714046772 1.1211206912994385 29
1711714047071 1.0870568752288818 30
1711714047335 1.1446236371994019 31
1711714047625 1.036113977432251 32
1711714047907 1.0654770135879517 33
1711714048191 0.9614627361297607 34
1711714048458 0.9366241693496704 35
1711714048725 0.9625078439712524 36
1711714048993 0.9120362401008606 37
1711714049227 0.8795856833457947 38
1711714049498 0.8490373492240906 39
1711714049737 0.8251722455024719 40
1711714049967 0.8476816415786743 41
