1711714038988 6113.703125 0
1711714039263 1047.470458984375 1
1711714039538 193.23558044433594 2
1711714039809 103.45048522949219 3
1711714040127 60.678977966308594 4
1711714040392 38.03307342529297 5
1711714040660 27.067155838012695 6
1711714040930 20.97361946105957 7
1711714041202 16.735855102539062 8
1711714041480 13.933300971984863 9
1711714041746 11.939251899719238 10
1711714042015 10.138575553894043 11
1711714042283 9.070953369140625 12
1711714042555 8.165066719055176 13
1711714042825 7.2691330909729 14
1711714043097 6.619624614715576 15
1711714043365 6.057690620422363 16
1711714043637 5.58237361907959 17
1711714043905 4.838909149169922 18
1711714044175 4.458203315734863 19
1711714044417 4.065988540649414 20
1711714044686 3.6927011013031006 21
1711714044955 3.437753915786743 22
1711714045226 3.245699167251587 23
1711714045493 3.1093475818634033 24
1711714045730 2.8334174156188965 25
1711714046000 2.818636178970337 26
1711714046275 2.4981112480163574 27
1711714046543 2.4852116107940674 28
1711714046772 2.2342424392700195 29
1711714047071 2.122589111328125 30
1711714047335 2.286494255065918 31
1711714047625 1.9229557514190674 32
1711714047907 1.981773853302002 33
1711714048191 1.6477726697921753 34
1711714048458 1.5708945989608765 35
1711714048725 1.627586007118225 36
1711714048993 1.4638246297836304 37
1711714049227 1.3677295446395874 38
1711714049498 1.2694045305252075 39
1711714049737 1.2026232481002808 40
1711714049967 1.244653582572937 41
