1711708048766 59.7863655090332 0
1711708049037 17.556949615478516 1
1711708049307 7.445441722869873 2
1711708049635 5.307032108306885 3
1711708049905 4.078991889953613 4
1711708050169 3.5531058311462402 5
1711708050432 3.1926581859588623 6
1711708050699 2.9140450954437256 7
1711708050964 2.676215410232544 8
1711708051225 2.4249932765960693 9
1711708051492 2.1866202354431152 10
1711708051769 2.0070393085479736 11
1711708052038 1.816773533821106 12
1711708052341 1.7022510766983032 13
1711708052605 1.6362627744674683 14
1711708052878 1.5659579038619995 15
1711708053111 1.5594652891159058 16
1711708053372 1.52346670627594 17
1711708053605 1.452886700630188 18
1711708053871 1.3927083015441895 19
1711708054138 1.3689184188842773 20
1711708054402 1.3678481578826904 21
1711708054666 1.3091801404953003 22
1711708054932 1.277669072151184 23
1711708055162 1.2429126501083374 24
1711708055429 1.196672797203064 25
1711708055664 1.1787019968032837 26
1711708055927 1.1479814052581787 27
1711708056188 1.169227123260498 28
1711708056422 1.09128999710083 29
1711708056712 1.0720736980438232 30
1711708056943 1.0933846235275269 31
1711708057206 1.060679316520691 32
1711708057471 1.0267541408538818 33
1711708057735 0.9832399487495422 34
1711708057999 0.972629189491272 35
1711708058228 0.921047568321228 36
1711708058495 0.979576826095581 37
1711708058756 0.8841236233711243 38
1711708058997 0.924163281917572 39
1711708059258 0.888812780380249 40
