1711708048766 6079.04833984375 0
1711708049037 562.2125244140625 1
1711708049307 117.15113067626953 2
1711708049635 64.25717163085938 3
1711708049905 38.236515045166016 4
1711708050169 26.38371467590332 5
1711708050432 20.051965713500977 6
1711708050699 16.20925521850586 7
1711708050964 13.566461563110352 8
1711708051225 11.104494094848633 9
1711708051492 9.18814754486084 10
1711708051769 7.709490776062012 11
1711708052038 6.409207344055176 12
1711708052341 5.601977825164795 13
1711708052605 5.078343868255615 14
1711708052878 4.618087291717529 15
1711708053111 4.4590020179748535 16
1711708053372 4.240020751953125 17
1711708053605 3.857710838317871 18
1711708053871 3.5340921878814697 19
1711708054138 3.425614356994629 20
1711708054402 3.3805413246154785 21
1711708054666 3.122061252593994 22
1711708054932 2.9257872104644775 23
1711708055162 2.7893059253692627 24
1711708055429 2.59040904045105 25
1711708055664 2.503631114959717 26
1711708055927 2.387385368347168 27
1711708056188 2.424062728881836 28
1711708056422 2.1501362323760986 29
1711708056712 2.0625267028808594 30
1711708056943 2.1373720169067383 31
1711708057206 1.9948840141296387 32
1711708057471 1.875807285308838 33
1711708057735 1.7474255561828613 34
1711708057999 1.6916589736938477 35
1711708058228 1.5095313787460327 36
1711708058495 1.6732860803604126 37
1711708058756 1.393772840499878 38
1711708058997 1.5088993310928345 39
1711708059258 1.3920962810516357 40
