1711714552784 61.611515045166016 0
1711714553064 20.018386840820312 1
1711714553342 7.793582439422607 2
1711714553615 5.489841461181641 3
1711714553895 4.189873218536377 4
1711714554166 3.6779727935791016 5
1711714554451 3.284663438796997 6
1711714554723 3.0164566040039062 7
1711714554994 2.753021001815796 8
1711714555271 2.540743589401245 9
1711714555540 2.3634350299835205 10
1711714555811 2.238982915878296 11
1711714556083 2.1013481616973877 12
1711714556353 1.9859527349472046 13
1711714556632 1.948228359222412 14
1711714556863 1.8632009029388428 15
1711714557132 1.783000111579895 16
1711714557374 1.7912811040878296 17
1711714557641 1.7126905918121338 18
1711714557881 1.6435118913650513 19
1711714558148 1.6105399131774902 20
1711714558417 1.5670355558395386 21
1711714558742 1.5514960289001465 22
1711714559011 1.5119701623916626 23
1711714559248 1.4953444004058838 24
1711714559518 1.4569226503372192 25
1711714559792 1.4655489921569824 26
1711714560026 1.3862738609313965 27
1711714560301 1.3804734945297241 28
1711714560539 1.3030973672866821 29
1711714560809 1.2531859874725342 30
1711714561082 1.2608535289764404 31
1711714561367 1.2560646533966064 32
1711714561674 1.2191901206970215 33
1711714561948 1.210510015487671 34
1711714562180 1.1790072917938232 35
1711714562450 1.1492998600006104 36
1711714562687 1.1357015371322632 37
1711714562958 1.1363846063613892 38
1711714563228 1.187356948852539 39
1711714563462 1.127379298210144 40
1711714563732 1.047518014907837 41
1711714563970 1.053877353668213 42
1711714564243 1.0070048570632935 43
1711714564478 1.0027180910110474 44
1711714564756 1.004475712776184 45
1711714565031 1.0483288764953613 46
1711714565273 0.9439605474472046 47
1711714565567 0.9272879958152771 48
1711714565838 0.9106181859970093 49
