1711714552784 6471.02880859375 0
1711714553064 701.5106811523438 1
1711714553342 127.21622467041016 2
1711714553615 71.32769012451172 3
1711714553895 42.83673858642578 4
1711714554166 30.120559692382812 5
1711714554451 22.81583595275879 6
1711714554723 18.59320640563965 7
1711714554994 15.230047225952148 8
1711714555271 12.786245346069336 9
1711714555540 11.004435539245605 10
1711714555811 9.711576461791992 11
1711714556083 8.438420295715332 12
1711714556353 7.53594970703125 13
1711714556632 7.100857734680176 14
1711714556863 6.549215793609619 15
1711714557132 5.986452102661133 16
1711714557374 5.901050090789795 17
1711714557641 5.4794416427612305 18
1711714557881 5.08077335357666 19
1711714558148 4.8381500244140625 20
1711714558417 4.594724178314209 21
1711714558742 4.4537858963012695 22
1711714559011 4.236471176147461 23
1711714559248 4.1272969245910645 24
1711714559518 3.893418073654175 25
1711714559792 3.9169881343841553 26
1711714560026 3.5412702560424805 27
1711714560301 3.4827303886413574 28
1711714560539 3.152275800704956 29
1711714560809 2.9510536193847656 30
1711714561082 2.9433114528656006 31
1711714561367 2.8990156650543213 32
1711714561674 2.751565456390381 33
1711714561948 2.6921403408050537 34
1711714562180 2.556642770767212 35
1711714562450 2.4220337867736816 36
1711714562687 2.3739304542541504 37
1711714562958 2.3453474044799805 38
1711714563228 2.512451171875 39
1711714563462 2.2762370109558105 40
1711714563732 2.003916025161743 41
1711714563970 2.0103273391723633 42
1711714564243 1.864027500152588 43
1711714564478 1.8278483152389526 44
1711714564756 1.8192614316940308 45
1711714565031 1.931860327720642 46
1711714565273 1.6068428754806519 47
1711714565567 1.5447137355804443 48
1711714565838 1.4973584413528442 49
