1711712808348 5985.84033203125 0
1711712808620 692.8858032226562 1
1711712808889 145.71327209472656 2
1711712809161 86.2437515258789 3
1711712809426 53.90486145019531 4
1711712809696 33.43952178955078 5
1711712809966 24.361698150634766 6
1711712810230 18.87188148498535 7
1711712810498 14.778769493103027 8
1711712810814 12.179059028625488 9
1711712811085 8.85729694366455 10
1711712811367 7.001349925994873 11
1711712811639 5.573168754577637 12
1711712811905 4.888121128082275 13
1711712812170 4.122766017913818 14
1711712812440 3.8760151863098145 15
1711712812674 3.508878469467163 16
1711712812938 3.153435707092285 17
1711712813205 2.8065345287323 18
1711712813475 2.4872145652770996 19
1711712813711 2.383208990097046 20
1711712813974 2.184046745300293 21
1711712814208 2.105581760406494 22
1711712814475 2.0159642696380615 23
1711712814746 1.8591506481170654 24
1711712815008 1.7360609769821167 25
1711712815280 1.828525185585022 26
1711712815507 1.649839162826538 27
1711712815777 1.6312003135681152 28
1711712816042 1.4732022285461426 29
1711712816312 1.3576537370681763 30
1711712816584 1.5125964879989624 31
1711712816852 1.4562897682189941 32
1711712817120 1.228363037109375 33
1711712817352 1.2076205015182495 34
1711712817616 1.1275534629821777 35
