1711712808348 59.26608657836914 0
1711712808620 20.048458099365234 1
1711712808889 8.368829727172852 2
1711712809161 6.168784141540527 3
1711712809426 4.758252143859863 4
1711712809696 3.8116519451141357 5
1711712809966 3.384617805480957 6
1711712810230 3.048893690109253 7
1711712810498 2.7168262004852295 8
1711712810814 2.502002000808716 9
1711712811085 2.1232399940490723 10
1711712811367 1.9000333547592163 11
1711712811639 1.701736569404602 12
1711712811905 1.6159509420394897 13
1711712812170 1.487152099609375 14
1711712812440 1.4549497365951538 15
1711712812674 1.3905049562454224 16
1711712812938 1.320773720741272 17
1711712813205 1.236708641052246 18
1711712813475 1.166126012802124 19
1711712813711 1.1465423107147217 20
1711712813974 1.0968374013900757 21
1711712814208 1.0733561515808105 22
1711712814475 1.0571242570877075 23
1711712814746 1.0119715929031372 24
1711712815008 0.9819639921188354 25
1711712815280 1.011475920677185 26
1711712815507 0.9559933543205261 27
1711712815777 0.948457658290863 28
1711712816042 0.9052283763885498 29
1711712816312 0.8709254860877991 30
1711712816584 0.9243049025535583 31
1711712816852 0.9074711203575134 32
1711712817120 0.8357829451560974 33
1711712817352 0.8303859233856201 34
1711712817616 0.7975798845291138 35
