1711710895052 6339.4091796875 0
1711710895326 814.5780029296875 1
1711710895603 156.93399047851562 2
1711710895872 81.74626159667969 3
1711710896141 50.935176849365234 4
1711710896409 38.03839874267578 5
1711710896676 31.601266860961914 6
1711710896948 27.280961990356445 7
1711710897215 21.6628475189209 8
1711710897487 16.601301193237305 9
1711710897756 13.428885459899902 10
1711710898024 11.100456237792969 11
1711710898296 9.58236026763916 12
1711710898566 8.520512580871582 13
1711710898835 7.805154800415039 14
1711710899106 7.371544361114502 15
1711710899341 6.715632438659668 16
1711710899610 6.334208011627197 17
1711710899882 5.805828094482422 18
1711710900148 5.674505710601807 19
1711710900420 5.414342880249023 20
1711710900692 5.1555938720703125 21
1711710900976 4.957204341888428 22
1711710901244 4.541233062744141 23
1711710901514 4.442267894744873 24
1711710901748 4.39615535736084 25
1711710902017 4.637221813201904 26
1711710902286 4.05289363861084 27
1711710902520 4.374554634094238 28
1711710902788 4.084304332733154 29
1711710903054 3.828204393386841 30
1711710903321 3.6735873222351074 31
1711710903586 3.5705854892730713 32
1711710903857 3.646076202392578 33
1711710904091 3.5024287700653076 34
1711710904358 3.6631526947021484 35
1711710904623 3.4852912425994873 36
1711710904861 3.2980339527130127 37
1711710905125 3.2630467414855957 38
1711710905361 3.2289557456970215 39
1711710905638 3.172293186187744 40
1711710905873 3.118161678314209 41
1711710906139 3.011383295059204 42
1711710906411 2.8788416385650635 43
1711710906644 2.8950295448303223 44
1711710906929 3.0483267307281494 45
1711710907199 3.0374226570129395 46
1711710907447 2.861510753631592 47
1711710907714 2.6495020389556885 48
1711710907980 2.5523130893707275 49
