1711710895052 61.302005767822266 0
1711710895326 22.129718780517578 1
1711710895603 8.539209365844727 2
1711710895872 5.735830307006836 3
1711710896141 4.672582149505615 4
1711710896409 4.242768287658691 5
1711710896676 3.9845800399780273 6
1711710896948 3.762782335281372 7
1711710897215 3.3479204177856445 8
1711710897487 2.9180493354797363 9
1711710897756 2.655794382095337 10
1711710898024 2.429032564163208 11
1711710898296 2.270204544067383 12
1711710898566 2.141979932785034 13
1711710898835 2.05355167388916 14
1711710899106 2.0129964351654053 15
1711710899341 1.9245948791503906 16
1711710899610 1.873301386833191 17
1711710899882 1.7982618808746338 18
1711710900148 1.7799346446990967 19
1711710900420 1.7370262145996094 20
1711710900692 1.6922471523284912 21
1711710900976 1.6637736558914185 22
1711710901244 1.5822151899337769 23
1711710901514 1.5666714906692505 24
1711710901748 1.5535365343093872 25
1711710902017 1.6090582609176636 26
1711710902286 1.4917004108428955 27
1711710902520 1.573394536972046 28
1711710902788 1.499639630317688 29
1711710903054 1.4514594078063965 30
1711710903321 1.416672945022583 31
1711710903586 1.3902143239974976 32
1711710903857 1.4127384424209595 33
1711710904091 1.378472924232483 34
1711710904358 1.4103904962539673 35
1711710904623 1.3807628154754639 36
1711710904861 1.3323739767074585 37
1711710905125 1.3289463520050049 38
1711710905361 1.3184956312179565 39
1711710905638 1.310471534729004 40
1711710905873 1.297399878501892 41
1711710906139 1.271846890449524 42
1711710906411 1.2384960651397705 43
1711710906644 1.248149037361145 44
1711710906929 1.2901787757873535 45
1711710907199 1.2958825826644897 46
1711710907447 1.2465368509292603 47
1711710907714 1.1976537704467773 48
1711710907980 1.1672284603118896 49
