1711708923335 61.847129821777344 0
1711708923606 23.255537033081055 1
1711708923877 9.050067901611328 2
1711708924145 6.687006950378418 3
1711708924415 5.192646503448486 4
1711708924683 4.2167744636535645 5
1711708924950 3.7051966190338135 6
1711708925263 3.342855453491211 7
1711708925530 3.0513010025024414 8
1711708925796 2.806187629699707 9
1711708926064 2.5889649391174316 10
1711708926336 2.379744529724121 11
1711708926604 2.1849632263183594 12
1711708926872 2.0189216136932373 13
1711708927138 1.9648569822311401 14
1711708927404 1.7759900093078613 15
1711708927666 1.7026407718658447 16
1711708927937 1.5960469245910645 17
1711708928202 1.5612601041793823 18
1711708928467 1.4899563789367676 19
1711708928700 1.4526617527008057 20
1711708928933 1.3494932651519775 21
1711708929198 1.3325483798980713 22
1711708929431 1.2424042224884033 23
1711708929696 1.1857579946517944 24
1711708929962 1.2017860412597656 25
1711708930223 1.09148108959198 26
1711708930491 1.0309816598892212 27
1711708930756 0.9952824115753174 28
1711708931052 0.9621033668518066 29
1711708931323 0.8959494829177856 30
1711708931553 0.8557257056236267 31
1711708931818 0.8314701914787292 32
1711708932084 0.797818124294281 33
1711708932350 0.7627448439598083 34
1711708932581 0.7786397337913513 35
1711708932845 0.7059149146080017 36
1711708933111 0.7174665927886963 37
1711708933377 0.7299502491950989 38
1711708933642 0.716009795665741 39
1711708933941 0.6587767004966736 40
1711708934231 0.6384689807891846 41
1711708934462 0.6207448244094849 42
1711708934725 0.6042317152023315 43
1711708934977 0.5592135190963745 44
1711708935206 0.5787684321403503 45
1711708935486 0.5461040139198303 46
1711708935751 0.5658484101295471 47
1711708935982 0.6814250946044922 48
1711708936272 0.5592708587646484 49
