1711708923335 6418.015625 0
1711708923606 878.632080078125 1
1711708923877 169.6813201904297 2
1711708924145 100.30582427978516 3
1711708924415 62.72535705566406 4
1711708924683 40.762271881103516 5
1711708924950 29.485200881958008 6
1711708925263 22.997241973876953 7
1711708925530 18.7846736907959 8
1711708925796 15.52417278289795 9
1711708926064 13.21033000946045 10
1711708926336 11.050126075744629 11
1711708926604 9.327461242675781 12
1711708926872 7.884734630584717 13
1711708927138 7.343308925628662 14
1711708927404 6.068076133728027 15
1711708927666 5.478733062744141 16
1711708927937 4.8384881019592285 17
1711708928202 4.563810348510742 18
1711708928467 4.1344404220581055 19
1711708928700 3.926469326019287 20
1711708928933 3.438372850418091 21
1711708929198 3.304194211959839 22
1711708929431 2.8909807205200195 23
1711708929696 2.647676706314087 24
1711708929962 2.638434410095215 25
1711708930223 2.200406551361084 26
1711708930491 1.985052227973938 27
1711708930756 1.8469387292861938 28
1711708931052 1.7249623537063599 29
1711708931323 1.4998478889465332 30
1711708931553 1.3587263822555542 31
1711708931818 1.2734612226486206 32
1711708932084 1.1924318075180054 33
1711708932350 1.077813982963562 34
1711708932581 1.1040159463882446 35
1711708932845 0.9253663420677185 36
1711708933111 0.927800714969635 37
1711708933377 0.9751291871070862 38
1711708933642 0.8941540718078613 39
1711708933941 0.7847025990486145 40
1711708934231 0.7277616262435913 41
1711708934462 0.6981518864631653 42
1711708934725 0.6471958160400391 43
1711708934977 0.5637986660003662 44
1711708935206 0.5923223495483398 45
1711708935486 0.5213191509246826 46
1711708935751 0.5604805946350098 47
1711708935982 0.7952117323875427 48
1711708936272 0.5486851930618286 49
