1711711090466 5665.32373046875 0
1711711090744 707.3558959960938 1
1711711091012 157.89120483398438 2
1711711091282 92.28083038330078 3
1711711091552 57.643653869628906 4
1711711091818 37.852298736572266 5
1711711092086 26.740873336791992 6
1711711092355 21.07929801940918 7
1711711092622 16.900346755981445 8
1711711092890 13.786423683166504 9
1711711093160 11.494203567504883 10
1711711093426 9.715362548828125 11
1711711093699 8.191934585571289 12
1711711093963 6.985876560211182 13
1711711094231 6.2166290283203125 14
1711711094500 5.693458080291748 15
1711711094740 5.420510768890381 16
1711711095004 5.104175567626953 17
1711711095269 4.8282928466796875 18
1711711095509 4.620293140411377 19
1711711095779 4.36857271194458 20
1711711096048 4.169698715209961 21
1711711096315 4.03900671005249 22
1711711096549 3.8681042194366455 23
1711711096815 3.744821310043335 24
1711711097085 3.5167980194091797 25
1711711097348 3.4092917442321777 26
1711711097586 3.407482385635376 27
1711711097849 3.0849955081939697 28
1711711098088 3.2200093269348145 29
1711711098352 2.9834423065185547 30
1711711098616 2.745762348175049 31
1711711098883 2.8287339210510254 32
1711711099149 2.473867654800415 33
1711711099385 2.6508116722106934 34
1711711099618 2.283238649368286 35
1711711099887 2.1695914268493652 36
1711711100118 2.092475652694702 37
1711711100380 1.9514747858047485 38
1711711100650 1.8123024702072144 39
1711711100919 1.7345468997955322 40
1711711101150 1.6997244358062744 41
1711711101420 1.5204895734786987 42
1711711101654 1.5022143125534058 43
1711711101917 1.369895577430725 44
1711711102156 1.2434418201446533 45
1711711102419 1.191584587097168 46
1711711102655 1.183406949043274 47
1711711102918 1.1491535902023315 48
1711711103155 1.010564923286438 49
