1711711090466 57.555084228515625 0
1711711090744 20.450578689575195 1
1711711091012 8.967153549194336 2
1711711091282 6.445411205291748 3
1711711091552 5.073965072631836 4
1711711091818 4.163900375366211 5
1711711092086 3.6066415309906006 6
1711711092355 3.2889797687530518 7
1711711092622 2.9664809703826904 8
1711711092890 2.6917362213134766 9
1711711093160 2.463266372680664 10
1711711093426 2.2771732807159424 11
1711711093699 2.085005283355713 12
1711711093963 1.9243685007095337 13
1711711094231 1.8190373182296753 14
1711711094500 1.7399609088897705 15
1711711094740 1.7070916891098022 16
1711711095004 1.6589220762252808 17
1711711095269 1.6168272495269775 18
1711711095509 1.588786005973816 19
1711711095779 1.5355106592178345 20
1711711096048 1.49712073802948 21
1711711096315 1.4741301536560059 22
1711711096549 1.4444659948349 23
1711711096815 1.4284929037094116 24
1711711097085 1.370957612991333 25
1711711097348 1.3554885387420654 26
1711711097586 1.3519147634506226 27
1711711097849 1.289440393447876 28
1711711098088 1.3319672346115112 29
1711711098352 1.266658067703247 30
1711711098616 1.207917332649231 31
1711711098883 1.2398463487625122 32
1711711099149 1.1524078845977783 33
1711711099385 1.2054232358932495 34
1711711099618 1.104436993598938 35
1711711099887 1.0791966915130615 36
1711711100118 1.0662941932678223 37
1711711100380 1.0269328355789185 38
1711711100650 0.9979584813117981 39
1711711100919 0.9758676290512085 40
1711711101150 0.9700114727020264 41
1711711101420 0.909954845905304 42
1711711101654 0.9150151610374451 43
1711711101917 0.8618125319480896 44
1711711102156 0.8233339786529541 45
1711711102419 0.805229663848877 46
1711711102655 0.8067872524261475 47
1711711102918 0.7982047200202942 48
1711711103155 0.7377265691757202 49
