1711711864401 6035.923828125 0
1711711864683 735.491943359375 1
1711711864953 135.27955627441406 2
1711711865227 77.5281753540039 3
1711711865492 43.362979888916016 4
1711711865767 26.765178680419922 5
1711711866033 19.040746688842773 6
1711711866305 14.733587265014648 7
1711711866572 11.837042808532715 8
1711711866841 9.637925148010254 9
1711711867112 7.6560139656066895 10
1711711867382 5.967014312744141 11
1711711867649 5.2119832038879395 12
1711711867917 4.326933860778809 13
1711711868187 3.996093273162842 14
1711711868454 3.4791088104248047 15
1711711868723 3.2030982971191406 16
1711711868991 2.999572277069092 17
1711711869237 2.778488874435425 18
1711711869504 2.5407543182373047 19
1711711869774 2.4265828132629395 20
1711711870044 2.35416316986084 21
1711711870312 2.3715202808380127 22
1711711870585 2.19105863571167 23
1711711870850 2.1521942615509033 24
1711711871119 1.9831414222717285 25
1711711871388 1.8839882612228394 26
1711711871655 1.8276410102844238 27
1711711871888 2.1143736839294434 28
1711711872198 1.8618218898773193 29
