1711711864401 59.826171875 0
1711711864683 20.67412757873535 1
1711711864953 8.004171371459961 2
1711711865227 5.798624038696289 3
1711711865492 4.206905364990234 4
1711711865767 3.3925304412841797 5
1711711866033 2.9736833572387695 6
1711711866305 2.676058530807495 7
1711711866572 2.4322242736816406 8
1711711866841 2.219109296798706 9
1711711867112 2.001713752746582 10
1711711867382 1.7651718854904175 11
1711711867649 1.6701881885528564 12
1711711867917 1.514233946800232 13
1711711868187 1.4777412414550781 14
1711711868454 1.3777649402618408 15
1711711868723 1.3197147846221924 16
1711711868991 1.287070393562317 17
1711711869237 1.2351202964782715 18
1711711869504 1.1847283840179443 19
1711711869774 1.1542117595672607 20
1711711870044 1.143315076828003 21
1711711870312 1.1581979990005493 22
1711711870585 1.1061397790908813 23
1711711870850 1.1049456596374512 24
1711711871119 1.0538636445999146 25
1711711871388 1.0241726636886597 26
1711711871655 1.012078881263733 27
1711711871888 1.1049503087997437 28
1711711872198 1.0275014638900757 29
