1711710966996 58.69523620605469 0
1711710967269 24.953386306762695 1
1711710967542 7.736753940582275 2
1711710967811 5.579615116119385 3
1711710968077 4.2806878089904785 4
1711710968346 3.611154794692993 5
1711710968614 3.1117823123931885 6
1711710968878 2.7917320728302 7
1711710969148 2.3843765258789062 8
1711710969413 2.1193368434906006 9
1711710969681 1.8883272409439087 10
1711710969950 1.7543487548828125 11
1711710970253 1.686137318611145 12
1711710970520 1.5762289762496948 13
1711710970792 1.515622615814209 14
1711710971064 1.4205069541931152 15
1711710971297 1.3879958391189575 16
1711710971561 1.3667012453079224 17
1711710971826 1.2961817979812622 18
1711710972060 1.2629387378692627 19
1711710972324 1.200147032737732 20
1711710972556 1.1705056428909302 21
1711710972822 1.083604097366333 22
1711710973090 1.0949772596359253 23
1711710973355 1.026613712310791 24
1711710973619 0.9937459230422974 25
1711710973932 0.9395350217819214 26
1711710974205 0.9622054100036621 27
1711710974472 0.9319780468940735 28
1711710974705 0.8680709004402161 29
1711710974972 0.8308846354484558 30
1711710975238 0.7867531776428223 31
1711710975506 0.7920301556587219 32
1711710975779 0.8475154638290405 33
1711710976016 0.7489947080612183 34
1711710976249 0.7455747127532959 35
1711710976512 0.7493090033531189 36
1711710976750 0.7263063192367554 37
1711710977016 0.7255655527114868 38
1711710977280 0.7214407920837402 39
1711710977512 0.7272083163261414 40
1711710977749 0.6725597381591797 41
