1711710966996 5899.0908203125 0
1711710967269 938.3562622070312 1
1711710967542 136.24623107910156 2
1711710967811 74.95748901367188 3
1711710968077 45.665977478027344 4
1711710968346 30.464319229125977 5
1711710968614 21.88703155517578 6
1711710968878 17.036516189575195 7
1711710969148 12.84386920928955 8
1711710969413 10.115259170532227 9
1711710969681 8.019184112548828 10
1711710969950 6.772549152374268 11
1711710970253 6.032631874084473 12
1711710970520 5.238095283508301 13
1711710970792 4.734893321990967 14
1711710971064 4.097319602966309 15
1711710971297 3.8106446266174316 16
1711710971561 3.5976085662841797 17
1711710971826 3.236041784286499 18
1711710972060 3.0462498664855957 19
1711710972324 2.7288765907287598 20
1711710972556 2.5736286640167236 21
1711710972822 2.212070941925049 22
1711710973090 2.1988754272460938 23
1711710973355 1.961358904838562 24
1711710973619 1.8237577676773071 25
1711710973932 1.6233162879943848 26
1711710974205 1.6476359367370605 27
1711710974472 1.5681533813476562 28
1711710974705 1.3574274778366089 29
1711710974972 1.2387012243270874 30
1711710975238 1.1140320301055908 31
1711710975506 1.118930697441101 32
1711710975779 1.2567620277404785 33
1711710976016 0.9866920709609985 34
1711710976249 0.9629221558570862 35
1711710976512 0.9874662160873413 36
1711710976750 0.9176709055900574 37
1711710977016 0.9148611426353455 38
1711710977280 0.8868758082389832 39
1711710977512 0.9291340112686157 40
1711710977749 0.7820448279380798 41
