1711709385832 6078.41845703125 0
1711709386332 1134.37548828125 1
1711709386606 199.20245361328125 2
1711709386883 101.87125396728516 3
1711709387151 57.946250915527344 4
1711709387421 37.96233367919922 5
1711709387694 28.611867904663086 6
1711709387962 21.250789642333984 7
1711709388278 16.139915466308594 8
1711709388569 12.3159761428833 9
1711709388938 9.769519805908203 10
1711709389341 7.464396953582764 11
1711709389734 6.206657886505127 12
1711709390209 5.186446666717529 13
1711709390646 4.546845436096191 14
1711709391086 4.146344184875488 15
1711709391429 3.8911385536193848 16
1711709391920 3.5651862621307373 17
1711709392333 3.3018133640289307 18
1711709392618 3.145012617111206 19
1711709392923 3.0751335620880127 20
1711709393173 2.7977514266967773 21
1711709393448 2.712261438369751 22
1711709393716 2.632601022720337 23
1711709394054 2.3752596378326416 24
1711709394328 2.239424705505371 25
1711709394613 2.151883125305176 26
1711709394905 2.1159963607788086 27
1711709395207 2.277421712875366 28
1711709395446 2.0910959243774414 29
1711709395733 1.795460820198059 30
1711709395972 1.658972978591919 31
1711709396252 1.7161716222763062 32
1711709396486 1.751169204711914 33
1711709396753 1.5786103010177612 34
1711709397036 1.6215307712554932 35
1711709397285 1.4181464910507202 36
1711709397537 1.346358299255371 37
1711709397846 1.32426917552948 38
1711709398087 1.3123536109924316 39
1711709398405 1.402791142463684 40
1711709398674 1.1465721130371094 41
1711709398942 1.0982187986373901 42
1711709399199 1.2035880088806152 43
1711709399509 1.017750859260559 44
1711709399839 1.0104399919509888 45
1711709400194 0.9703176617622375 46
1711709400490 0.8997517824172974 47
1711709400747 1.0014395713806152 48
1711709400983 0.9835034012794495 49
