1711709385832 59.84911346435547 0
1711709386332 27.996376037597656 1
1711709386606 9.91767406463623 2
1711709386883 6.512183666229248 3
1711709387151 4.787785053253174 4
1711709387421 4.034572601318359 5
1711709387694 3.6383562088012695 6
1711709387962 3.1581103801727295 7
1711709388278 2.7872793674468994 8
1711709388569 2.4385602474212646 9
1711709388938 2.192967653274536 10
1711709389341 1.9005310535430908 11
1711709389734 1.7627698183059692 12
1711709390209 1.6236616373062134 13
1711709390646 1.5280368328094482 14
1711709391086 1.4787145853042603 15
1711709391429 1.4423388242721558 16
1711709391920 1.3868480920791626 17
1711709392333 1.3378201723098755 18
1711709392618 1.3101048469543457 19
1711709392923 1.2974385023117065 20
1711709393173 1.242975115776062 21
1711709393448 1.2206741571426392 22
1711709393716 1.208937406539917 23
1711709394054 1.152439832687378 24
1711709394328 1.1144402027130127 25
1711709394613 1.0975024700164795 26
1711709394905 1.0905580520629883 27
1711709395207 1.1390529870986938 28
1711709395446 1.0920188426971436 29
1711709395733 1.0057250261306763 30
1711709395972 0.9601348638534546 31
1711709396252 0.9855627417564392 32
1711709396486 0.9965114593505859 33
1711709396753 0.9456684589385986 34
1711709397036 0.9541120529174805 35
1711709397285 0.8930625319480896 36
1711709397537 0.8724907636642456 37
1711709397846 0.8642420172691345 38
1711709398087 0.8655160665512085 39
1711709398405 0.9006075859069824 40
1711709398674 0.8050944805145264 41
1711709398942 0.7877640128135681 42
1711709399199 0.8330605626106262 43
1711709399509 0.756205677986145 44
1711709399839 0.7588756084442139 45
1711709400194 0.7424826622009277 46
1711709400490 0.7147207856178284 47
1711709400747 0.7583354711532593 48
1711709400983 0.7504265904426575 49
