1711712538372 5663.42529296875 0
1711712538748 635.9990844726562 1
1711712539191 137.67454528808594 2
1711712539567 78.22280883789062 3
1711712539840 48.4720573425293 4
1711712540107 33.53715133666992 5
1711712540422 25.33702850341797 6
1711712540686 19.731197357177734 7
1711712540955 15.318020820617676 8
1711712541223 12.479547500610352 9
1711712541487 10.163568496704102 10
1711712541753 8.656683921813965 11
1711712542024 7.7648162841796875 12
1711712542291 6.911579608917236 13
1711712542561 6.0869927406311035 14
1711712542827 5.653346538543701 15
1711712543097 5.264044284820557 16
1711712543326 4.903993606567383 17
1711712543598 4.739349365234375 18
1711712543865 4.270051002502441 19
1711712544181 4.0816826820373535 20
1711712544447 4.042356014251709 21
1711712544682 3.90095591545105 22
1711712544952 3.9190990924835205 23
1711712545216 3.548708915710449 24
1711712545484 3.444943904876709 25
1711712545714 3.2881484031677246 26
1711712545983 3.343466281890869 27
1711712546247 3.100515604019165 28
1711712546513 3.1133310794830322 29
1711712546779 3.1095902919769287 30
1711712547012 2.9039881229400635 31
1711712547279 2.8336799144744873 32
1711712547578 2.776660442352295 33
1711712547850 3.0346736907958984 34
1711712548116 2.664210319519043 35
1711712548353 2.7639400959014893 36
1711712548618 2.5808069705963135 37
1711712548847 2.55515456199646 38
1711712549084 2.3488028049468994 39
1711712549348 2.285696506500244 40
1711712549615 2.4402897357940674 41
1711712549901 2.196638822555542 42
1711712550138 2.2803664207458496 43
1711712550404 2.0861687660217285 44
1711712550676 2.2383201122283936 45
1711712550911 1.9850335121154785 46
