1711712538372 57.903846740722656 0
1711712538748 19.154054641723633 1
1711712539191 8.056708335876465 2
1711712539567 5.6653008460998535 3
1711712539840 4.469503879547119 4
1711712540107 3.8510184288024902 5
1711712540422 3.4367623329162598 6
1711712540686 3.068350315093994 7
1711712540955 2.708702802658081 8
1711712541223 2.492311477661133 9
1711712541487 2.2369401454925537 10
1711712541753 2.085982084274292 11
1711712542024 1.9882533550262451 12
1711712542291 1.895747423171997 13
1711712542561 1.7774735689163208 14
1711712542827 1.7200521230697632 15
1711712543097 1.6704068183898926 16
1711712543326 1.6062889099121094 17
1711712543598 1.5924201011657715 18
1711712543865 1.5000264644622803 19
1711712544181 1.4775969982147217 20
1711712544447 1.4756728410720825 21
1711712544682 1.4611691236495972 22
1711712544952 1.4545210599899292 23
1711712545216 1.3739848136901855 24
1711712545484 1.358636498451233 25
1711712545714 1.3265730142593384 26
1711712545983 1.3486655950546265 27
1711712546247 1.2858188152313232 28
1711712546513 1.2928223609924316 29
1711712546779 1.2960888147354126 30
1711712547012 1.2509602308273315 31
1711712547279 1.2299516201019287 32
1711712547578 1.2256397008895874 33
1711712547850 1.2980412244796753 34
1711712548116 1.1944960355758667 35
1711712548353 1.2278406620025635 36
1711712548618 1.1825528144836426 37
1711712548847 1.172146201133728 38
1711712549084 1.1198558807373047 39
1711712549348 1.1021517515182495 40
1711712549615 1.1464790105819702 41
1711712549901 1.0816552639007568 42
1711712550138 1.10935378074646 43
1711712550404 1.0590839385986328 44
1711712550676 1.106919288635254 45
1711712550911 1.0236951112747192 46
