1711711947740 60.90117263793945 0
1711711948021 19.378097534179688 1
1711711948289 7.490018844604492 2
1711711948562 5.502371788024902 3
1711711948826 4.500768661499023 4
1711711949098 3.843364715576172 5
1711711949366 3.414486885070801 6
1711711949634 3.0566928386688232 7
1711711949901 2.666576623916626 8
1711711950168 2.3294196128845215 9
1711711950519 2.021044969558716 10
1711711950787 1.8251314163208008 11
1711711951062 1.6615351438522339 12
1711711951331 1.526572823524475 13
1711711951618 1.4551395177841187 14
1711711951886 1.400492548942566 15
1711711952155 1.3416907787322998 16
1711711952424 1.2984167337417603 17
1711711952662 1.2471576929092407 18
1711711952926 1.2167338132858276 19
1711711953194 1.1491973400115967 20
1711711953465 1.0898445844650269 21
1711711953701 1.0692567825317383 22
1711711953968 1.0114892721176147 23
1711711954237 0.9939358234405518 24
1711711954470 0.9251474738121033 25
1711711954737 0.9014261960983276 26
1711711955001 0.869786262512207 27
1711711955235 0.8428831696510315 28
1711711955506 0.8445344567298889 29
1711711955773 0.7983047366142273 30
1711711956014 0.7633150219917297 31
1711711956279 0.7748740315437317 32
1711711956551 0.7978079319000244 33
1711711956818 0.7549078464508057 34
1711711957086 0.7134217023849487 35
1711711957319 0.71389240026474 36
1711711957584 0.6933006644248962 37
1711711957854 0.6909155249595642 38
1711711958121 0.6685866117477417 39
1711711958359 0.6651985049247742 40
1711711958627 0.6638563275337219 41
1711711958899 0.7284310460090637 42
1711711959184 0.6184980273246765 43
1711711959416 0.6392009854316711 44
1711711959649 0.6122575402259827 45
1711711959940 0.6463186144828796 46
1711711960174 0.6133372187614441 47
1711711960421 0.5922400951385498 48
