1711711947740 6323.57177734375 0
1711711948021 658.1411743164062 1
1711711948289 123.67948150634766 2
1711711948562 72.55548095703125 3
1711711948826 46.67308807373047 4
1711711949098 32.65959548950195 5
1711711949366 24.505388259887695 6
1711711949634 19.251279830932617 7
1711711949901 14.700844764709473 8
1711711950168 11.31769847869873 9
1711711950519 8.444900512695312 10
1711711950787 6.821743011474609 11
1711711951062 5.521833419799805 12
1711711951331 4.605691909790039 13
1711711951618 4.122654438018799 14
1711711951886 3.7514681816101074 15
1711711952155 3.3990869522094727 16
1711711952424 3.1183910369873047 17
1711711952662 2.890411853790283 18
1711711952926 2.690429449081421 19
1711711953194 2.43160343170166 20
1711711953465 2.1920228004455566 21
1711711953701 2.0807793140411377 22
1711711953968 1.8842393159866333 23
1711711954237 1.7940281629562378 24
1711711954470 1.5719208717346191 25
1711711954737 1.4731742143630981 26
1711711955001 1.372863531112671 27
1711711955235 1.285479187965393 28
1711711955506 1.2835417985916138 29
1711711955773 1.1538373231887817 30
1711711956014 1.0511542558670044 31
1711711956279 1.07039475440979 32
1711711956551 1.1191890239715576 33
1711711956818 1.0165305137634277 34
1711711957086 0.9057478904724121 35
1711711957319 0.9087970852851868 36
1711711957584 0.858426034450531 37
1711711957854 0.8374612927436829 38
1711711958121 0.7949778437614441 39
1711711958359 0.7854834198951721 40
1711711958627 0.7801724076271057 41
1711711958899 0.9281322956085205 42
1711711959184 0.6702338457107544 43
1711711959416 0.7137371897697449 44
1711711959649 0.6563341021537781 45
1711711959940 0.7286586761474609 46
1711711960174 0.6608732342720032 47
1711711960421 0.612281858921051 48
