1711711315190 5747.4521484375 0
1711711315468 629.9412231445312 1
1711711315743 130.1067352294922 2
1711711316014 73.50611877441406 3
1711711316279 41.781890869140625 4
1711711316603 27.318653106689453 5
1711711316874 19.35085105895996 6
1711711317145 14.496374130249023 7
1711711317408 10.96023178100586 8
1711711317680 8.71722412109375 9
1711711317947 7.055819511413574 10
1711711318215 6.188403606414795 11
1711711318484 5.335953235626221 12
1711711318749 4.744509696960449 13
1711711319051 4.411590099334717 14
1711711319322 4.157011985778809 15
1711711319606 3.930664539337158 16
1711711319870 3.6719768047332764 17
1711711320111 3.543081521987915 18
1711711320394 3.3695831298828125 19
1711711320628 3.161987543106079 20
1711711320894 3.043621301651001 21
1711711321161 2.916377305984497 22
1711711321398 2.784433603286743 23
1711711321664 2.712317943572998 24
1711711321903 2.4952967166900635 25
1711711322201 2.5088119506835938 26
1711711322472 2.337244987487793 27
1711711322738 2.1877903938293457 28
1711711323001 2.0714542865753174 29
1711711323272 2.1763410568237305 30
1711711323505 2.01112699508667 31
1711711323770 1.8624969720840454 32
1711711324081 1.8366330862045288 33
1711711324347 1.605624794960022 34
1711711324614 1.578430414199829 35
1711711324850 1.5476397275924683 36
1711711325083 1.504443645477295 37
1711711325347 1.4024864435195923 38
1711711325583 1.2632511854171753 39
1711711325850 1.2494703531265259 40
1711711326116 1.0196046829223633 41
1711711326349 1.0247948169708252 42
1711711326613 1.019164800643921 43
1711711326886 0.9151015281677246 44
1711711327122 0.901728630065918 45
1711711327384 0.8673526048660278 46
1711711327623 0.7763394713401794 47
1711711327890 0.8350065350532532 48
1711711328124 0.7923244833946228 49
