1711711315190 58.092227935791016 0
1711711315468 18.887434005737305 1
1711711315743 7.654130935668945 2
1711711316014 5.514316082000732 3
1711711316279 4.220800399780273 4
1711711316603 3.5424914360046387 5
1711711316874 3.0390942096710205 6
1711711317145 2.6414175033569336 7
1711711317408 2.3166067600250244 8
1711711317680 2.0768914222717285 9
1711711317947 1.8901779651641846 10
1711711318215 1.7926359176635742 11
1711711318484 1.670750379562378 12
1711711318749 1.5926191806793213 13
1711711319051 1.5438765287399292 14
1711711319322 1.5064963102340698 15
1711711319606 1.4620977640151978 16
1711711319870 1.4190914630889893 17
1711711320111 1.3972420692443848 18
1711711320394 1.3672306537628174 19
1711711320628 1.3236597776412964 20
1711711320894 1.30116605758667 21
1711711321161 1.272716999053955 22
1711711321398 1.2462347745895386 23
1711711321664 1.237493872642517 24
1711711321903 1.1778666973114014 25
1711711322201 1.1923855543136597 26
1711711322472 1.1389973163604736 27
1711711322738 1.1023426055908203 28
1711711323001 1.0646119117736816 29
1711711323272 1.1098570823669434 30
1711711323505 1.057349443435669 31
1711711323770 1.0184451341629028 32
1711711324081 1.01904296875 33
1711711324347 0.9405623078346252 34
1711711324614 0.9403964281082153 35
1711711324850 0.9334191679954529 36
1711711325083 0.9232449531555176 37
1711711325347 0.8922536969184875 38
1711711325583 0.8501018285751343 39
1711711325850 0.8401740789413452 40
1711711326116 0.7549927830696106 41
1711711326349 0.7628285884857178 42
1711711326613 0.7552623748779297 43
1711711326886 0.7195993661880493 44
1711711327122 0.7182849645614624 45
1711711327384 0.7063032388687134 46
1711711327623 0.6646425127983093 47
1711711327890 0.6973062753677368 48
1711711328124 0.6786739826202393 49
