1711711691100 5738.65185546875 0
1711711691375 670.9378051757812 1
1711711691650 136.27780151367188 2
1711711691916 71.52944946289062 3
1711711692189 40.4902458190918 4
1711711692454 29.082656860351562 5
1711711692723 22.728384017944336 6
1711711692994 18.955873489379883 7
1711711693262 15.943367958068848 8
1711711693534 13.410125732421875 9
1711711693802 11.333392143249512 10
1711711694074 9.591974258422852 11
1711711694340 8.7161865234375 12
1711711694609 7.180458068847656 13
1711711694874 6.462686061859131 14
1711711695143 5.874798774719238 15
1711711695411 5.346043586730957 16
1711711695647 4.84202766418457 17
1711711695917 4.568910121917725 18
1711711696185 4.3571977615356445 19
1711711696452 4.050818920135498 20
1711711696687 4.000949859619141 21
1711711696997 3.7774975299835205 22
1711711697251 3.644684314727783 23
1711711697519 3.611549139022827 24
1711711697757 3.3051912784576416 25
1711711698021 3.1745314598083496 26
1711711698292 3.1689999103546143 27
1711711698533 3.0981099605560303 28
1711711698800 3.0883255004882812 29
1711711699066 2.902259111404419 30
1711711699302 2.960263729095459 31
1711711699567 2.9059088230133057 32
1711711699835 2.600015878677368 33
1711711700103 2.6018142700195312 34
1711711700338 2.4683470726013184 35
1711711700606 2.48637056350708 36
1711711700840 2.4719619750976562 37
1711711701079 2.2946786880493164 38
1711711701349 2.274662733078003 39
1711711701583 2.3238673210144043 40
1711711701814 2.4085395336151123 41
1711711702085 1.9703881740570068 42
1711711702319 2.0098440647125244 43
1711711702584 1.8416094779968262 44
1711711702820 2.0135631561279297 45
1711711703123 1.68117094039917 46
1711711703399 1.552030086517334 47
1711711703679 1.4487868547439575 48
1711711703910 1.9153857231140137 49
