1711711691100 58.24269485473633 0
1711711691375 19.30059242248535 1
1711711691650 7.9201555252075195 2
1711711691916 5.421996593475342 3
1711711692189 4.146803855895996 4
1711711692454 3.6766207218170166 5
1711711692723 3.324284315109253 6
1711711692994 3.0746545791625977 7
1711711693262 2.8349075317382812 8
1711711693534 2.625509023666382 9
1711711693802 2.42703914642334 10
1711711694074 2.2546780109405518 11
1711711694340 2.1571221351623535 12
1711711694609 1.9590554237365723 13
1711711694874 1.86602783203125 14
1711711695143 1.791808843612671 15
1711711695411 1.7159115076065063 16
1711711695647 1.6352771520614624 17
1711711695917 1.5951786041259766 18
1711711696185 1.5622057914733887 19
1711711696452 1.5053768157958984 20
1711711696687 1.5004115104675293 21
1711711696997 1.4538213014602661 22
1711711697251 1.4423894882202148 23
1711711697519 1.4324849843978882 24
1711711697757 1.364200472831726 25
1711711698021 1.3386181592941284 26
1711711698292 1.3424679040908813 27
1711711698533 1.3300278186798096 28
1711711698800 1.3269474506378174 29
1711711699066 1.2814911603927612 30
1711711699302 1.2995173931121826 31
1711711699567 1.2873740196228027 32
1711711699835 1.207900881767273 33
1711711700103 1.2097158432006836 34
1711711700338 1.1816595792770386 35
1711711700606 1.189348816871643 36
1711711700840 1.18634033203125 37
1711711701079 1.1364551782608032 38
1711711701349 1.1372379064559937 39
1711711701583 1.1496856212615967 40
1711711701814 1.1804598569869995 41
1711711702085 1.0539807081222534 42
1711711702319 1.0688365697860718 43
1711711702584 1.0197298526763916 44
1711711702820 1.079982042312622 45
1711711703123 0.9707263112068176 46
1711711703399 0.9380390644073486 47
1711711703679 0.9022065997123718 48
1711711703910 1.0709377527236938 49
