1711713577863 58.153724670410156 0
1711713578148 17.904199600219727 1
1711713578417 7.847246170043945 2
1711713578689 5.867285251617432 3
1711713578959 4.8259782791137695 4
1711713579230 4.207666397094727 5
1711713579500 3.73537278175354 6
1711713579771 3.197258234024048 7
1711713580039 2.76092791557312 8
1711713580310 2.432277202606201 9
1711713580581 2.1786763668060303 10
1711713580851 1.9639866352081299 11
1711713581123 1.8430423736572266 12
1711713581391 1.7735034227371216 13
1711713581700 1.652785301208496 14
1711713582016 1.5912262201309204 15
1711713582287 1.5408687591552734 16
1711713582522 1.5254786014556885 17
1711713582793 1.505005955696106 18
1711713583026 1.4378159046173096 19
1711713583295 1.3932801485061646 20
1711713583570 1.3317986726760864 21
1711713583839 1.2987579107284546 22
1711713584112 1.2856779098510742 23
1711713584346 1.2909681797027588 24
1711713584618 1.2176177501678467 25
1711713584848 1.1871511936187744 26
1711713585118 1.1949799060821533 27
1711713585353 1.0971378087997437 28
1711713585622 1.1166316270828247 29
1711713585858 1.0876246690750122 30
1711713586094 1.0985230207443237 31
