1711713577863 5784.4375 0
1711713578148 573.400390625 1
1711713578417 128.46034240722656 2
1711713578689 75.34227752685547 3
1711713578959 49.14917755126953 4
1711713579230 35.07332229614258 5
1711713579500 26.749916076660156 6
1711713579771 19.81557273864746 7
1711713580039 14.90255069732666 8
1711713580310 11.48117733001709 9
1711713580581 9.158878326416016 10
1711713580851 7.422962188720703 11
1711713581123 6.411423683166504 12
1711713581391 5.826467514038086 13
1711713581700 5.028629779815674 14
1711713582016 4.623610973358154 15
1711713582287 4.3151679039001465 16
1711713582522 4.1199049949646 17
1711713582793 4.038382053375244 18
1711713583026 3.723597526550293 19
1711713583295 3.4436404705047607 20
1711713583570 3.141995668411255 21
1711713583839 3.011894702911377 22
1711713584112 2.9108686447143555 23
1711713584346 2.949030876159668 24
1711713584618 2.6350319385528564 25
1711713584848 2.5022146701812744 26
1711713585118 2.502974033355713 27
1711713585353 2.1472160816192627 28
1711713585622 2.204817056655884 29
1711713585858 2.0958049297332764 30
1711713586094 2.112065315246582 31
