1711713688602 59.57318878173828 0
1711713688876 21.908105850219727 1
1711713689151 9.16919231414795 2
1711713689424 6.1296916007995605 3
1711713689693 4.315196514129639 4
1711713689965 3.670192003250122 5
1711713690237 3.388418674468994 6
1711713690510 3.117342233657837 7
1711713690777 2.8735716342926025 8
1711713691050 2.6455888748168945 9
1711713691322 2.4126946926116943 10
1711713691594 2.212770700454712 11
1711713691865 2.0979771614074707 12
1711713692139 1.9105043411254883 13
1711713692406 1.7769126892089844 14
1711713692674 1.6730847358703613 15
1711713692946 1.6233646869659424 16
1711713693179 1.5747004747390747 17
1711713693450 1.568719506263733 18
1711713693720 1.4424852132797241 19
1711713693990 1.4385591745376587 20
1711713694259 1.4184165000915527 21
1711713694527 1.3455747365951538 22
1711713694795 1.3033764362335205 23
1711713695033 1.3154510259628296 24
1711713695306 1.2508049011230469 25
1711713695537 1.2389817237854004 26
1711713695837 1.1955902576446533 27
1711713696121 1.2062103748321533 28
1711713696391 1.2250401973724365 29
1711713696632 1.123512625694275 30
1711713696898 1.067478895187378 31
1711713697134 1.055233120918274 32
1711713697403 1.0402016639709473 33
1711713697673 1.012273907661438 34
1711713697910 1.0073881149291992 35
1711713698186 0.9894111156463623 36
