1711713688602 6063.98876953125 0
1711713688876 784.686279296875 1
1711713689151 169.68565368652344 2
1711713689424 89.85572814941406 3
1711713689693 48.06268310546875 4
1711713689965 31.496536254882812 5
1711713690237 24.320348739624023 6
1711713690510 19.676395416259766 7
1711713690777 16.407331466674805 8
1711713691050 13.57092571258545 9
1711713691322 11.302788734436035 10
1711713691594 9.52450180053711 11
1711713691865 8.351272583007812 12
1711713692139 6.915520191192627 13
1711713692406 5.92331075668335 14
1711713692674 5.206830024719238 15
1711713692946 4.82531213760376 16
1711713693179 4.538599967956543 17
1711713693450 4.386964321136475 18
1711713693720 3.772810459136963 19
1711713693990 3.710341691970825 20
1711713694259 3.5684750080108643 21
1711713694527 3.24418568611145 22
1711713694795 3.041409492492676 23
1711713695033 3.0639586448669434 24
1711713695306 2.7881064414978027 25
1711713695537 2.727194309234619 26
1711713695837 2.5311951637268066 27
1711713696121 2.5487442016601562 28
1711713696391 2.5906128883361816 29
1711713696632 2.219223976135254 30
1711713696898 2.010712146759033 31
1711713697134 1.9651762247085571 32
1711713697403 1.8893481492996216 33
1711713697673 1.8073394298553467 34
1711713697910 1.7749760150909424 35
1711713698186 1.7207517623901367 36
