1711709060995 5906.77392578125 0
1711709061271 644.2921752929688 1
1711709061540 147.7312469482422 2
1711709061811 88.6817626953125 3
1711709062075 58.10893249511719 4
1711709062346 39.23799514770508 5
1711709062614 27.029191970825195 6
1711709062944 18.120729446411133 7
1711709063211 11.465826988220215 8
1711709063478 7.924646854400635 9
1711709063745 6.178432464599609 10
1711709064018 5.121608257293701 11
1711709064285 4.546145439147949 12
1711709064552 4.213001728057861 13
1711709064816 3.7318851947784424 14
1711709065054 3.4973442554473877 15
1711709065321 3.375063419342041 16
1711709065588 3.171961784362793 17
1711709065853 2.991729497909546 18
1711709066086 2.9540038108825684 19
1711709066352 2.771648645401001 20
1711709066583 2.5882604122161865 21
1711709066852 2.73397159576416 22
1711709067082 2.4221978187561035 23
1711709067353 2.3710403442382812 24
1711709067618 2.3232851028442383 25
1711709067851 2.2606847286224365 26
1711709068114 2.1749048233032227 27
1711709068353 2.079347848892212 28
1711709068692 1.9613063335418701 29
1711709068924 1.7930634021759033 30
1711709069189 1.786041259765625 31
1711709069427 1.7326470613479614 32
1711709069694 1.751662015914917 33
1711709069959 1.6164103746414185 34
1711709070194 1.6811447143554688 35
1711709070460 1.48577082157135 36
1711709070727 1.5396597385406494 37
1711709070959 1.505062222480774 38
1711709071282 1.3989933729171753 39
1711709071545 1.4055124521255493 40
1711709071814 1.2486780881881714 41
1711709072048 1.2259560823440552 42
1711709072312 1.27472722530365 43
1711709072547 1.051040530204773 44
1711709072823 1.0543525218963623 45
