1711709060995 58.849910736083984 0
1711709061271 19.142086029052734 1
1711709061540 8.46488094329834 2
1711709061811 6.310546875 3
1711709062075 5.087732791900635 4
1711709062346 4.1905012130737305 5
1711709062614 3.521487236022949 6
1711709062944 2.9060964584350586 7
1711709063211 2.3017656803131104 8
1711709063478 1.9467519521713257 9
1711709063745 1.7503619194030762 10
1711709064018 1.62296462059021 11
1711709064285 1.5419604778289795 12
1711709064552 1.4991788864135742 13
1711709064816 1.405674695968628 14
1711709065054 1.3749589920043945 15
1711709065321 1.3550002574920654 16
1711709065588 1.3114820718765259 17
1711709065853 1.2718253135681152 18
1711709066086 1.2720942497253418 19
1711709066352 1.2386105060577393 20
1711709066583 1.1910064220428467 21
1711709066852 1.2367470264434814 22
1711709067082 1.1520545482635498 23
1711709067353 1.1423068046569824 24
1711709067618 1.1271263360977173 25
1711709067851 1.120274305343628 26
1711709068114 1.0976440906524658 27
1711709068353 1.0746712684631348 28
1711709068692 1.0441648960113525 29
1711709068924 0.9920201897621155 30
1711709069189 0.9885751605033875 31
1711709069427 0.9743420481681824 32
1711709069694 0.9834327101707458 33
1711709069959 0.9421500563621521 34
1711709070194 0.9660523533821106 35
1711709070460 0.903725266456604 36
1711709070727 0.9295413494110107 37
1711709070959 0.9163509011268616 38
1711709071282 0.8816479444503784 39
1711709071545 0.8830050826072693 40
1711709071814 0.8295618891716003 41
1711709072048 0.825925350189209 42
1711709072312 0.848200798034668 43
1711709072547 0.7588638067245483 44
1711709072823 0.7698400616645813 45
