1711712883484 5520.57861328125 0
1711712883757 514.7583618164062 1
1711712884029 125.18162536621094 2
1711712884297 78.91734313964844 3
1711712884568 53.08417510986328 4
1711712884840 37.71540832519531 5
1711712885109 28.302743911743164 6
1711712885383 22.08406639099121 7
1711712885653 17.584850311279297 8
1711712885920 14.296096801757812 9
1711712886191 11.667298316955566 10
1711712886470 9.659369468688965 11
1711712886761 8.107824325561523 12
1711712887029 7.024936676025391 13
1711712887320 6.091902256011963 14
1711712887592 5.5384697914123535 15
1711712887866 4.850710391998291 16
1711712888140 4.549912452697754 17
1711712888412 4.050528526306152 18
1711712888682 3.752500295639038 19
1711712888951 3.5104589462280273 20
1711712889555 3.2391738891601562 21
1711712889872 3.1241493225097656 22
1711712890110 3.0266549587249756 23
1711712890377 2.6448609828948975 24
1711712890612 2.4649460315704346 25
1711712890876 2.359135150909424 26
1711712891148 2.1561355590820312 27
1711712891477 2.281381607055664 28
1711712891744 2.0677969455718994 29
1711712892012 1.8135044574737549 30
1711712892280 1.6949665546417236 31
1711712892543 1.606762170791626 32
1711712892813 1.4836907386779785 33
1711712893086 1.3575413227081299 34
1711712893352 1.3345400094985962 35
1711712893618 1.1845412254333496 36
1711712893851 1.2240630388259888 37
1711712894117 1.148073673248291 38
1711712894383 1.0396066904067993 39
1711712894616 0.981764554977417 40
1711712894881 0.9958308935165405 41
1711712895113 0.8858219385147095 42
1711712895374 0.8117215633392334 43
1711712895640 0.7939298152923584 44
1711712895873 0.7772354483604431 45
1711712896108 0.7762408256530762 46
1711712896382 0.6507331728935242 47
1711712896612 0.6588631868362427 48
1711712896877 0.5930562019348145 49
