1711712883484 56.614139556884766 0
1711712883757 16.90677261352539 1
1711712884029 7.707639217376709 2
1711712884297 5.920001029968262 3
1711712884568 4.881195068359375 4
1711712884840 4.187318801879883 5
1711712885109 3.690613269805908 6
1711712885383 3.312725305557251 7
1711712885653 3.0008275508880615 8
1711712885920 2.7000129222869873 9
1711712886191 2.4441781044006348 10
1711712886470 2.2277045249938965 11
1711712886761 2.039353132247925 12
1711712887029 1.9046403169631958 13
1711712887320 1.7755061388015747 14
1711712887592 1.7052017450332642 15
1711712887866 1.5930052995681763 16
1711712888140 1.5613447427749634 17
1711712888412 1.4739316701889038 18
1711712888682 1.4203717708587646 19
1711712888951 1.378523588180542 20
1711712889555 1.3259248733520508 21
1711712889872 1.3075398206710815 22
1711712890110 1.2951428890228271 23
1711712890377 1.207123875617981 24
1711712890612 1.1678158044815063 25
1711712890876 1.1487467288970947 26
1711712891148 1.097778081893921 27
1711712891477 1.1372393369674683 28
1711712891744 1.0786101818084717 29
1711712892012 1.0085465908050537 30
1711712892280 0.9729199409484863 31
1711712892543 0.9494504928588867 32
1711712892813 0.9184070825576782 33
1711712893086 0.8752012252807617 34
1711712893352 0.8681491017341614 35
1711712893618 0.8128730654716492 36
1711712893851 0.8379892706871033 37
1711712894117 0.8093118071556091 38
1711712894383 0.7642389535903931 39
1711712894616 0.7464171051979065 40
1711712894881 0.7521935105323792 41
1711712895113 0.7079271078109741 42
1711712895374 0.6736939549446106 43
1711712895640 0.6753178834915161 44
1711712895873 0.6653421521186829 45
1711712896108 0.6707031726837158 46
1711712896382 0.6073530912399292 47
1711712896612 0.6166131496429443 48
1711712896877 0.5862383246421814 49
