1711712951442 6004.78759765625 0
1711712951713 913.659912109375 1
1711712951982 141.9616241455078 2
1711712952256 64.75752258300781 3
1711712952525 35.0622673034668 4
1711712952791 24.475339889526367 5
1711712953061 19.259071350097656 6
1711712953329 15.54309368133545 7
1711712953600 12.596689224243164 8
1711712953869 9.999584197998047 9
1711712954139 8.285548210144043 10
1711712954408 7.083780765533447 11
1711712954679 5.846024990081787 12
1711712954948 5.173136234283447 13
1711712955217 4.5609588623046875 14
1711712955487 4.10283088684082 15
1711712955724 3.847602128982544 16
1711712955992 3.6387975215911865 17
1711712956261 3.3626327514648438 18
1711712956506 3.218686819076538 19
1711712956775 3.0934369564056396 20
1711712957044 2.799772024154663 21
1711712957310 2.6637117862701416 22
1711712957548 2.535451889038086 23
1711712957813 2.3967783451080322 24
1711712958118 2.2733755111694336 25
1711712958387 2.283294200897217 26
1711712958624 2.2967734336853027 27
1711712958889 1.9584479331970215 28
1711712959158 1.789092779159546 29
1711712959398 1.8263942003250122 30
1711712959667 1.826887607574463 31
1711712959903 1.7854251861572266 32
1711712960172 1.5092331171035767 33
1711712960443 1.6030852794647217 34
1711712960674 1.4257315397262573 35
1711712960942 1.3955763578414917 36
1711712961212 1.2999494075775146 37
1711712961454 1.4447094202041626 38
1711712961720 1.3086777925491333 39
