1711712951442 59.34606170654297 0
1711712951713 24.174728393554688 1
1711712951982 8.035219192504883 2
1711712952256 5.069742202758789 3
1711712952525 3.818514108657837 4
1711712952791 3.3626365661621094 5
1711712953061 3.0630111694335938 6
1711712953329 2.78312611579895 7
1711712953600 2.5187716484069824 8
1711712953869 2.2443432807922363 9
1711712954139 2.0642526149749756 10
1711712954408 1.9281377792358398 11
1711712954679 1.7606779336929321 12
1711712954948 1.6679425239562988 13
1711712955217 1.5703343152999878 14
1711712955487 1.496220588684082 15
1711712955724 1.4596432447433472 16
1711712955992 1.4264990091323853 17
1711712956261 1.3729597330093384 18
1711712956506 1.348455548286438 19
1711712956775 1.3214683532714844 20
1711712957044 1.2526941299438477 21
1711712957310 1.2286303043365479 22
1711712957548 1.1972324848175049 23
1711712957813 1.1651597023010254 24
1711712958118 1.1293331384658813 25
1711712958387 1.1461342573165894 26
1711712958624 1.1435887813568115 27
1711712958889 1.0579404830932617 28
1711712959158 1.0072189569473267 29
1711712959398 1.0254123210906982 30
1711712959667 1.0211968421936035 31
1711712959903 1.0153952836990356 32
1711712960172 0.928740918636322 33
1711712960443 0.9672555327415466 34
1711712960674 0.9044787883758545 35
1711712960942 0.8967487812042236 36
1711712961212 0.8627476096153259 37
1711712961454 0.9085593819618225 38
1711712961720 0.869645893573761 39
