1711713006673 6216.5185546875 0
1711713006944 961.5467529296875 1
1711713007221 149.08470153808594 2
1711713007490 83.45769500732422 3
1711713007759 49.63837432861328 4
1711713008026 31.4337100982666 5
1711713008295 22.525117874145508 6
1711713008567 17.182533264160156 7
1711713008836 13.898709297180176 8
1711713009165 11.403216361999512 9
1711713009439 9.806205749511719 10
1711713009734 8.370518684387207 11
1711713010000 7.571485996246338 12
1711713010266 6.5427632331848145 13
1711713010532 5.994998931884766 14
1711713010804 5.5758490562438965 15
1711713011033 5.0329203605651855 16
1711713011304 4.261245250701904 17
1711713011575 3.8559868335723877 18
1711713011840 3.2255284786224365 19
1711713012110 2.8596041202545166 20
1711713012373 2.5429582595825195 21
1711713012611 2.297447919845581 22
1711713012876 2.0582845211029053 23
1711713013111 1.8242939710617065 24
1711713013383 1.6647905111312866 25
1711713013615 1.733754277229309 26
1711713013883 1.4522305727005005 27
1711713014150 1.476850152015686 28
1711713014421 1.3154265880584717 29
1711713014691 1.1327999830245972 30
1711713014923 1.0854363441467285 31
1711713015187 1.051161527633667 32
1711713015423 1.090954303741455 33
1711713015657 1.0396032333374023 34
1711713015919 0.9411818385124207 35
1711713016199 0.8835592865943909 36
1711713016431 0.9361920952796936 37
