1711713006673 60.51790237426758 0
1711713006944 24.776872634887695 1
1711713007221 8.237384796142578 2
1711713007490 5.921611785888672 3
1711713007759 4.544956684112549 4
1711713008026 3.7331273555755615 5
1711713008295 3.2970938682556152 6
1711713008567 2.9457931518554688 7
1711713008836 2.6768691539764404 8
1711713009165 2.4366540908813477 9
1711713009439 2.276094675064087 10
1711713009734 2.1173813343048096 11
1711713010000 2.0118019580841064 12
1711713010266 1.8755440711975098 13
1711713010532 1.7956807613372803 14
1711713010804 1.7421538829803467 15
1711713011033 1.655601978302002 16
1711713011304 1.521134376525879 17
1711713011575 1.448822021484375 18
1711713011840 1.3150078058242798 19
1711713012110 1.2468681335449219 20
1711713012373 1.1652169227600098 21
1711713012611 1.1145877838134766 22
1711713012876 1.0505774021148682 23
1711713013111 0.9887549877166748 24
1711713013383 0.9414766430854797 25
1711713013615 0.9775840044021606 26
1711713013883 0.8877363801002502 27
1711713014150 0.9007656574249268 28
1711713014421 0.8528531193733215 29
1711713014691 0.7914688587188721 30
1711713014923 0.770862877368927 31
1711713015187 0.7603332996368408 32
1711713015423 0.7872417569160461 33
1711713015657 0.7686454057693481 34
1711713015919 0.7292320728302002 35
1711713016199 0.7117078900337219 36
1711713016431 0.7291064858436584 37
