1711714592537 5804.7470703125 0
1711714592923 757.7377319335938 1
1711714593316 136.80325317382812 2
1711714593709 74.55834197998047 3
1711714593975 45.2507209777832 4
1711714594245 28.037860870361328 5
1711714594514 19.25856590270996 6
1711714594785 13.750685691833496 7
1711714595054 10.775311470031738 8
1711714595330 8.509771347045898 9
1711714595600 6.8945417404174805 10
1711714595871 5.6874542236328125 11
1711714596143 4.946004867553711 12
1711714596408 4.228175640106201 13
1711714596676 3.907433271408081 14
1711714596944 3.629192590713501 15
1711714597212 3.4025628566741943 16
1711714597449 2.8615660667419434 17
1711714597717 2.8143441677093506 18
1711714597982 2.519469738006592 19
1711714598219 2.369307279586792 20
1711714598542 2.1564042568206787 21
1711714598809 1.9874440431594849 22
1711714599043 1.9238327741622925 23
1711714599315 1.8280863761901855 24
1711714599583 1.7044748067855835 25
1711714599814 1.632968783378601 26
1711714600082 1.6234225034713745 27
1711714600322 1.5840263366699219 28
1711714600563 1.4910098314285278 29
1711714600828 1.3334157466888428 30
1711714601100 1.2475460767745972 31
1711714601329 1.272549033164978 32
1711714601564 1.1269093751907349 33
1711714601830 1.141459345817566 34
1711714602098 1.1001783609390259 35
1711714602334 1.054210901260376 36
1711714602568 1.1345571279525757 37
1711714602835 0.9635329246520996 38
1711714603071 0.9477187991142273 39
1711714603309 0.9686638116836548 40
1711714603573 0.9664839506149292 41
1711714603841 0.8797489404678345 42
1711714604075 0.9169190526008606 43
1711714604344 0.8427667021751404 44
1711714604612 0.840514600276947 45
1711714604843 0.8315669894218445 46
1711714605081 0.8573458790779114 47
1711714605349 0.7534402012825012 48
1711714605616 0.7828094959259033 49
