1711714592537 58.18233108520508 0
1711714592923 21.44248390197754 1
1711714593316 7.887145042419434 2
1711714593709 5.569562911987305 3
1711714593975 4.311094284057617 4
1711714594245 3.354285478591919 5
1711714594514 2.864879608154297 6
1711714594785 2.4515304565429688 7
1711714595054 2.2408149242401123 8
1711714595330 2.000302791595459 9
1711714595600 1.8220149278640747 10
1711714595871 1.6705870628356934 11
1711714596143 1.5759313106536865 12
1711714596408 1.4642380475997925 13
1711714596676 1.4230939149856567 14
1711714596944 1.3892016410827637 15
1711714597212 1.3459004163742065 16
1711714597449 1.2413620948791504 17
1711714597717 1.241962194442749 18
1711714597982 1.1754637956619263 19
1711714598219 1.1393017768859863 20
1711714598542 1.0843136310577393 21
1711714598809 1.0453884601593018 22
1711714599043 1.0386890172958374 23
1711714599315 1.0067651271820068 24
1711714599583 0.9741902947425842 25
1711714599814 0.9556064605712891 26
1711714600082 0.9577101469039917 27
1711714600322 0.9509595632553101 28
1711714600563 0.924426257610321 29
1711714600828 0.8640318512916565 30
1711714601100 0.8385930061340332 31
1711714601329 0.8502634763717651 32
1711714601564 0.7978222966194153 33
1711714601830 0.8053992986679077 34
1711714602098 0.7914219498634338 35
1711714602334 0.7757773995399475 36
1711714602568 0.8178171515464783 37
1711714602835 0.7436007261276245 38
1711714603071 0.7393937706947327 39
1711714603309 0.7473742365837097 40
1711714603573 0.7534267902374268 41
1711714603841 0.7149549126625061 42
1711714604075 0.7341601252555847 43
1711714604344 0.6940479278564453 44
1711714604612 0.6951402425765991 45
1711714604843 0.6952900290489197 46
1711714605081 0.7066707611083984 47
1711714605349 0.6576771140098572 48
1711714605616 0.6740205883979797 49
