1711708190550 6385.984375 0
1711708190822 820.0249633789062 1
1711708191088 163.0519561767578 2
1711708191358 99.92948150634766 3
1711708191623 64.25704193115234 4
1711708191886 44.585445404052734 5
1711708192159 33.11838150024414 6
1711708192428 26.34691047668457 7
1711708192693 22.867420196533203 8
1711708192957 19.262691497802734 9
1711708193220 16.84420394897461 10
1711708193484 14.50223159790039 11
1711708193745 12.74993896484375 12
1711708194012 11.697120666503906 13
1711708194277 10.3177490234375 14
1711708194538 9.184035301208496 15
1711708194806 8.491961479187012 16
1711708195069 7.480160236358643 17
1711708195363 6.9430084228515625 18
1711708195606 6.361215591430664 19
1711708195900 5.84991455078125 20
1711708196164 5.436467170715332 21
1711708196394 5.022337913513184 22
1711708196656 4.973852634429932 23
1711708196920 4.332268238067627 24
1711708197183 4.018064498901367 25
1711708197447 3.702393054962158 26
1711708197711 3.4234988689422607 27
1711708197972 3.2676615715026855 28
1711708198209 3.0620453357696533 29
1711708198473 2.9090654850006104 30
1711708198704 2.736919641494751 31
1711708198968 2.487539768218994 32
1711708199232 2.312835216522217 33
1711708199500 2.212768077850342 34
1711708199729 2.0649898052215576 35
1711708199995 1.9210156202316284 36
1711708200257 1.7467305660247803 37
1711708200518 1.5802356004714966 38
1711708200784 1.535761833190918 39
1711708201014 1.500519871711731 40
1711708201275 1.290043592453003 41
1711708201538 1.2590339183807373 42
1711708201804 1.1729767322540283 43
1711708202036 1.0957056283950806 44
1711708202300 1.0452417135238647 45
1711708202597 0.9706274271011353 46
1711708202833 0.8738963603973389 47
1711708203121 0.9138133525848389 48
