1711708190550 61.620201110839844 0
1711708190822 21.91819953918457 1
1711708191088 9.197649955749512 2
1711708191358 6.960492134094238 3
1711708191623 5.437861919403076 4
1711708191886 4.534389972686768 5
1711708192159 3.964562177658081 6
1711708192428 3.6162850856781006 7
1711708192693 3.4615824222564697 8
1711708192957 3.201244592666626 9
1711708193220 3.010798931121826 10
1711708193484 2.7929465770721436 11
1711708193745 2.619710922241211 12
1711708194012 2.5257062911987305 13
1711708194277 2.3711154460906982 14
1711708194538 2.2379651069641113 15
1711708194806 2.157259941101074 16
1711708195069 2.026010036468506 17
1711708195363 1.9580212831497192 18
1711708195606 1.868124008178711 19
1711708195900 1.790734052658081 20
1711708196164 1.7316356897354126 21
1711708196394 1.6612330675125122 22
1711708196656 1.6582138538360596 23
1711708196920 1.5436605215072632 24
1711708197183 1.4778999090194702 25
1711708197447 1.4211536645889282 26
1711708197711 1.3586492538452148 27
1711708197972 1.3356350660324097 28
1711708198209 1.2937818765640259 29
1711708198473 1.264577865600586 30
1711708198704 1.2250536680221558 31
1711708198968 1.165866732597351 32
1711708199232 1.123932957649231 33
1711708199500 1.103042721748352 34
1711708199729 1.0636069774627686 35
1711708199995 1.0303722620010376 36
1711708200257 0.9779947996139526 37
1711708200518 0.9296358227729797 38
1711708200784 0.9232168793678284 39
1711708201014 0.9161155223846436 40
1711708201275 0.8409845232963562 41
1711708201538 0.8362514972686768 42
1711708201804 0.806782603263855 43
1711708202036 0.7826786041259766 44
1711708202300 0.7633931040763855 45
1711708202597 0.7373115420341492 46
1711708202833 0.6972113251686096 47
1711708203121 0.7168976664543152 48
