1711710487841 5776.6923828125 0
1711710488119 662.7682495117188 1
1711710488391 133.75347900390625 2
1711710488662 76.17508697509766 3
1711710488932 46.30028533935547 4
1711710489200 28.6121768951416 5
1711710489465 17.93821907043457 6
1711710489737 12.811469078063965 7
1711710490004 10.060836791992188 8
1711710490275 8.380451202392578 9
1711710490542 7.4817585945129395 10
1711710490875 6.272082805633545 11
1711710491115 5.768887996673584 12
1711710491382 5.246783256530762 13
1711710491645 5.068312168121338 14
1711710491912 4.7491984367370605 15
1711710492174 4.422908306121826 16
1711710492445 4.159722805023193 17
1711710492722 3.9164209365844727 18
1711710492989 3.803699254989624 19
1711710493258 3.6254634857177734 20
1711710493491 3.3576626777648926 21
1711710493758 3.4262425899505615 22
1711710493989 3.3033018112182617 23
1711710494258 3.0486652851104736 24
1711710494490 3.041473150253296 25
1711710494751 3.0610976219177246 26
1711710494981 2.846583604812622 27
1711710495218 2.6841862201690674 28
1711710495482 2.4947829246520996 29
1711710495747 2.5431017875671387 30
1711710495979 2.313400983810425 31
1711710496210 2.2838120460510254 32
1711710496474 2.1582982540130615 33
1711710496739 2.1894497871398926 34
1711710497012 2.459775686264038 35
1711710497279 2.255776882171631 36
1711710497513 2.1372923851013184 37
1711710497786 1.8697576522827148 38
1711710498052 1.8368881940841675 39
1711710498314 1.8704040050506592 40
1711710498582 1.8192294836044312 41
1711710498844 1.7141060829162598 42
1711710499082 1.8372790813446045 43
1711710499348 1.6755772829055786 44
1711710499579 1.6166799068450928 45
1711710499846 1.6506149768829346 46
1711710500112 1.4946508407592773 47
1711710500377 1.5023910999298096 48
1711710500608 1.5323060750961304 49
