1711710487841 58.270416259765625 0
1711710488119 19.473344802856445 1
1711710488391 7.974100589752197 2
1711710488662 5.756369113922119 3
1711710488932 4.494436264038086 4
1711710489200 3.6277694702148438 5
1711710489465 2.9296021461486816 6
1711710489737 2.508145809173584 7
1711710490004 2.249044179916382 8
1711710490275 2.077597141265869 9
1711710490542 1.9952585697174072 10
1711710490875 1.8156242370605469 11
1711710491115 1.7562048435211182 12
1711710491382 1.6826211214065552 13
1711710491645 1.6669784784317017 14
1711710491912 1.611376166343689 15
1711710492174 1.5614280700683594 16
1711710492445 1.514623999595642 17
1711710492722 1.4697390794754028 18
1711710492989 1.4524070024490356 19
1711710493258 1.4268109798431396 20
1711710493491 1.361541986465454 21
1711710493758 1.3810830116271973 22
1711710493989 1.3691984415054321 23
1711710494258 1.3088818788528442 24
1711710494490 1.3158156871795654 25
1711710494751 1.3177568912506104 26
1711710494981 1.2771867513656616 27
1711710495218 1.2309460639953613 28
1711710495482 1.183435082435608 29
1711710495747 1.205944538116455 30
1711710495979 1.1362038850784302 31
1711710496210 1.1344752311706543 32
1711710496474 1.0969563722610474 33
1711710496739 1.1133073568344116 34
1711710497012 1.186751127243042 35
1711710497279 1.1333636045455933 36
1711710497513 1.105446219444275 37
1711710497786 1.0249520540237427 38
1711710498052 1.0159540176391602 39
1711710498314 1.0304628610610962 40
1711710498582 1.01886785030365 41
1711710498844 0.984436571598053 42
1711710499082 1.0217913389205933 43
1711710499348 0.9761867523193359 44
1711710499579 0.9553577899932861 45
1711710499846 0.9700881838798523 46
1711710500112 0.9173434376716614 47
1711710500377 0.927537739276886 48
1711710500608 0.9359951615333557 49
