1711708903653 5875.12060546875 0
1711708903922 717.2945556640625 1
1711708904190 132.0219268798828 2
1711708904458 79.14164733886719 3
1711708904722 51.31636047363281 4
1711708904984 36.089332580566406 5
1711708905257 26.07576560974121 6
1711708905521 20.802024841308594 7
1711708905789 16.430686950683594 8
1711708906054 14.135908126831055 9
1711708906320 12.193401336669922 10
1711708906586 10.77530574798584 11
1711708906853 9.426066398620605 12
1711708907117 7.957025527954102 13
1711708907381 7.106279373168945 14
1711708907644 6.2976837158203125 15
1711708907908 5.615977764129639 16
1711708908172 5.158910751342773 17
1711708908435 5.040859699249268 18
1711708908702 4.38321590423584 19
1711708908967 4.216592311859131 20
1711708909231 3.962989568710327 21
1711708909498 3.698972225189209 22
1711708909760 3.795240879058838 23
1711708910058 3.4387035369873047 24
1711708910325 3.2969970703125 25
1711708910589 2.9201042652130127 26
1711708910849 2.8718831539154053 27
1711708911116 2.6156184673309326 28
1711708911383 2.559990882873535 29
1711708911648 2.4575252532958984 30
1711708911909 2.1503593921661377 31
1711708912174 2.194932460784912 32
1711708912435 1.9807895421981812 33
1711708912700 1.8133881092071533 34
1711708912964 1.721672534942627 35
1711708913228 1.5723005533218384 36
1711708913492 1.6655402183532715 37
1711708913754 1.4481287002563477 38
1711708913988 1.493186593055725 39
1711708914231 1.433532476425171 40
1711708914492 1.2270475625991821 41
1711708914756 1.116960883140564 42
1711708915041 1.079526662826538 43
1711708915305 0.9869930744171143 44
1711708915589 0.9927880764007568 45
1711708915817 0.9432960152626038 46
1711708916119 0.9426854252815247 47
1711708916352 0.8183331489562988 48
1711708916581 0.8582128882408142 49
