1711708903653 58.936222076416016 0
1711708903922 20.516475677490234 1
1711708904190 8.03226089477539 2
1711708904458 5.9513726234436035 3
1711708904722 4.750629901885986 4
1711708904984 4.075465202331543 5
1711708905257 3.5628483295440674 6
1711708905521 3.2735579013824463 7
1711708905789 2.9731459617614746 8
1711708906054 2.7911477088928223 9
1711708906320 2.5997440814971924 10
1711708906586 2.448586940765381 11
1711708906853 2.2855756282806396 12
1711708907117 2.0922417640686035 13
1711708907381 1.9737145900726318 14
1711708907644 1.8609071969985962 15
1711708907908 1.75312340259552 16
1711708908172 1.6883423328399658 17
1711708908435 1.6882925033569336 18
1711708908702 1.5580072402954102 19
1711708908967 1.5278829336166382 20
1711708909231 1.4798777103424072 21
1711708909498 1.4278090000152588 22
1711708909760 1.4613488912582397 23
1711708910058 1.3875840902328491 24
1711708910325 1.361339807510376 25
1711708910589 1.2766791582107544 26
1711708910849 1.268781065940857 27
1711708911116 1.2083860635757446 28
1711708911383 1.203830599784851 29
1711708911648 1.1780025959014893 30
1711708911909 1.0983244180679321 31
1711708912174 1.1146645545959473 32
1711708912435 1.0548261404037476 33
1711708912700 1.0087589025497437 34
1711708912964 0.9828489422798157 35
1711708913228 0.9372695088386536 36
1711708913492 0.976129949092865 37
1711708913754 0.9010248780250549 38
1711708913988 0.9254969358444214 39
1711708914231 0.9060376882553101 40
1711708914492 0.835996150970459 41
1711708914756 0.7913230061531067 42
1711708915041 0.7880661487579346 43
1711708915305 0.7420749664306641 44
1711708915589 0.7494823336601257 45
1711708915817 0.7351623773574829 46
1711708916119 0.734646737575531 47
1711708916352 0.6811980605125427 48
1711708916581 0.7055152058601379 49
