1711710576793 5575.431640625 0
1711710577066 604.2012939453125 1
1711710577341 120.30459594726562 2
1711710577662 66.43419647216797 3
1711710577927 41.16410827636719 4
1711710578195 29.801753997802734 5
1711710578462 23.00767707824707 6
1711710578728 16.44565773010254 7
1711710578995 11.810128211975098 8
1711710579260 8.799772262573242 9
1711710579532 7.221272945404053 10
1711710579797 6.123502254486084 11
1711710580059 5.679872512817383 12
1711710580325 4.584347724914551 13
1711710580594 4.1418328285217285 14
1711710580856 3.933640480041504 15
1711710581125 3.6198959350585938 16
1711710581391 3.2893259525299072 17
1711710581649 2.9574763774871826 18
1711710581883 2.7345221042633057 19
1711710582145 2.6110737323760986 20
1711710582380 2.336425542831421 21
1711710582642 2.240178108215332 22
1711710582910 2.013592004776001 23
1711710583177 2.060093402862549 24
1711710583439 1.7630289793014526 25
1711710583709 1.755676031112671 26
1711710583940 1.7258416414260864 27
1711710584167 1.554661750793457 28
1711710584440 1.4068554639816284 29
1711710584671 1.4334560632705688 30
1711710584978 1.3618602752685547 31
1711710585243 1.278648018836975 32
1711710585504 1.0645153522491455 33
1711710585739 1.1461524963378906 34
1711710585966 1.0094670057296753 35
1711710586234 0.9082516431808472 36
1711710586463 0.9674810767173767 37
1711710586694 1.0219910144805908 38
1711710586959 0.8793991208076477 39
1711710587224 0.7827829122543335 40
1711710587454 0.8061914443969727 41
1711710587755 0.690929114818573 42
1711710588017 0.8451769351959229 43
1711710588280 0.7142797112464905 44
1711710588531 0.7113310694694519 45
1711710588762 0.7428419589996338 46
1711710589028 0.6234123110771179 47
1711710589278 0.742981493473053 48
1711710589547 0.648238480091095 49
