1711710576793 56.67397689819336 0
1711710577066 18.31515884399414 1
1711710577341 7.434077262878418 2
1711710577662 5.226878643035889 3
1711710577927 4.168059825897217 4
1711710578195 3.6557364463806152 5
1711710578462 3.26701283454895 6
1711710578728 2.751516580581665 7
1711710578995 2.3211820125579834 8
1711710579260 2.0527899265289307 9
1711710579532 1.898668646812439 10
1711710579797 1.7747286558151245 11
1711710580059 1.7387484312057495 12
1711710580325 1.554157018661499 13
1711710580594 1.4853990077972412 14
1711710580856 1.4548853635787964 15
1711710581125 1.4112190008163452 16
1711710581391 1.343889832496643 17
1711710581649 1.2720918655395508 18
1711710581883 1.2287774085998535 19
1711710582145 1.2012470960617065 20
1711710582380 1.1367818117141724 21
1711710582642 1.1158642768859863 22
1711710582910 1.0598931312561035 23
1711710583177 1.0838090181350708 24
1711710583439 0.9890401363372803 25
1711710583709 0.9912294745445251 26
1711710583940 0.990466296672821 27
1711710584167 0.9367582201957703 28
1711710584440 0.8962379693984985 29
1711710584671 0.908006489276886 30
1711710584978 0.8769702911376953 31
1711710585243 0.8542277812957764 32
1711710585504 0.7703250050544739 33
1711710585739 0.8115631341934204 34
1711710585966 0.7575320601463318 35
1711710586234 0.7119847536087036 36
1711710586463 0.7464490532875061 37
1711710586694 0.768559992313385 38
1711710586959 0.707999587059021 39
1711710587224 0.6702598333358765 40
1711710587454 0.6807253956794739 41
1711710587755 0.6281947493553162 42
1711710588017 0.6985028386116028 43
1711710588280 0.6418333649635315 44
1711710588531 0.6394033432006836 45
1711710588762 0.6497933864593506 46
1711710589028 0.6003681421279907 47
1711710589278 0.6556918025016785 48
1711710589547 0.613110363483429 49
