1711710915269 6300.92041015625 0
1711710915543 858.92431640625 1
1711710915817 137.52549743652344 2
1711710916084 85.39263153076172 3
1711710916356 58.270545959472656 4
1711710916621 42.190860748291016 5
1711710916888 29.91764259338379 6
1711710917184 22.815841674804688 7
1711710917450 18.2308349609375 8
1711710917722 15.03454875946045 9
1711710917990 12.02534294128418 10
1711710918254 10.149145126342773 11
1711710918522 8.234466552734375 12
1711710918790 6.962988376617432 13
1711710919058 6.01492166519165 14
1711710919328 5.169892311096191 15
1711710919595 4.776210308074951 16
1711710919833 4.261784076690674 17
1711710920098 3.9806787967681885 18
1711710920336 3.699749231338501 19
1711710920607 3.5435118675231934 20
1711710920873 3.3094420433044434 21
1711710921108 3.231177806854248 22
1711710921375 2.990513324737549 23
1711710921607 2.8427422046661377 24
1711710921880 2.7304985523223877 25
1711710922114 2.6274945735931396 26
1711710922380 2.5287113189697266 27
1711710922675 2.4261603355407715 28
1711710922944 2.2031571865081787 29
1711710923175 2.3021364212036133 30
1711710923414 2.0881993770599365 31
1711710923678 2.0245425701141357 32
1711710923915 1.9153902530670166 33
1711710924184 1.910802960395813 34
1711710924452 1.7067874670028687 35
1711710924685 1.5727630853652954 36
1711710924952 1.5844647884368896 37
1711710925183 1.647252082824707 38
1711710925419 1.4508254528045654 39
1711710925694 1.2970904111862183 40
1711710925958 1.2404532432556152 41
1711710926201 1.3336362838745117 42
1711710926484 1.197610855102539 43
1711710926752 1.2954373359680176 44
1711710927041 1.2351051568984985 45
1711710927274 1.1233552694320679 46
1711710927549 1.0081535577774048 47
1711710927794 1.1588650941848755 48
1711710928062 1.1955070495605469 49
