1711710915269 61.16720199584961 0
1711710915543 22.672990798950195 1
1711710915817 8.109246253967285 2
1711710916084 6.191627502441406 3
1711710916356 5.090884685516357 4
1711710916621 4.3776535987854 5
1711710916888 3.733142852783203 6
1711710917184 3.3099172115325928 7
1711710917450 3.001286268234253 8
1711710917722 2.727902412414551 9
1711710917990 2.42606520652771 10
1711710918254 2.242469072341919 11
1711710918522 2.015942096710205 12
1711710918790 1.8704628944396973 13
1711710919058 1.7389355897903442 14
1711710919328 1.621158242225647 15
1711710919595 1.5722148418426514 16
1711710919833 1.4916054010391235 17
1711710920098 1.449154019355774 18
1711710920336 1.4069929122924805 19
1711710920607 1.3806391954421997 20
1711710920873 1.3308526277542114 21
1711710921108 1.3244833946228027 22
1711710921375 1.2750325202941895 23
1711710921607 1.240942120552063 24
1711710921880 1.2229830026626587 25
1711710922114 1.1960421800613403 26
1711710922380 1.185068130493164 27
1711710922675 1.1597076654434204 28
1711710922944 1.0938860177993774 29
1711710923175 1.1339462995529175 30
1711710923414 1.0715383291244507 31
1711710923678 1.0568032264709473 32
1711710923915 1.024450421333313 33
1711710924184 1.0361521244049072 34
1711710924452 0.9718559980392456 35
1711710924685 0.9282065629959106 36
1711710924952 0.9394557476043701 37
1711710925183 0.9632359743118286 38
1711710925419 0.9009680151939392 39
1711710925694 0.8469364643096924 40
1711710925958 0.8309273719787598 41
1711710926201 0.8719238042831421 42
1711710926484 0.8150706887245178 43
1711710926752 0.8585543036460876 44
1711710927041 0.8378982543945312 45
1711710927274 0.8027552962303162 46
1711710927549 0.7533092498779297 47
1711710927794 0.814111053943634 48
1711710928062 0.8278300166130066 49
