1711713482083 7189.556640625 0
1711713482359 1324.863525390625 1
1711713482638 220.13864135742188 2
1711713482912 106.97927856445312 3
1711713483184 67.3460693359375 4
1711713483455 44.99445343017578 5
1711713483727 32.980716705322266 6
1711713484000 24.028305053710938 7
1711713484268 19.274446487426758 8
1711713484541 15.792641639709473 9
1711713484808 13.814739227294922 10
1711713485079 11.254014015197754 11
1711713485349 9.656065940856934 12
1711713485624 8.166807174682617 13
1711713485861 7.344172477722168 14
1711713486135 6.258429527282715 15
1711713486448 5.664548397064209 16
1711713486721 5.2420525550842285 17
1711713486991 4.851527690887451 18
1711713487257 4.718906879425049 19
1711713487527 4.129422664642334 20
1711713487800 3.8158769607543945 21
1711713488068 3.8729939460754395 22
1711713488337 3.595028877258301 23
1711713488606 3.4769084453582764 24
1711713488875 3.26474928855896 25
1711713489117 3.247699499130249 26
1711713489383 3.2201364040374756 27
1711713489652 3.0750656127929688 28
1711713489887 3.031456470489502 29
1711713490159 2.7528738975524902 30
1711713490429 2.897408962249756 31
1711713490667 2.756260395050049 32
1711713490936 2.55780029296875 33
1711713491206 2.613551139831543 34
1711713491475 2.5523362159729004 35
1711713491742 2.4758996963500977 36
1711713492014 2.388563632965088 37
1711713492279 2.3787574768066406 38
1711713492517 2.2378838062286377 39
1711713492788 2.3543500900268555 40
1711713493063 2.1068308353424072 41
1711713493306 2.1557347774505615 42
1711713493572 2.105621099472046 43
1711713493808 1.9115376472473145 44
1711713494078 1.7398128509521484 45
1711713494347 1.687448501586914 46
1711713494654 1.990320086479187 47
1711713494922 1.8238381147384644 48
1711713495156 1.597965121269226 49
