1711713482083 65.83118438720703 0
1711713482359 30.17707061767578 1
1711713482638 10.29790210723877 2
1711713482912 6.780327796936035 3
1711713483184 5.386314868927002 4
1711713483455 4.499629974365234 5
1711713483727 3.958024501800537 6
1711713484000 3.4089431762695312 7
1711713484268 3.0784080028533936 8
1711713484541 2.823559284210205 9
1711713484808 2.666006565093994 10
1711713485079 2.3880703449249268 11
1711713485349 2.2326083183288574 12
1711713485624 2.065026044845581 13
1711713485861 1.970544457435608 14
1711713486135 1.8277931213378906 15
1711713486448 1.74164879322052 16
1711713486721 1.6834068298339844 17
1711713486991 1.6247577667236328 18
1711713487257 1.6151965856552124 19
1711713487527 1.503811001777649 20
1711713487800 1.445954442024231 21
1711713488068 1.4662883281707764 22
1711713488337 1.4115294218063354 23
1711713488606 1.3899034261703491 24
1711713488875 1.34902822971344 25
1711713489117 1.3496612310409546 26
1711713489383 1.3520663976669312 27
1711713489652 1.3148777484893799 28
1711713489887 1.3072103261947632 29
1711713490159 1.2391754388809204 30
1711713490429 1.2837176322937012 31
1711713490667 1.2436943054199219 32
1711713490936 1.19393789768219 33
1711713491206 1.2167854309082031 34
1711713491475 1.2054966688156128 35
1711713491742 1.191159963607788 36
1711713492014 1.164419174194336 37
1711713492279 1.166775107383728 38
1711713492517 1.1259697675704956 39
1711713492788 1.1630527973175049 40
1711713493063 1.0895341634750366 41
1711713493306 1.1072602272033691 42
1711713493572 1.0928949117660522 43
1711713493808 1.0387153625488281 44
1711713494078 0.9888059496879578 45
1711713494347 0.9706901907920837 46
1711713494654 1.0652594566345215 47
1711713494922 1.0247148275375366 48
1711713495156 0.9510764479637146 49
