1711711129029 5971.671875 0
1711711129304 929.3118896484375 1
1711711129573 160.14678955078125 2
1711711129842 91.5349349975586 3
1711711130113 53.84039306640625 4
1711711130381 33.90960693359375 5
1711711130651 25.01959991455078 6
1711711130922 20.250812530517578 7
1711711131190 16.14672088623047 8
1711711131456 12.96979808807373 9
1711711131722 10.593057632446289 10
1711711131992 8.488555908203125 11
1711711132260 7.123634338378906 12
1711711132522 5.508728504180908 13
1711711132790 4.659120559692383 14
1711711133060 3.9471373558044434 15
1711711133328 3.3965306282043457 16
1711711133595 3.1445000171661377 17
1711711133826 2.93681263923645 18
1711711134094 2.726062059402466 19
1711711134381 2.543332576751709 20
1711711134648 2.2973527908325195 21
1711711134920 2.191589117050171 22
1711711135229 2.121242046356201 23
1711711135493 1.945970892906189 24
1711711135761 1.933613657951355 25
1711711136034 1.7291971445083618 26
1711711136296 1.5637894868850708 27
1711711136533 1.5943472385406494 28
1711711136800 1.4702930450439453 29
1711711137065 1.4504200220108032 30
1711711137303 1.3708419799804688 31
1711711137567 1.2140076160430908 32
1711711137800 1.2259472608566284 33
1711711138071 1.1382981538772583 34
1711711138300 1.1996561288833618 35
1711711138570 0.9813981056213379 36
1711711138837 0.9292932152748108 37
1711711139072 1.0400713682174683 38
1711711139335 0.9223262667655945 39
1711711139569 0.7863995432853699 40
1711711139838 0.7994416952133179 41
1711711140068 0.8517116904258728 42
1711711140338 0.8583738207817078 43
1711711140601 0.6746994256973267 44
1711711140842 0.6392955780029297 45
1711711141109 0.6410066485404968 46
1711711141376 0.6535131335258484 47
1711711141641 0.693425714969635 48
1711711141873 0.6764011383056641 49
