1711711129029 59.514739990234375 0
1711711129304 23.994565963745117 1
1711711129573 8.72048568725586 2
1711711129842 6.382837772369385 3
1711711130113 4.761790752410889 4
1711711130381 3.895932197570801 5
1711711130651 3.4692447185516357 6
1711711130922 3.2111570835113525 7
1711711131190 2.902522563934326 8
1711711131456 2.612205743789673 9
1711711131722 2.3663113117218018 10
1711711131992 2.1218409538269043 11
1711711132260 1.9517565965652466 12
1711711132522 1.715294361114502 13
1711711132790 1.579782247543335 14
1711711133060 1.4568450450897217 15
1711711133328 1.3514000177383423 16
1711711133595 1.3112040758132935 17
1711711133826 1.2722899913787842 18
1711711134094 1.2293927669525146 19
1711711134381 1.1903578042984009 20
1711711134648 1.1277693510055542 21
1711711134920 1.102622628211975 22
1711711135229 1.088752269744873 23
1711711135493 1.0356934070587158 24
1711711135761 1.043459177017212 25
1711711136034 0.9822356104850769 26
1711711136296 0.9290171265602112 27
1711711136533 0.9406407475471497 28
1711711136800 0.9109066724777222 29
1711711137065 0.897384762763977 30
1711711137303 0.874087393283844 31
1711711137567 0.8197116851806641 32
1711711137800 0.8318696618080139 33
1711711138071 0.7996677756309509 34
1711711138300 0.8288689851760864 35
1711711138570 0.7410557866096497 36
1711711138837 0.7203894257545471 37
1711711139072 0.7743258476257324 38
1711711139335 0.7222703695297241 39
1711711139569 0.6657182574272156 40
1711711139838 0.6716126799583435 41
1711711140068 0.6939473152160645 42
1711711140338 0.6967050433158875 43
1711711140601 0.6203969717025757 44
1711711140842 0.6001464128494263 45
1711711141109 0.607229471206665 46
1711711141376 0.6121463775634766 47
1711711141641 0.6312164664268494 48
1711711141873 0.6224605441093445 49
