1711708549334 56.94731140136719 0
1711708549605 23.153200149536133 1
1711708549871 8.04345989227295 2
1711708550144 5.7849955558776855 3
1711708550414 4.4718918800354 4
1711708550680 3.6568374633789062 5
1711708550948 3.2464869022369385 6
1711708551213 2.978938102722168 7
1711708551478 2.7141785621643066 8
1711708551740 2.5459415912628174 9
1711708552008 2.4009275436401367 10
1711708552318 2.19299054145813 11
1711708552586 2.1100847721099854 12
1711708552851 1.9743154048919678 13
1711708553085 1.9596643447875977 14
1711708553351 1.8375247716903687 15
1711708553614 1.7898591756820679 16
1711708553923 1.7650022506713867 17
1711708554188 1.7263236045837402 18
1711708554455 1.6686606407165527 19
1711708554688 1.6393200159072876 20
1711708554957 1.622959852218628 21
1711708555220 1.607297420501709 22
1711708555456 1.6082451343536377 23
1711708555684 1.5826764106750488 24
