1711708549334 5613.53271484375 0
1711708549605 853.6014404296875 1
1711708549871 134.4434356689453 2
1711708550144 76.7075424194336 3
1711708550414 47.179935455322266 4
1711708550680 30.910451889038086 5
1711708550948 22.857755661010742 6
1711708551213 18.237993240356445 7
1711708551478 14.9111967086792 8
1711708551740 12.918015480041504 9
1711708552008 11.300509452819824 10
1711708552318 9.589160919189453 11
1711708552586 8.685157775878906 12
1711708552851 7.642141342163086 13
1711708553085 7.296813011169434 14
1711708553351 6.539588451385498 15
1711708553614 6.102055072784424 16
1711708553923 5.926511764526367 17
1711708554188 5.62253475189209 18
1711708554455 5.31923770904541 19
1711708554688 5.1517486572265625 20
1711708554957 5.0115580558776855 21
1711708555220 4.909173965454102 22
1711708555456 4.934820652008057 23
1711708555684 4.7858567237854 24
