1711713631247 5860.41796875 0
1711713631519 1059.857177734375 1
1711713631791 141.37020874023438 2
1711713632061 65.2314453125 3
1711713632331 32.11819076538086 4
1711713632602 21.374122619628906 5
1711713632879 16.910541534423828 6
1711713633149 13.765608787536621 7
1711713633418 10.801193237304688 8
1711713633689 9.028039932250977 9
1711713633959 7.630353927612305 10
1711713634228 6.667334079742432 11
1711713634497 6.147465229034424 12
1711713634775 5.669939041137695 13
1711713635045 5.438714504241943 14
1711713635282 4.884815216064453 15
1711713635550 4.525876045227051 16
1711713635823 3.987224578857422 17
1711713636096 3.76335072517395 18
1711713636367 3.4620532989501953 19
1711713636638 3.395195722579956 20
1711713636872 3.0363848209381104 21
1711713637142 2.8615686893463135 22
1711713637412 2.7295026779174805 23
1711713637685 2.7644734382629395 24
1711713637921 2.6026806831359863 25
1711713638196 2.539029359817505 26
1711713638462 2.3418612480163574 27
1711713638697 2.1754040718078613 28
1711713638965 2.071812391281128 29
1711713639236 2.134972333908081 30
1711713639470 2.209153175354004 31
1711713639754 1.972297191619873 32
1711713640018 1.8699533939361572 33
1711713640257 1.7061375379562378 34
1711713640521 1.8494758605957031 35
1711713640756 1.9303019046783447 36
1711713641023 1.718051552772522 37
1711713641293 1.6072046756744385 38
1711713641560 1.6297905445098877 39
1711713641789 1.5670037269592285 40
1711713642024 1.6750314235687256 41
1711713642288 1.4862146377563477 42
1711713642527 1.5892254114151 43
1711713642790 1.3607181310653687 44
1711713643063 1.3972523212432861 45
1711713643335 1.4945062398910522 46
1711713643564 1.3971906900405884 47
1711713643835 1.4310479164123535 48
1711713644100 1.3051931858062744 49
