1711713631247 59.343692779541016 0
1711713631519 26.021947860717773 1
1711713631791 8.279332160949707 2
1711713632061 5.352450847625732 3
1711713632331 3.8371951580047607 4
1711713632602 3.266307830810547 5
1711713632879 2.9781203269958496 6
1711713633149 2.729970932006836 7
1711713633418 2.441567897796631 8
1711713633689 2.250861406326294 9
1711713633959 2.0688982009887695 10
1711713634228 1.9315600395202637 11
1711713634497 1.864359974861145 12
1711713634775 1.7951898574829102 13
1711713635045 1.7508351802825928 14
1711713635282 1.6651906967163086 15
1711713635550 1.6054620742797852 16
1711713635823 1.5034029483795166 17
1711713636096 1.4657330513000488 18
1711713636367 1.4053784608840942 19
1711713636638 1.3967245817184448 20
1711713636872 1.3188014030456543 21
1711713637142 1.2754836082458496 22
1711713637412 1.2527912855148315 23
1711713637685 1.2619402408599854 24
1711713637921 1.2272987365722656 25
1711713638196 1.2120550870895386 26
1711713638462 1.1645194292068481 27
1711713638697 1.1277456283569336 28
1711713638965 1.0966811180114746 29
1711713639236 1.1163344383239746 30
1711713639470 1.136612057685852 31
1711713639754 1.0706843137741089 32
1711713640018 1.039312481880188 33
1711713640257 0.9928058981895447 34
1711713640521 1.0367671251296997 35
1711713640756 1.0632456541061401 36
1711713641023 0.9966498613357544 37
1711713641293 0.9637914896011353 38
1711713641560 0.9687262773513794 39
1711713641789 0.9484494924545288 40
1711713642024 0.9862290620803833 41
1711713642288 0.9272657036781311 42
1711713642527 0.9617290496826172 43
1711713642790 0.8837939500808716 44
1711713643063 0.8944180011749268 45
1711713643335 0.923596978187561 46
1711713643564 0.8946028351783752 47
1711713643835 0.9051529169082642 48
1711713644100 0.8670111298561096 49
