1711709586769 6187.72705078125 0
1711709587040 646.076904296875 1
1711709587312 142.7942657470703 2
1711709587576 86.05684661865234 3
1711709587848 54.70847702026367 4
1711709588151 37.861419677734375 5
1711709588425 28.231985092163086 6
1711709588695 22.100982666015625 7
1711709588962 19.08776092529297 8
1711709589230 16.053184509277344 9
1711709589496 13.689920425415039 10
1711709589767 11.51123332977295 11
1711709590034 9.559449195861816 12
1711709590297 7.86842679977417 13
1711709590567 6.820784568786621 14
1711709590833 5.75090217590332 15
1711709591098 5.1185126304626465 16
1711709591365 4.711549758911133 17
1711709591631 4.129659652709961 18
1711709591898 4.015895843505859 19
1711709592130 3.820620059967041 20
1711709592395 3.5585639476776123 21
1711709592662 3.4689366817474365 22
1711709592896 3.452418565750122 23
1711709593165 3.0073444843292236 24
1711709593431 2.8884477615356445 25
1711709593667 2.7789227962493896 26
1711709593974 2.6915688514709473 27
1711709594241 2.5788822174072266 28
1711709594504 2.4109292030334473 29
1711709594773 2.3808348178863525 30
1711709595039 2.2578487396240234 31
1711709595305 2.13448429107666 32
1711709595574 2.0209028720855713 33
1711709595808 1.882341742515564 34
1711709596073 1.8729618787765503 35
1711709596339 1.718929409980774 36
1711709596605 1.6869231462478638 37
1711709596872 1.465443730354309 38
1711709597139 1.397900938987732 39
1711709597373 1.52141535282135 40
1711709597639 1.3309565782546997 41
