1711709586769 60.4647331237793 0
1711709587040 18.93793487548828 1
1711709587312 8.335701942443848 2
1711709587576 6.3282318115234375 3
1711709587848 4.961671352386475 4
1711709588151 4.181479454040527 5
1711709588425 3.717954397201538 6
1711709588695 3.3842203617095947 7
1711709588962 3.1876094341278076 8
1711709589230 2.9494740962982178 9
1711709589496 2.7331607341766357 10
1711709589767 2.5016958713531494 11
1711709590034 2.2874410152435303 12
1711709590297 2.081282377243042 13
1711709590567 1.9436901807785034 14
1711709590833 1.776231288909912 15
1711709591098 1.6804438829421997 16
1711709591365 1.6219292879104614 17
1711709591631 1.5115256309509277 18
1711709591898 1.493788719177246 19
1711709592130 1.4595826864242554 20
1711709592395 1.4064764976501465 21
1711709592662 1.3896574974060059 22
1711709592896 1.399432897567749 23
1711709593165 1.286293387413025 24
1711709593431 1.2629001140594482 25
1711709593667 1.2438478469848633 26
1711709593974 1.2266253232955933 27
1711709594241 1.1992043256759644 28
1711709594504 1.157233476638794 29
1711709594773 1.1513516902923584 30
1711709595039 1.1196967363357544 31
1711709595305 1.0812214612960815 32
1711709595574 1.0596104860305786 33
1711709595808 1.0221229791641235 34
1711709596073 1.0203043222427368 35
1711709596339 0.9695314764976501 36
1711709596605 0.9616012573242188 37
1711709596872 0.8841738104820251 38
1711709597139 0.8643535375595093 39
1711709597373 0.9204995632171631 40
1711709597639 0.8506662845611572 41
