1711712243328 6621.91162109375 0
1711712243606 888.8555297851562 1
1711712243883 143.56663513183594 2
1711712244153 80.56370544433594 3
1711712244422 48.82156753540039 4
1711712244687 30.878822326660156 5
1711712244955 21.64659309387207 6
1711712245222 17.632089614868164 7
1711712245492 14.544495582580566 8
1711712245764 12.84129524230957 9
1711712246029 11.143921852111816 10
1711712246301 9.842880249023438 11
1711712246567 8.869465827941895 12
1711712246838 7.6947021484375 13
1711712247103 7.016026973724365 14
1711712247395 6.397032260894775 15
1711712247667 5.680166721343994 16
1711712247954 5.223947525024414 17
1711712248225 4.751832485198975 18
1711712248504 4.541746616363525 19
1711712248772 4.331736087799072 20
1711712249042 4.126626014709473 21
1711712249277 3.654634714126587 22
1711712249542 3.510484218597412 23
1711712249813 3.1700220108032227 24
1711712250044 2.861550807952881 25
1711712250314 2.7331037521362305 26
1711712250583 2.390197515487671 27
1711712250848 2.1918442249298096 28
1711712251120 2.166947603225708 29
1711712251351 2.178546667098999 30
1711712251674 1.8206052780151367 31
1711712251927 1.7310142517089844 32
1711712252197 1.7064073085784912 33
1711712252427 1.7328269481658936 34
1711712252694 1.4299347400665283 35
1711712252966 1.4320142269134521 36
1711712253238 1.170957088470459 37
1711712253504 1.1569205522537231 38
1711712253734 1.1364943981170654 39
1711712254000 1.0308529138565063 40
1711712254270 0.9575806856155396 41
1711712254540 0.8637930154800415 42
1711712254775 0.9542587399482727 43
1711712255039 0.8887657523155212 44
1711712255274 0.9820140600204468 45
1711712255541 0.8938034176826477 46
1711712255773 0.6839186549186707 47
1711712256044 0.6427156329154968 48
1711712256311 0.6366598606109619 49
