1711712243328 62.75100326538086 0
1711712243606 23.050214767456055 1
1711712243883 8.292649269104004 2
1711712244153 5.996450901031494 3
1711712244422 4.671277046203613 4
1711712244687 3.8087918758392334 5
1711712244955 3.3115670680999756 6
1711712245222 3.0588223934173584 7
1711712245492 2.8126139640808105 8
1711712245764 2.650770425796509 9
1711712246029 2.473437547683716 10
1711712246301 2.333535671234131 11
1711712246567 2.210413932800293 12
1711712246838 2.059967517852783 13
1711712247103 1.9698429107666016 14
1711712247395 1.8856537342071533 15
1711712247667 1.7825384140014648 16
1711712247954 1.69725501537323 17
1711712248225 1.6262863874435425 18
1711712248504 1.5865520238876343 19
1711712248772 1.5492815971374512 20
1711712249042 1.513676404953003 21
1711712249277 1.414994478225708 22
1711712249542 1.3905023336410522 23
1711712249813 1.3179198503494263 24
1711712250044 1.2497066259384155 25
1711712250314 1.2263706922531128 26
1711712250583 1.1451971530914307 27
1711712250848 1.0967472791671753 28
1711712251120 1.0903888940811157 29
1711712251351 1.1022589206695557 30
1711712251674 1.0011566877365112 31
1711712251927 0.9735906720161438 32
1711712252197 0.9741173386573792 33
1711712252427 0.9901081323623657 34
1711712252694 0.8953109979629517 35
1711712252966 0.8976306319236755 36
1711712253238 0.802390992641449 37
1711712253504 0.8026080131530762 38
1711712253734 0.798181414604187 39
1711712254000 0.7600714564323425 40
1711712254270 0.7327320575714111 41
1711712254540 0.6960279941558838 42
1711712254775 0.7341359257698059 43
1711712255039 0.7056416273117065 44
1711712255274 0.7494710683822632 45
1711712255541 0.7194658517837524 46
1711712255773 0.62394779920578 47
1711712256044 0.6043875217437744 48
1711712256311 0.5981014966964722 49
