1711958246299 5442.6220703125 0
1711958246566 701.9253540039062 1
1711958246833 142.87115478515625 2
1711958247094 79.10165405273438 3
1711958247356 47.98794937133789 4
1711958247615 33.577674865722656 5
1711958247956 26.00490951538086 6
1711958248309 20.413619995117188 7
1711958248641 16.347837448120117 8
1711958248917 13.126047134399414 9
1711958249216 10.280950546264648 10
1711958249477 8.282567024230957 11
1711958249744 6.949007987976074 12
1711958250021 5.973475933074951 13
1711958250295 5.247988224029541 14
1711958250563 4.70659065246582 15
1711958250826 4.221555233001709 16
1711958251113 3.8770384788513184 17
1711958251381 3.7312393188476562 18
1711958251639 3.3663206100463867 19
1711958251904 2.9676156044006348 20
1711958252195 2.764174699783325 21
1711958252467 2.5279228687286377 22
1711958252731 2.449540376663208 23
1711958252994 2.3130857944488525 24
1711958253351 1.9952116012573242 25
1711958253665 1.8867000341415405 26
1711958253933 1.7996293306350708 27
1711958254166 1.600834608078003 28
1711958254457 1.4903724193572998 29
1711958254730 1.4078997373580933 30
1711958254960 1.533052921295166 31
1711958255226 1.1245685815811157 32
1711958255460 1.1382722854614258 33
1711958255795 1.099166989326477 34
1711958256090 1.0042110681533813 35
1711958256371 0.9834274053573608 36
1711958256704 0.9930421113967896 37
1711958257001 0.8527708649635315 38
1711958257261 0.8133083581924438 39
1711958257544 0.8069543838500977 40
1711958257875 0.7183488011360168 41
1711958258138 0.8290223479270935 42
1711958258539 0.6994006037712097 43
