1711958246299 55.81309127807617 0
1711958246566 20.577543258666992 1
1711958246833 8.088866233825684 2
1711958247094 5.730963706970215 3
1711958247356 4.49819803237915 4
1711958247615 3.92668080329895 5
1711958247956 3.585891008377075 6
1711958248309 3.207345485687256 7
1711958248641 2.890242099761963 8
1711958248917 2.6014328002929688 9
1711958249216 2.3055357933044434 10
1711958249477 2.071213483810425 11
1711958249744 1.9100608825683594 12
1711958250021 1.7907049655914307 13
1711958250295 1.6794970035552979 14
1711958250563 1.6100400686264038 15
1711958250826 1.5278637409210205 16
1711958251113 1.4654675722122192 17
1711958251381 1.4472368955612183 18
1711958251639 1.3749979734420776 19
1711958251904 1.2915955781936646 20
1711958252195 1.2448817491531372 21
1711958252467 1.1910914182662964 22
1711958252731 1.1852346658706665 23
1711958252994 1.1506781578063965 24
1711958253351 1.0611000061035156 25
1711958253665 1.0336347818374634 26
1711958253933 1.0157341957092285 27
1711958254166 0.9562448263168335 28
1711958254457 0.922476589679718 29
1711958254730 0.9005279541015625 30
1711958254960 0.9460098147392273 31
1711958255226 0.8019234538078308 32
1711958255460 0.8027837872505188 33
1711958255795 0.8032814264297485 34
1711958256090 0.7603092789649963 35
1711958256371 0.7517428994178772 36
1711958256704 0.7637637257575989 37
1711958257001 0.7070577144622803 38
1711958257261 0.6861382722854614 39
1711958257544 0.6866210699081421 40
1711958257875 0.6456479430198669 41
1711958258138 0.6954602003097534 42
1711958258539 0.6391178369522095 43
