1711714162756 61.313079833984375 0
1711714163032 20.449037551879883 1
1711714163305 7.872399806976318 2
1711714163575 5.913259506225586 3
1711714163845 4.699752330780029 4
1711714164116 3.9568114280700684 5
1711714164385 3.519014596939087 6
1711714164661 3.195725202560425 7
1711714164926 2.8955862522125244 8
1711714165196 2.6193153858184814 9
1711714165514 2.3282697200775146 10
1711714165785 2.0813775062561035 11
1711714166054 1.8750437498092651 12
1711714166294 1.6710432767868042 13
1711714166563 1.54667067527771 14
1711714166830 1.4866282939910889 15
1711714167104 1.3948707580566406 16
1711714167369 1.3147799968719482 17
1711714167640 1.2608084678649902 18
1711714167909 1.1864275932312012 19
1711714168179 1.14613676071167 20
1711714168446 1.1272896528244019 21
1711714168714 1.0517412424087524 22
1711714168985 1.0864673852920532 23
1711714169255 1.0021326541900635 24
1711714169522 0.9597081542015076 25
1711714169764 0.9476077556610107 26
1711714170030 0.9342970848083496 27
1711714170299 0.9219940304756165 28
1711714170536 0.8769060373306274 29
1711714170810 0.8364906311035156 30
1711714171080 0.8749418258666992 31
1711714171311 0.7807571291923523 32
1711714171578 0.774232804775238 33
1711714171846 0.7735118269920349 34
1711714172165 0.7175129055976868 35
1711714172430 0.7394028306007385 36
1711714172708 0.7123552560806274 37
1711714172998 0.70328688621521 38
1711714173234 0.7252681851387024 39
