1711714162756 6333.01171875 0
1711714163032 718.10498046875 1
1711714163305 130.3758544921875 2
1711714163575 78.75314331054688 3
1711714163845 50.36703109741211 4
1711714164116 34.331382751464844 5
1711714164385 25.632051467895508 6
1711714164661 20.5383358001709 7
1711714164926 16.694082260131836 8
1711714165196 13.708942413330078 9
1711714165514 10.7562894821167 10
1711714165785 8.566573143005371 11
1711714166054 6.882866859436035 12
1711714166294 5.4995198249816895 13
1711714166563 4.625264644622803 14
1711714166830 4.185448169708252 15
1711714167104 3.6263492107391357 16
1711714167369 3.215433120727539 17
1711714167640 2.944617748260498 18
1711714167909 2.6182382106781006 19
1711714168179 2.4284188747406006 20
1711714168446 2.318682909011841 21
1711714168714 2.034008264541626 22
1711714168985 2.1248843669891357 23
1711714169255 1.8221663236618042 24
1711714169522 1.673608422279358 25
1711714169764 1.6208568811416626 26
1711714170030 1.5740128755569458 27
1711714170299 1.5070030689239502 28
1711714170536 1.3634217977523804 29
1711714170810 1.25663423538208 30
1711714171080 1.3479288816452026 31
1711714171311 1.0879783630371094 32
1711714171578 1.070703387260437 33
1711714171846 1.0595712661743164 34
1711714172165 0.9127795696258545 35
1711714172430 0.951799213886261 36
1711714172708 0.8912864923477173 37
1711714172998 0.8571979999542236 38
1711714173234 0.914394736289978 39
