1711714663080 6151.74267578125 0
1711714663359 915.8387451171875 1
1711714663634 167.00347900390625 2
1711714663906 99.28900909423828 3
1711714664182 63.593711853027344 4
1711714664451 42.760650634765625 5
1711714664720 30.199039459228516 6
1711714664990 23.049518585205078 7
1711714665264 18.81995964050293 8
1711714665536 15.686264991760254 9
1711714665809 13.429635047912598 10
1711714666084 11.927903175354004 11
1711714666352 10.398619651794434 12
1711714666621 9.527056694030762 13
1711714666861 8.726789474487305 14
1711714667132 7.876686096191406 15
1711714667369 7.494699001312256 16
1711714667640 6.803529739379883 17
1711714667912 6.565730571746826 18
1711714668184 6.208524703979492 19
1711714668456 6.127595901489258 20
1711714668689 5.868853569030762 21
1711714668959 5.875294208526611 22
1711714669230 5.481100082397461 23
1711714669514 5.363157272338867 24
1711714669785 4.983460903167725 25
1711714670054 4.823436737060547 26
1711714670296 4.653632640838623 27
1711714670563 4.493381023406982 28
1711714670835 4.168665409088135 29
1711714671105 4.2184739112854 30
1711714671375 4.176483154296875 31
1711714671616 3.8574955463409424 32
1711714671882 3.70351243019104 33
1711714672119 3.6253466606140137 34
1711714672389 3.4204492568969727 35
1711714672660 3.2602522373199463 36
1711714672929 3.044787883758545 37
1711714673200 2.93544602394104 38
1711714673436 2.8005478382110596 39
1711714673707 2.7141950130462646 40
1711714673943 2.598527431488037 41
1711714674219 2.3615562915802 42
1711714674489 2.1724019050598145 43
1711714674759 1.9233107566833496 44
1711714675028 1.7681492567062378 45
1711714675269 1.6427026987075806 46
1711714675535 1.6624690294265747 47
1711714675772 1.4546717405319214 48
1711714676043 1.3660061359405518 49
