1711714663080 60.44157028198242 0
1711714663359 23.98870849609375 1
1711714663634 9.276686668395996 2
1711714663906 6.878391742706299 3
1711714664182 5.3197479248046875 4
1711714664451 4.364501476287842 5
1711714664720 3.7611424922943115 6
1711714664990 3.3653719425201416 7
1711714665264 3.0864551067352295 8
1711714665536 2.8496792316436768 9
1711714665809 2.6238174438476562 10
1711714666084 2.488346576690674 11
1711714666352 2.3222193717956543 12
1711714666621 2.2386221885681152 13
1711714666861 2.1603567600250244 14
1711714667132 2.057701826095581 15
1711714667369 2.0106091499328613 16
1711714667640 1.9081201553344727 17
1711714667912 1.8783290386199951 18
1711714668184 1.8277775049209595 19
1711714668456 1.8191286325454712 20
1711714668689 1.7805651426315308 21
1711714668959 1.7933827638626099 22
1711714669230 1.7267576456069946 23
1711714669514 1.6974319219589233 24
1711714669785 1.6374796628952026 25
1711714670054 1.6025803089141846 26
1711714670296 1.5797324180603027 27
1711714670563 1.5524884462356567 28
1711714670835 1.4808540344238281 29
1711714671105 1.5102299451828003 30
1711714671375 1.5091897249221802 31
1711714671616 1.4328824281692505 32
1711714671882 1.402575969696045 33
1711714672119 1.389465093612671 34
1711714672389 1.350276231765747 35
1711714672660 1.314082384109497 36
1711714672929 1.26172935962677 37
1711714673200 1.2454289197921753 38
1711714673436 1.225315809249878 39
1711714673707 1.206205129623413 40
1711714673943 1.1861249208450317 41
1711714674219 1.1230173110961914 42
1711714674489 1.0794528722763062 43
1711714674759 1.0121012926101685 44
1711714675028 0.9712940454483032 45
1711714675269 0.942679226398468 46
1711714675535 0.9582793116569519 47
1711714675772 0.891706109046936 48
1711714676043 0.8603780269622803 49
