1711712340448 57.04851531982422 0
1711712340723 16.51011848449707 1
1711712340997 7.802731037139893 2
1711712341270 5.543291091918945 3
1711712341541 4.319326877593994 4
1711712341806 3.6821529865264893 5
1711712342077 3.3246865272521973 6
1711712342345 3.093350648880005 7
1711712342615 2.9053685665130615 8
1711712342883 2.7201478481292725 9
1711712343157 2.567025661468506 10
1711712343422 2.3862364292144775 11
1711712343772 2.2275853157043457 12
1711712344046 2.120974063873291 13
1711712344317 2.0027544498443604 14
1711712344583 1.9104430675506592 15
1711712344853 1.789892315864563 16
1711712345125 1.674349308013916 17
1711712345355 1.580478310585022 18
1711712345627 1.4685781002044678 19
1711712345896 1.3912971019744873 20
1711712346165 1.342553734779358 21
1711712346396 1.2764371633529663 22
1711712346665 1.2305026054382324 23
