1711712340448 5610.83349609375 0
1711712340723 495.818603515625 1
1711712340997 129.6118927001953 2
1711712341270 72.46216583251953 3
1711712341541 43.64982223510742 4
1711712341806 29.314163208007812 5
1711712342077 22.389211654663086 6
1711712342345 18.719594955444336 7
1711712342615 16.1823787689209 8
1711712342883 14.036046981811523 9
1711712343157 12.344453811645508 10
1711712343422 10.751985549926758 11
1711712343772 9.33598804473877 12
1711712344046 8.361433029174805 13
1711712344317 7.452444553375244 14
1711712344583 6.714037895202637 15
1711712344853 5.863734722137451 16
1711712345125 5.104191303253174 17
1711712345355 4.459282875061035 18
1711712345627 3.8236775398254395 19
1711712345896 3.4087226390838623 20
1711712346165 3.141655921936035 21
1711712346396 2.836573362350464 22
1711712346665 2.631490707397461 23
