1711709110367 5539.76123046875 0
1711709110640 494.0338134765625 1
1711709110912 135.77577209472656 2
1711709111180 78.09819030761719 3
1711709111450 46.8916130065918 4
1711709111717 29.184465408325195 5
1711709111987 20.332836151123047 6
1711709112254 15.520733833312988 7
1711709112527 12.645267486572266 8
1711709112795 10.955286979675293 9
1711709113092 9.550081253051758 10
1711709113361 8.406033515930176 11
1711709113631 7.588460445404053 12
1711709113899 7.028418064117432 13
1711709114180 6.278840065002441 14
1711709114446 5.8340020179748535 15
1711709114716 5.637841701507568 16
1711709115004 5.256287097930908 17
1711709115237 5.123547554016113 18
1711709115500 4.923025131225586 19
1711709115770 4.689387798309326 20
1711709116003 4.6685333251953125 21
1711709116269 4.371606349945068 22
1711709116501 4.184237957000732 23
1711709116766 4.197774887084961 24
1711709117027 3.851980447769165 25
1711709117296 3.311081647872925 26
1711709117568 2.9436726570129395 27
1711709117834 2.5926156044006348 28
1711709118101 2.3507094383239746 29
1711709118368 2.059596300125122 30
1711709118599 1.8753328323364258 31
1711709118862 1.7980488538742065 32
1711709119131 1.7061916589736938 33
1711709119363 1.6454216241836548 34
1711709119630 1.5049649477005005 35
1711709119863 1.4741268157958984 36
1711709120141 1.3863071203231812 37
1711709120380 1.3093570470809937 38
1711709120644 1.3613431453704834 39
