1711709110367 56.60676574707031 0
1711709110640 16.487701416015625 1
1711709110912 8.234627723693848 2
1711709111180 5.9188032150268555 3
1711709111450 4.521888256072998 4
1711709111717 3.6085586547851562 5
1711709111987 3.090104818344116 6
1711709112254 2.737945556640625 7
1711709112527 2.5008835792541504 8
1711709112795 2.3507468700408936 9
1711709113092 2.204803943634033 10
1711709113361 2.089892625808716 11
1711709113631 1.9924627542495728 12
1711709113899 1.9251446723937988 13
1711709114180 1.8207440376281738 14
1711709114446 1.7568923234939575 15
1711709114716 1.735254168510437 16
1711709115004 1.668311595916748 17
1711709115237 1.6564286947250366 18
1711709115500 1.63180410861969 19
1711709115770 1.590605616569519 20
1711709116003 1.5949572324752808 21
1711709116269 1.5445438623428345 22
1711709116501 1.5072985887527466 23
1711709116766 1.5187138319015503 24
1711709117027 1.4491533041000366 25
1711709117296 1.3392186164855957 26
1711709117568 1.2676692008972168 27
1711709117834 1.1893181800842285 28
1711709118101 1.1388018131256104 29
1711709118368 1.0576446056365967 30
1711709118599 1.0092709064483643 31
1711709118862 0.992411196231842 32
1711709119131 0.968938410282135 33
1711709119363 0.9568727612495422 34
1711709119630 0.9121586084365845 35
1711709119863 0.9099453687667847 36
1711709120141 0.8821793794631958 37
1711709120380 0.8541009426116943 38
1711709120644 0.8761106133460999 39
