1711707946321 5905.25390625 0
1711707946593 500.2817687988281 1
1711707946861 105.07247161865234 2
1711707947123 54.73195266723633 3
1711707947389 31.66544532775879 4
1711707947656 21.1491756439209 5
1711707947921 15.44534969329834 6
1711707948190 11.54666805267334 7
1711707948457 9.113988876342773 8
1711707948766 7.752732753753662 9
1711707949039 6.426965713500977 10
1711707949304 5.913763999938965 11
1711707949532 5.068222999572754 12
1711707949798 4.5814528465271 13
1711707950027 4.036859512329102 14
1711707950290 3.883352756500244 15
1711707950553 3.4800162315368652 16
1711707950816 3.367161273956299 17
1711707951080 3.4430644512176514 18
1711707951343 3.0205419063568115 19
1711707951605 2.871143102645874 20
1711707951836 2.708388328552246 21
1711707952100 2.7355427742004395 22
1711707952378 2.440810441970825 23
1711707952614 2.251525402069092 24
1711707952874 2.1899213790893555 25
1711707953162 2.116408586502075 26
1711707953425 1.9589481353759766 27
1711707953664 1.8702459335327148 28
1711707953931 1.8250153064727783 29
1711707954160 1.7165242433547974 30
1711707954422 1.6446090936660767 31
1711707954683 1.7134652137756348 32
1711707954917 1.5166890621185303 33
1711707955180 1.4708595275878906 34
1711707955411 1.3264479637145996 35
1711707955673 1.3718063831329346 36
1711707955990 1.1936726570129395 37
1711707956263 1.1512926816940308 38
1711707956529 1.094414234161377 39
1711707956790 0.956514298915863 40
1711707957052 1.0576255321502686 41
1711707957319 0.9485065937042236 42
1711707957549 0.9007540941238403 43
1711707957809 0.869601309299469 44
1711707958041 0.851711094379425 45
1711707958312 0.8519191145896912 46
1711707958574 0.7827622294425964 47
1711707958840 0.7119908928871155 48
1711707959158 0.7652852535247803 49
