1711707946321 58.35237503051758 0
1711707946593 16.390506744384766 1
1711707946861 6.720400333404541 2
1711707947123 4.603074550628662 3
1711707947389 3.5664315223693848 4
1711707947656 3.0476105213165283 5
1711707947921 2.685600996017456 6
1711707948190 2.3318822383880615 7
1711707948457 2.0897815227508545 8
1711707948766 1.9496232271194458 9
1711707949039 1.7881896495819092 10
1711707949304 1.751287817955017 11
1711707949532 1.6143172979354858 12
1711707949798 1.555727243423462 13
1711707950027 1.4637774229049683 14
1711707950290 1.448393702507019 15
1711707950553 1.378595232963562 16
1711707950816 1.3630822896957397 17
1711707951080 1.4000122547149658 18
1711707951343 1.2983874082565308 19
1711707951605 1.2602585554122925 20
1711707951836 1.2293438911437988 21
1711707952100 1.2378203868865967 22
1711707952378 1.165114402770996 23
1711707952614 1.121097207069397 24
1711707952874 1.1077162027359009 25
1711707953162 1.0937339067459106 26
1711707953425 1.0448980331420898 27
1711707953664 1.0219148397445679 28
1711707953931 1.016785740852356 29
1711707954160 0.9829393625259399 30
1711707954422 0.9612544775009155 31
1711707954683 0.9889764189720154 32
1711707954917 0.9245045781135559 33
1711707955180 0.9170058369636536 34
1711707955411 0.8653437495231628 35
1711707955673 0.8870980739593506 36
1711707955990 0.825596809387207 37
1711707956263 0.8098448514938354 38
1711707956529 0.7904449105262756 39
1711707956790 0.735104501247406 40
1711707957052 0.7834938168525696 41
1711707957319 0.7347735166549683 42
1711707957549 0.719034731388092 43
1711707957809 0.705769956111908 44
1711707958041 0.7036905884742737 45
1711707958312 0.7002827525138855 46
1711707958574 0.6739645600318909 47
1711707958840 0.6385323405265808 48
1711707959158 0.6667444109916687 49
