1711957990932 6096.205078125 0
1711957991205 878.2616577148438 1
1711957991479 142.922607421875 2
1711957991774 69.62704467773438 3
1711957992042 39.225772857666016 4
1711957992311 23.55084228515625 5
1711957992586 16.80220603942871 6
1711957992854 12.41285228729248 7
1711957993121 9.686355590820312 8
1711957993389 7.81003999710083 9
1711957993656 6.548020839691162 10
1711957993979 5.5917158126831055 11
1711957994244 4.863511085510254 12
1711957994515 4.102880001068115 13
1711957994780 3.538576364517212 14
1711957995059 3.198185682296753 15
1711957995330 2.860995292663574 16
1711957995598 2.6372036933898926 17
1711957995835 2.3508946895599365 18
1711957996101 2.240628719329834 19
1711957996335 2.093853235244751 20
1711957996612 1.8364648818969727 21
1711957996848 1.7820526361465454 22
1711957997114 1.6395080089569092 23
1711957997347 1.6820918321609497 24
1711957997614 1.4595097303390503 25
1711957997848 1.4340211153030396 26
1711957998116 1.4086428880691528 27
1711957998351 1.3332089185714722 28
1711957998584 1.3171401023864746 29
1711957998851 1.276361346244812 30
1711957999085 1.1122751235961914 31
1711957999416 1.1425708532333374 32
1711957999705 1.0274603366851807 33
1711957999943 0.9431057572364807 34
1711958000212 0.9951396584510803 35
1711958000488 1.0433192253112793 36
1711958000755 1.0186841487884521 37
1711958000992 1.0126464366912842 38
1711958001259 0.8982341289520264 39
1711958001736 0.867262601852417 40
1711958002006 0.7838913798332214 41
1711958002272 0.826395571231842 42
1711958002511 0.9256179928779602 43
1711958002842 0.8700761795043945 44
1711958003115 0.7468132376670837 45
1711958003354 0.9442813396453857 46
1711958003597 0.8596086502075195 47
