1711957990932 60.178592681884766 0
1711957991205 23.01436424255371 1
1711957991479 8.477246284484863 2
1711957991774 5.555907249450684 3
1711957992042 4.159113883972168 4
1711957992311 3.3213415145874023 5
1711957992586 2.8823142051696777 6
1711957992854 2.495914936065674 7
1711957993121 2.2162976264953613 8
1711957993389 2.003486394882202 9
1711957993656 1.8500473499298096 10
1711957993979 1.724060297012329 11
1711957994244 1.608209252357483 12
1711957994515 1.4834580421447754 13
1711957994780 1.3697762489318848 14
1711957995059 1.3162922859191895 15
1711957995330 1.2461212873458862 16
1711957995598 1.205161690711975 17
1711957995835 1.134719729423523 18
1711957996101 1.1140286922454834 19
1711957996335 1.0762648582458496 20
1711957996612 0.9972397089004517 21
1711957996848 0.9900863766670227 22
1711957997114 0.9549171924591064 23
1711957997347 0.9665172100067139 24
1711957997614 0.9023012518882751 25
1711957997848 0.8899198174476624 26
1711957998116 0.8833117485046387 27
1711957998351 0.8616291284561157 28
1711957998584 0.8607075214385986 29
1711957998851 0.8483639359474182 30
1711957999085 0.7924805879592896 31
1711957999416 0.8034526705741882 32
1711957999705 0.7616368532180786 33
1711957999943 0.7283810973167419 34
1711958000212 0.7511587738990784 35
1711958000488 0.7732369899749756 36
1711958000755 0.7643600702285767 37
1711958000992 0.7650867104530334 38
1711958001259 0.718152642250061 39
1711958001736 0.7106147408485413 40
1711958002006 0.6695098876953125 41
1711958002272 0.6910176277160645 42
1711958002511 0.7340465188026428 43
1711958002842 0.711646318435669 44
1711958003115 0.6569101810455322 45
1711958003354 0.7416330575942993 46
1711958003597 0.7104788422584534 47
