1711714731224 5914.68701171875 0
1711714731502 671.281494140625 1
1711714731771 126.85381317138672 2
1711714732039 70.47992706298828 3
1711714732310 37.1935920715332 4
1711714732579 24.39432144165039 5
1711714732853 18.528018951416016 6
1711714733120 15.09723949432373 7
1711714733389 12.547165870666504 8
1711714733717 10.990453720092773 9
1711714733989 9.1580810546875 10
1711714734271 8.136367797851562 11
1711714734540 7.006980895996094 12
1711714734809 6.3948540687561035 13
1711714735079 5.758607387542725 14
1711714735350 5.264425277709961 15
1711714735626 4.84127140045166 16
1711714735892 4.425769805908203 17
1711714736169 4.473524570465088 18
1711714736439 3.9623517990112305 19
1711714736707 3.819218397140503 20
1711714736943 3.484642744064331 21
1711714737214 3.2955996990203857 22
1711714737447 3.1681487560272217 23
1711714737720 2.973935127258301 24
1711714737986 2.925731897354126 25
1711714738223 2.7044739723205566 26
1711714738496 2.7654225826263428 27
1711714738764 2.588010787963867 28
1711714738996 2.640465259552002 29
1711714739266 2.3093631267547607 30
1711714739535 2.398587942123413 31
1711714739804 2.153381586074829 32
1711714740043 2.089167594909668 33
1711714740312 2.212369918823242 34
1711714740588 2.1262454986572266 35
1711714740819 1.9186447858810425 36
1711714741092 1.8627557754516602 37
1711714741329 1.936895489692688 38
1711714741599 1.7272526025772095 39
1711714741905 1.6279467344284058 40
1711714742204 1.6296073198318481 41
1711714742435 1.6581051349639893 42
1711714742703 1.6528940200805664 43
1711714742985 1.462186336517334 44
1711714743223 1.4857405424118042 45
1711714743513 1.5008596181869507 46
1711714743782 1.3901312351226807 47
1711714744026 1.2901933193206787 48
1711714744303 1.256169080734253 49
