1711714731224 58.714271545410156 0
1711714731502 19.517793655395508 1
1711714731771 7.780274868011475 2
1711714732039 5.701651096343994 3
1711714732310 4.0395050048828125 4
1711714732579 3.339472770690918 5
1711714732853 2.993182420730591 6
1711714733120 2.7432587146759033 7
1711714733389 2.5183920860290527 8
1711714733717 2.38637113571167 9
1711714733989 2.1626715660095215 10
1711714734271 2.0508861541748047 11
1711714734540 1.8975945711135864 12
1711714734809 1.8350070714950562 13
1711714735079 1.7478926181793213 14
1711714735350 1.6838929653167725 15
1711714735626 1.6138663291931152 16
1711714735892 1.5555607080459595 17
1711714736169 1.5804635286331177 18
1711714736439 1.473447561264038 19
1711714736707 1.4626431465148926 20
1711714736943 1.391262412071228 21
1711714737214 1.355169415473938 22
1711714737447 1.332262635231018 23
1711714737720 1.2914984226226807 24
1711714737986 1.2856069803237915 25
1711714738223 1.236228585243225 26
1711714738496 1.2526434659957886 27
1711714738764 1.2077149152755737 28
1711714738996 1.2242809534072876 29
1711714739266 1.137084722518921 30
1711714739535 1.1716549396514893 31
1711714739804 1.1002399921417236 32
1711714740043 1.0876398086547852 33
1711714740312 1.1253808736801147 34
1711714740588 1.0999424457550049 35
1711714740819 1.0411107540130615 36
1711714741092 1.0300748348236084 37
1711714741329 1.0571954250335693 38
1711714741599 0.9907718896865845 39
1711714741905 0.9606699347496033 40
1711714742204 0.9636631011962891 41
1711714742435 0.9727230072021484 42
1711714742703 0.973593533039093 43
1711714742985 0.9115898609161377 44
1711714743223 0.9231748580932617 45
1711714743513 0.9309769868850708 46
1711714743782 0.8883677124977112 47
1711714744026 0.8592854738235474 48
1711714744303 0.8466758728027344 49
