1711713999198 58.956756591796875 0
1711713999472 16.8985538482666 1
1711713999744 7.905083656311035 2
1711714000014 5.898714065551758 3
1711714000283 4.824202060699463 4
1711714000552 4.086094379425049 5
1711714000821 3.627068281173706 6
1711714001092 3.2319512367248535 7
1711714001359 2.8895859718322754 8
1711714001624 2.5662572383880615 9
1711714001891 2.320227861404419 10
1711714002162 2.1682395935058594 11
1711714002432 2.012042760848999 12
1711714002703 1.9037573337554932 13
1711714002971 1.8324190378189087 14
1711714003240 1.7783012390136719 15
1711714003511 1.7263989448547363 16
1711714003843 1.6827389001846313 17
1711714004090 1.6349657773971558 18
1711714004359 1.5773401260375977 19
1711714004628 1.5371789932250977 20
1711714004896 1.5048192739486694 21
1711714005138 1.4602547883987427 22
1711714005408 1.4516416788101196 23
1711714005644 1.4045475721359253 24
1711714005912 1.3666210174560547 25
1711714006151 1.3015121221542358 26
1711714006420 1.2812634706497192 27
1711714006689 1.2506791353225708 28
1711714006960 1.2047011852264404 29
1711714007226 1.1750686168670654 30
1711714007462 1.1726486682891846 31
1711714007730 1.0687192678451538 32
1711714007998 1.0422319173812866 33
1711714008236 0.9792015552520752 34
1711714008503 0.9476165771484375 35
1711714008776 0.9508787989616394 36
1711714009007 0.9247750639915466 37
1711714009278 0.8932306170463562 38
1711714009548 0.8565020561218262 39
1711714009816 0.8364447355270386 40
1711714010086 0.8196420669555664 41
1711714010320 0.7941344380378723 42
1711714010629 0.786501944065094 43
1711714010922 0.7718992829322815 44
1711714011157 0.7501036524772644 45
1711714011424 0.7412106990814209 46
1711714011664 0.7382403016090393 47
1711714011929 0.8000639081001282 48
