1711713999198 5937.38671875 0
1711713999472 533.197998046875 1
1711713999744 125.9498291015625 2
1711714000014 75.45999145507812 3
1711714000283 50.13691329956055 4
1711714000552 35.532081604003906 5
1711714000821 26.881603240966797 6
1711714001092 20.956945419311523 7
1711714001359 16.734189987182617 8
1711714001624 13.30831527709961 9
1711714001891 10.803162574768066 10
1711714002162 9.22563648223877 11
1711714002432 7.896047592163086 12
1711714002703 6.967679977416992 13
1711714002971 6.337660789489746 14
1711714003240 5.898937702178955 15
1711714003511 5.4908366203308105 16
1711714003843 5.139645099639893 17
1711714004090 4.833696365356445 18
1711714004359 4.516841411590576 19
1711714004628 4.261332035064697 20
1711714004896 4.051125526428223 21
1711714005138 3.8014116287231445 22
1711714005408 3.7083635330200195 23
1711714005644 3.478586435317993 24
1711714005912 3.279507637023926 25
1711714006151 3.0073297023773193 26
1711714006420 2.88859224319458 27
1711714006689 2.7510852813720703 28
1711714006960 2.5339291095733643 29
1711714007226 2.3915841579437256 30
1711714007462 2.3924596309661865 31
1711714007730 2.030015468597412 32
1711714007998 1.9077268838882446 33
1711714008236 1.7207969427108765 34
1711714008503 1.6057250499725342 35
1711714008776 1.594687819480896 36
1711714009007 1.5063579082489014 37
1711714009278 1.4300332069396973 38
1711714009548 1.3117012977600098 39
1711714009816 1.2400509119033813 40
1711714010086 1.19403874874115 41
1711714010320 1.1186339855194092 42
1711714010629 1.1006033420562744 43
1711714010922 1.054573893547058 44
1711714011157 1.0033339262008667 45
1711714011424 0.9777459502220154 46
1711714011664 0.9710756540298462 47
1711714011929 1.0942692756652832 48
