1711958999755 57.5229377746582 0
1711959000028 18.19748878479004 1
1711959000294 7.432700157165527 2
1711959000556 5.51243782043457 3
1711959000818 4.410182952880859 4
1711959001085 3.7690839767456055 5
1711959001350 3.2515835762023926 6
1711959001612 2.9145610332489014 7
1711959001874 2.4947850704193115 8
1711959002135 2.200244903564453 9
1711959002399 1.897857666015625 10
1711959002667 1.6900616884231567 11
1711959002929 1.5355560779571533 12
1711959003190 1.4670311212539673 13
1711959003452 1.371951937675476 14
1711959003680 1.364314317703247 15
1711959003940 1.3356305360794067 16
1711959004201 1.2816438674926758 17
1711959004462 1.215273141860962 18
1711959004688 1.184174656867981 19
1711959004948 1.1800339221954346 20
