1711958999755 5657.48046875 0
1711959000028 599.5730590820312 1
1711959000294 119.66703033447266 2
1711959000556 70.48046112060547 3
1711959000818 44.718597412109375 4
1711959001085 30.947925567626953 5
1711959001350 22.18316650390625 6
1711959001612 17.022315979003906 7
1711959001874 12.668563842773438 8
1711959002135 9.817779541015625 9
1711959002399 7.3067626953125 10
1711959002667 5.794518947601318 11
1711959002929 4.712394714355469 12
1711959003190 4.137600898742676 13
1711959003452 3.596292018890381 14
1711959003680 3.440173387527466 15
1711959003940 3.2366340160369873 16
1711959004201 2.962026357650757 17
1711959004462 2.679814338684082 18
1711959004688 2.524561882019043 19
1711959004948 2.4840567111968994 20
