1711710743437 5830.81494140625 0
1711710743710 861.514892578125 1
1711710743983 149.69854736328125 2
1711710744245 81.1093978881836 3
1711710744514 50.496971130371094 4
1711710744786 34.78571701049805 5
1711710745057 25.553932189941406 6
1711710745325 18.83911895751953 7
1711710745592 15.806173324584961 8
1711710745863 13.000701904296875 9
1711710746128 11.241296768188477 10
1711710746400 9.509058952331543 11
1711710746666 8.39297103881836 12
1711710746956 7.396090507507324 13
1711710747225 6.517087936401367 14
1711710747493 5.6836018562316895 15
1711710747761 5.039775371551514 16
1711710748030 4.724549293518066 17
1711710748299 4.278625011444092 18
1711710748568 4.034108638763428 19
1711710748834 3.815048933029175 20
1711710749103 3.3293299674987793 21
1711710749372 3.11517596244812 22
1711710749641 3.050859212875366 23
1711710749914 2.5985093116760254 24
1711710750183 2.4898440837860107 25
1711710750450 2.2211196422576904 26
1711710750681 2.1345016956329346 27
1711710750914 2.022266149520874 28
1711710751184 1.7295379638671875 29
1711710751449 1.53236722946167 30
1711710751683 1.4630964994430542 31
1711710751946 1.447952389717102 32
1711710752215 1.2918230295181274 33
1711710752485 1.168471336364746 34
1711710752720 1.1500604152679443 35
1711710752988 1.0351604223251343 36
1711710753256 0.9184684157371521 37
1711710753490 0.9518802762031555 38
1711710753757 0.82453453540802 39
1711710754021 0.7305694818496704 40
1711710754348 0.7199469208717346 41
1711710754652 0.7723286747932434 42
1711710754928 0.7081124782562256 43
1711710755218 0.5880259871482849 44
1711710755485 0.6385994553565979 45
1711710755766 0.6231905817985535 46
1711710755999 0.5169392824172974 47
1711710756266 0.5729377269744873 48
1711710756532 0.4688798487186432 49
