1711710743437 59.117244720458984 0
1711710743710 22.653602600097656 1
1711710743983 8.775901794433594 2
1711710744245 6.118152141571045 3
1711710744514 4.86945104598999 4
1711710744786 4.142971038818359 5
1711710745057 3.631974697113037 6
1711710745325 3.1533079147338867 7
1711710745592 2.919736623764038 8
1711710745863 2.6770708560943604 9
1711710746128 2.4876296520233154 10
1711710746400 2.2888588905334473 11
1711710746666 2.156871795654297 12
1711710746956 2.021616220474243 13
1711710747225 1.9068074226379395 14
1711710747493 1.7819112539291382 15
1711710747761 1.6793187856674194 16
1711710748030 1.6359091997146606 17
1711710748299 1.5544161796569824 18
1711710748568 1.5077698230743408 19
1711710748834 1.4696136713027954 20
1711710749103 1.364369511604309 21
1711710749372 1.3264904022216797 22
1711710749641 1.3234165906906128 23
1711710749914 1.213011384010315 24
1711710750183 1.1838409900665283 25
1711710750450 1.1195629835128784 26
1711710750681 1.0945390462875366 27
1711710750914 1.069432258605957 28
1711710751184 0.9834389090538025 29
1711710751449 0.9249259233474731 30
1711710751683 0.9103417992591858 31
1711710751946 0.9082209467887878 32
1711710752215 0.8541426658630371 33
1711710752485 0.8180397748947144 34
1711710752720 0.8068283200263977 35
1711710752988 0.7664628624916077 36
1711710753256 0.7218519449234009 37
1711710753490 0.7380521297454834 38
1711710753757 0.6834469437599182 39
1711710754021 0.648932158946991 40
1711710754348 0.6424238681793213 41
1711710754652 0.6647090315818787 42
1711710754928 0.6404318809509277 43
1711710755218 0.5843660235404968 44
1711710755485 0.6099253296852112 45
1711710755766 0.6024595499038696 46
1711710755999 0.5498852729797363 47
1711710756266 0.5765609741210938 48
1711710756532 0.5260909795761108 49
