1711709659588 5823.61669921875 0
1711709660045 784.9937133789062 1
1711709660343 126.22958374023438 2
1711709660784 73.88152313232422 3
1711709661102 49.765193939208984 4
1711709661529 35.30390930175781 5
1711709661800 26.61241912841797 6
1711709662067 20.96634864807129 7
1711709662338 16.673580169677734 8
1711709662644 14.315595626831055 9
1711709662932 11.693824768066406 10
1711709663203 10.25218677520752 11
1711709663469 8.745380401611328 12
1711709663742 7.798186779022217 13
1711709664007 7.062135219573975 14
1711709664275 6.1231465339660645 15
1711709664537 5.680115699768066 16
1711709664827 5.050391674041748 17
1711709665098 4.6689653396606445 18
1711709665366 4.34331750869751 19
1711709665598 4.039178371429443 20
1711709665862 3.7601728439331055 21
1711709666133 3.4231159687042236 22
1711709666397 3.425762176513672 23
1711709666666 3.1565630435943604 24
1711709666932 2.8963680267333984 25
1711709667202 2.7381527423858643 26
1711709667470 2.4730679988861084 27
1711709667740 2.423198938369751 28
1711709667992 2.2884678840637207 29
1711709668264 2.181326150894165 30
1711709668534 2.079602003097534 31
1711709668799 1.8544440269470215 32
1711709669059 1.781185507774353 33
1711709669320 1.7018588781356812 34
1711709669551 1.552793025970459 35
1711709669785 1.477270245552063 36
