1711709659588 58.74982452392578 0
1711709660045 21.396163940429688 1
1711709660343 7.7626633644104 2
1711709660784 5.793585300445557 3
1711709661102 4.810349464416504 4
1711709661529 4.14186429977417 5
1711709661800 3.693100929260254 6
1711709662067 3.3241028785705566 7
1711709662338 2.978639841079712 8
1711709662644 2.781982660293579 9
1711709662932 2.507253408432007 10
1711709663203 2.3587992191314697 11
1711709663469 2.1734619140625 12
1711709663742 2.054459810256958 13
1711709664007 1.9648288488388062 14
1711709664275 1.8233429193496704 15
1711709664537 1.7675760984420776 16
1711709664827 1.6554783582687378 17
1711709665098 1.5983010530471802 18
1711709665366 1.5432026386260986 19
1711709665598 1.491269588470459 20
1711709665862 1.4379116296768188 21
1711709666133 1.3641012907028198 22
1711709666397 1.3696593046188354 23
1711709666666 1.3202190399169922 24
1711709666932 1.2622804641723633 25
1711709667202 1.2313168048858643 26
1711709667470 1.1608197689056396 27
1711709667740 1.155212640762329 28
1711709667992 1.119423508644104 29
1711709668264 1.0975658893585205 30
1711709668534 1.0773110389709473 31
1711709668799 1.0060362815856934 32
1711709669059 0.9905534982681274 33
1711709669320 0.9652391672134399 34
1711709669551 0.9178634881973267 35
1711709669785 0.8986749053001404 36
