1711714683419 5439.22119140625 0
1711714683701 625.3777465820312 1
1711714683971 116.868896484375 2
1711714684248 61.815696716308594 3
1711714684523 36.97886276245117 4
1711714684837 26.8166561126709 5
1711714685106 20.796737670898438 6
1711714685384 17.099092483520508 7
1711714685658 14.437382698059082 8
1711714685924 12.430395126342773 9
1711714686193 10.34582233428955 10
1711714686467 8.93121337890625 11
1711714686702 7.999223709106445 12
1711714686969 6.735400199890137 13
1711714687237 6.134005546569824 14
1711714687504 5.415735244750977 15
1711714687776 5.050435543060303 16
1711714688009 4.65993070602417 17
1711714688274 4.59800910949707 18
1711714688542 4.2461934089660645 19
1711714688779 3.8950841426849365 20
1711714689047 3.695605516433716 21
1711714689282 3.5398404598236084 22
1711714689550 3.2694387435913086 23
1711714689818 3.017709255218506 24
1711714690087 2.7143895626068115 25
1711714690372 2.595370054244995 26
1711714690640 2.4774210453033447 27
1711714690907 2.2291314601898193 28
1711714691145 2.1908226013183594 29
1711714691413 1.9189318418502808 30
1711714691679 1.848760962486267 31
1711714691914 1.7286293506622314 32
1711714692210 1.5682204961776733 33
1711714692478 1.5271533727645874 34
1711714692715 1.352932095527649 35
1711714692984 1.2741252183914185 36
1711714693253 1.2289187908172607 37
1711714693489 1.1244831085205078 38
1711714693761 1.03094482421875 39
1711714693996 0.932621955871582 40
1711714694262 0.9822396636009216 41
