1711714683419 56.40254592895508 0
1711714683701 18.811935424804688 1
1711714683971 7.420383930206299 2
1711714684248 5.119556903839111 3
1711714684523 3.9672977924346924 4
1711714684837 3.493309736251831 5
1711714685106 3.166783571243286 6
1711714685384 2.904423475265503 7
1711714685658 2.6862637996673584 8
1711714685924 2.508676767349243 9
1711714686193 2.2860538959503174 10
1711714686467 2.1425797939300537 11
1711714686702 2.0456857681274414 12
1711714686969 1.8808927536010742 13
1711714687237 1.7999985218048096 14
1711714687504 1.6904332637786865 15
1711714687776 1.6430271863937378 16
1711714688009 1.580079436302185 17
1711714688274 1.5876754522323608 18
1711714688542 1.5217781066894531 19
1711714688779 1.4536235332489014 20
1711714689047 1.4142653942108154 21
1711714689282 1.392439365386963 22
1711714689550 1.3359514474868774 23
1711714689818 1.2841564416885376 24
1711714690087 1.2133227586746216 25
1711714690372 1.1898564100265503 26
1711714690640 1.1663732528686523 27
1711714690907 1.1058852672576904 28
1711714691145 1.0992119312286377 29
1711714691413 1.0285193920135498 30
1711714691679 1.0091972351074219 31
1711714691914 0.9784485101699829 32
1711714692210 0.9359804391860962 33
1711714692478 0.9215071797370911 34
1711714692715 0.8668982982635498 35
1711714692984 0.8426999449729919 36
1711714693253 0.8353134393692017 37
1711714693489 0.7944772839546204 38
1711714693761 0.7594028115272522 39
1711714693996 0.7192053198814392 40
1711714694262 0.7491388320922852 41
