1711708769214 59.16374206542969 0
1711708769486 19.63812255859375 1
1711708769756 8.24824047088623 2
1711708770026 5.850320816040039 3
1711708770291 4.286869525909424 4
1711708770606 3.570709705352783 5
1711708770874 3.185944080352783 6
1711708771147 2.8111472129821777 7
1711708771416 2.585756778717041 8
1711708771684 2.2535409927368164 9
1711708771951 2.0527851581573486 10
1711708772217 1.8915940523147583 11
1711708772485 1.745222568511963 12
1711708772752 1.6384860277175903 13
1711708773018 1.5454069375991821 14
1711708773285 1.451070785522461 15
1711708773553 1.4145132303237915 16
1711708773819 1.363289713859558 17
1711708774085 1.3334897756576538 18
1711708774353 1.247909665107727 19
1711708774587 1.2363897562026978 20
1711708774855 1.2063785791397095 21
1711708775119 1.1452285051345825 22
1711708775389 1.1535286903381348 23
1711708775654 1.0748186111450195 24
1711708775923 1.0302189588546753 25
1711708776195 0.9665875434875488 26
1711708776461 0.9578961133956909 27
1711708776728 0.9140961766242981 28
1711708776995 0.8753997683525085 29
1711708777262 0.9260439872741699 30
1711708777530 0.8537611961364746 31
1711708777796 0.869471549987793 32
1711708778073 0.7620282769203186 33
1711708778341 0.7592147588729858 34
1711708778607 0.697539210319519 35
1711708778873 0.6907773017883301 36
1711708779139 0.7361224293708801 37
1711708779406 0.6648539900779724 38
1711708779641 0.6496301293373108 39
1711708779906 0.651145339012146 40
1711708780173 0.6425114870071411 41
1711708780405 0.6040933728218079 42
1711708780673 0.5670467615127563 43
1711708780936 0.5832375288009644 44
1711708781213 0.6026727557182312 45
1711708781478 0.5364954471588135 46
1711708781762 0.5159107446670532 47
1711708782027 0.5317352414131165 48
1711708782296 0.49514448642730713 49
