1711708769214 6047.31982421875 0
1711708769486 667.7938842773438 1
1711708769756 146.0355987548828 2
1711708770026 80.06526947021484 3
1711708770291 43.96672058105469 4
1711708770606 27.657392501831055 5
1711708770874 20.391923904418945 6
1711708771147 15.379069328308105 7
1711708771416 12.567930221557617 8
1711708771684 9.509167671203613 9
1711708771951 7.793443202972412 10
1711708772217 6.568171977996826 11
1711708772485 5.5646843910217285 12
1711708772752 4.8303117752075195 13
1711708773018 4.277364730834961 14
1711708773285 3.7777421474456787 15
1711708773553 3.5371720790863037 16
1711708773819 3.304227590560913 17
1711708774085 3.1469578742980957 18
1711708774353 2.765286684036255 19
1711708774587 2.6832101345062256 20
1711708774855 2.548825740814209 21
1711708775119 2.3297646045684814 22
1711708775389 2.3236310482025146 23
1711708775654 2.03788685798645 24
1711708775923 1.8689967393875122 25
1711708776195 1.6739944219589233 26
1711708776461 1.619020938873291 27
1711708776728 1.4768537282943726 28
1711708776995 1.3583208322525024 29
1711708777262 1.4809411764144897 30
1711708777530 1.2877124547958374 31
1711708777796 1.3129814863204956 32
1711708778073 1.0334727764129639 33
1711708778341 1.0145032405853271 34
1711708778607 0.8611823320388794 35
1711708778873 0.8356112837791443 36
1711708779139 0.9516602754592896 37
1711708779406 0.7673408389091492 38
1711708779641 0.741511344909668 39
1711708779906 0.7439942955970764 40
1711708780173 0.7176133990287781 41
1711708780405 0.6344512701034546 42
1711708780673 0.5632251501083374 43
1711708780936 0.5902644395828247 44
1711708781213 0.6255177855491638 45
1711708781478 0.5008865594863892 46
1711708781762 0.4663878381252289 47
1711708782027 0.4919758141040802 48
1711708782296 0.4266674816608429 49
