1711713301788 5667.771484375 0
1711713302063 726.0335083007812 1
1711713302339 149.9663543701172 2
1711713302613 69.53986358642578 3
1711713302881 38.137638092041016 4
1711713303156 25.389698028564453 5
1711713303423 18.488447189331055 6
1711713303692 14.43912124633789 7
1711713303963 12.397553443908691 8
1711713304238 10.17573356628418 9
1711713304505 9.033388137817383 10
1711713304779 7.630591869354248 11
1711713305049 7.1066813468933105 12
1711713305316 6.120038032531738 13
1711713305588 5.84014892578125 14
1711713305861 5.404853343963623 15
1711713306127 4.91588020324707 16
1711713306398 4.676570415496826 17
1711713306672 4.386394023895264 18
1711713306908 4.272202491760254 19
1711713307183 4.005445957183838 20
1711713307453 3.751708507537842 21
1711713307723 3.7557172775268555 22
1711713308003 3.7079098224639893 23
1711713308273 3.7551040649414062 24
1711713308543 3.26335072517395 25
1711713308780 3.101134777069092 26
1711713309049 3.313656806945801 27
1711713309288 3.0323617458343506 28
1711713309558 3.0456809997558594 29
1711713309795 2.7691867351531982 30
1711713310063 2.87304425239563 31
1711713310330 2.548978328704834 32
1711713310598 2.5184860229492188 33
1711713310906 2.182605266571045 34
1711713311142 2.1913435459136963 35
1711713311416 2.269648790359497 36
1711713311688 1.8581361770629883 37
1711713311922 1.8649044036865234 38
1711713312195 1.7158416509628296 39
1711713312431 1.5396965742111206 40
1711713312699 1.465345859527588 41
1711713312968 1.3371038436889648 42
1711713313235 1.2344856262207031 43
1711713313470 1.329728364944458 44
1711713313737 1.0979453325271606 45
1711713314008 1.014882206916809 46
1711713314239 1.0166373252868652 47
1711713314507 0.9209153056144714 48
1711713314741 0.8499701619148254 49
