1711713301788 57.601932525634766 0
1711713302063 20.772789001464844 1
1711713302339 8.45409870147705 2
1711713302613 5.209442615509033 3
1711713302881 3.9542644023895264 4
1711713303156 3.387000560760498 5
1711713303423 2.9728524684906006 6
1711713303692 2.678115129470825 7
1711713303963 2.532045602798462 8
1711713304238 2.303947687149048 9
1711713304505 2.1869962215423584 10
1711713304779 2.0186214447021484 11
1711713305049 1.9722399711608887 12
1711713305316 1.822783350944519 13
1711713305588 1.799448013305664 14
1711713305861 1.7369309663772583 15
1711713306127 1.6534249782562256 16
1711713306398 1.6087790727615356 17
1711713306672 1.5679872035980225 18
1711713306908 1.5420403480529785 19
1711713307183 1.4971026182174683 20
1711713307453 1.443269968032837 21
1711713307723 1.4497559070587158 22
1711713308003 1.4465882778167725 23
1711713308273 1.4581984281539917 24
1711713308543 1.349694848060608 25
1711713308780 1.3117471933364868 26
1711713309049 1.366731882095337 27
1711713309288 1.3039411306381226 28
1711713309558 1.2999180555343628 29
1711713309795 1.2432411909103394 30
1711713310063 1.2770030498504639 31
1711713310330 1.1917450428009033 32
1711713310598 1.1863080263137817 33
1711713310906 1.0981252193450928 34
1711713311142 1.1075431108474731 35
1711713311416 1.1288208961486816 36
1711713311688 1.0137075185775757 37
1711713311922 1.025776743888855 38
1711713312195 0.9803917407989502 39
1711713312431 0.9236268997192383 40
1711713312699 0.8990556001663208 41
1711713312968 0.8633778095245361 42
1711713313235 0.8294243812561035 43
1711713313470 0.8756018280982971 44
1711713313737 0.784168541431427 45
1711713314008 0.7509342432022095 46
1711713314239 0.7579167485237122 47
1711713314507 0.7197089195251465 48
1711713314741 0.6908375024795532 49
