1711708493714 6325.5390625 0
1711708493985 815.9423217773438 1
1711708494257 128.68072509765625 2
1711708494526 66.3697509765625 3
1711708494793 38.17289733886719 4
1711708495067 26.06477165222168 5
1711708495334 19.818552017211914 6
1711708495599 16.31718635559082 7
1711708495910 13.413538932800293 8
1711708496176 11.097631454467773 9
1711708496443 9.166950225830078 10
1711708496712 7.486932754516602 11
1711708496978 6.33836555480957 12
1711708497256 5.129026889801025 13
1711708497523 4.333333969116211 14
1711708497786 3.805039167404175 15
1711708498081 3.4059407711029053 16
1711708498344 3.1597423553466797 17
1711708498579 2.909250259399414 18
1711708498812 2.695622205734253 19
1711708499075 2.6575186252593994 20
1711708499337 2.442802906036377 21
1711708499605 2.344905376434326 22
1711708499871 2.362792730331421 23
1711708500141 2.151581048965454 24
1711708500371 2.242353916168213 25
1711708500636 2.136382818222046 26
1711708500901 2.0361485481262207 27
1711708501162 1.883388638496399 28
1711708501393 1.850449800491333 29
1711708501657 1.874902367591858 30
1711708501889 1.9241580963134766 31
1711708502152 1.6519516706466675 32
1711708502422 1.7595733404159546 33
1711708502650 1.7444264888763428 34
1711708502916 1.644300103187561 35
1711708503181 1.688010334968567 36
1711708503411 1.568113923072815 37
1711708503673 1.4814482927322388 38
