1711708493714 61.37214279174805 0
1711708493985 21.6986141204834 1
1711708494257 7.806970119476318 2
1711708494526 5.32363748550415 3
1711708494793 4.03144645690918 4
1711708495067 3.457367420196533 5
1711708495334 3.105510950088501 6
1711708495599 2.8900928497314453 7
1711708495910 2.645883560180664 8
1711708496176 2.433178186416626 9
1711708496443 2.2174324989318848 10
1711708496712 2.006040334701538 11
1711708496978 1.8533546924591064 12
1711708497256 1.6731444597244263 13
1711708497523 1.544066071510315 14
1711708497786 1.4458597898483276 15
1711708498081 1.3763262033462524 16
1711708498344 1.3397494554519653 17
1711708498579 1.2809361219406128 18
1711708498812 1.2266030311584473 19
1711708499075 1.2322752475738525 20
1711708499337 1.177430272102356 21
1711708499605 1.1529515981674194 22
1711708499871 1.1676528453826904 23
1711708500141 1.1063162088394165 24
1711708500371 1.1369327306747437 25
1711708500636 1.102488398551941 26
1711708500901 1.0808769464492798 27
1711708501162 1.0348095893859863 28
1711708501393 1.0327823162078857 29
1711708501657 1.0336580276489258 30
1711708501889 1.054898738861084 31
1711708502152 0.9688209295272827 32
1711708502422 1.006555438041687 33
1711708502650 0.9961458444595337 34
1711708502916 0.9721437692642212 35
1711708503181 0.9836224317550659 36
1711708503411 0.9430444240570068 37
1711708503673 0.9176814556121826 38
