1711713110049 5668.56640625 0
1711713110324 580.2168579101562 1
1711713110597 126.36722564697266 2
1711713110869 74.5934066772461 3
1711713111139 48.563961029052734 4
1711713111410 33.80537414550781 5
1711713111702 26.03484535217285 6
1711713111972 20.695953369140625 7
1711713112240 16.53968620300293 8
1711713112509 13.455496788024902 9
1711713112778 10.8232421875 10
1711713113049 9.297330856323242 11
1711713113367 7.708996772766113 12
1711713113643 6.90562105178833 13
1711713113907 5.7830281257629395 14
1711713114144 5.067661762237549 15
1711713114414 4.60690975189209 16
1711713114685 4.158881664276123 17
1711713114955 3.752110481262207 18
1711713115227 3.4841508865356445 19
1711713115491 3.2459681034088135 20
1711713115763 3.064077377319336 21
1711713115995 2.9853453636169434 22
1711713116260 2.6932144165039062 23
1711713116530 2.58935809135437 24
1711713116770 2.591503143310547 25
1711713117034 2.367858409881592 26
1711713117304 2.3230040073394775 27
1711713117575 2.1660585403442383 28
1711713117804 2.0369045734405518 29
1711713118071 1.9878076314926147 30
1711713118335 2.1466994285583496 31
1711713118608 1.9036335945129395 32
1711713118840 1.6881648302078247 33
1711713119107 1.67839515209198 34
1711713119348 1.558607578277588 35
1711713119613 1.675537347793579 36
1711713119885 1.4982402324676514 37
1711713120150 1.4765981435775757 38
1711713120421 1.4403369426727295 39
1711713120685 1.421632170677185 40
1711713120927 1.3814353942871094 41
1711713121196 1.3033626079559326 42
1711713121432 1.2650667428970337 43
1711713121703 1.134907603263855 44
