1711713110049 57.51364517211914 0
1711713110324 17.93928337097168 1
1711713110597 7.709834098815918 2
1711713110869 5.614414691925049 3
1711713111139 4.592700004577637 4
1711713111410 3.9564990997314453 5
1711713111702 3.580368757247925 6
1711713111972 3.238455295562744 7
1711713112240 2.9234871864318848 8
1711713112509 2.6228864192962646 9
1711713112778 2.3512353897094727 10
1711713113049 2.2003629207611084 11
1711713113367 2.001389265060425 12
1711713113643 1.9100122451782227 13
1711713113907 1.7392388582229614 14
1711713114144 1.6410164833068848 15
1711713114414 1.5685969591140747 16
1711713114685 1.502131462097168 17
1711713114955 1.4371592998504639 18
1711713115227 1.3845964670181274 19
1711713115491 1.34247887134552 20
1711713115763 1.3055709600448608 21
1711713115995 1.3008408546447754 22
1711713116260 1.2309958934783936 23
1711713116530 1.20785391330719 24
1711713116770 1.215094804763794 25
1711713117034 1.16191565990448 26
1711713117304 1.1528136730194092 27
1711713117575 1.1149464845657349 28
1711713117804 1.077547550201416 29
1711713118071 1.0686429738998413 30
1711713118335 1.1179404258728027 31
1711713118608 1.049244999885559 32
1711713118840 0.9870428442955017 33
1711713119107 0.9847357273101807 34
1711713119348 0.947492778301239 35
1711713119613 0.9895565509796143 36
1711713119885 0.9270576238632202 37
1711713120150 0.923980712890625 38
1711713120421 0.9200479388237 39
1711713120685 0.9104225635528564 40
1711713120927 0.9020112156867981 41
1711713121196 0.8728338479995728 42
1711713121432 0.8586940765380859 43
1711713121703 0.8131957650184631 44
