1711712636271 60.76957702636719 0
1711712636614 24.36396026611328 1
1711712637054 8.160684585571289 2
1711712637545 5.049271106719971 3
1711712637829 3.7451982498168945 4
1711712638099 3.2368834018707275 5
1711712638368 2.785109043121338 6
1711712638638 2.4562501907348633 7
1711712638906 2.243074417114258 8
1711712639179 2.0123541355133057 9
1711712639448 1.8105701208114624 10
1711712639714 1.652928113937378 11
1711712639985 1.6226531267166138 12
1711712640217 1.470659852027893 13
1711712640489 1.4180800914764404 14
1711712640760 1.3145991563796997 15
1711712641027 1.27818763256073 16
1711712641297 1.2124061584472656 17
1711712641564 1.2070059776306152 18
1711712641794 1.1791170835494995 19
1711712642065 1.1279208660125732 20
1711712642328 1.1163008213043213 21
1711712642561 1.1157121658325195 22
1711712642827 1.0537540912628174 23
1711712643097 1.033170223236084 24
1711712643367 1.0200839042663574 25
1711712643667 0.9697529077529907 26
1711712643941 1.007259726524353 27
1711712644172 0.9555959105491638 28
1711712644437 0.9272390604019165 29
