1711712636271 6238.4013671875 0
1711712636614 975.0706176757812 1
1711712637054 135.43170166015625 2
1711712637545 62.49015808105469 3
1711712637829 34.19569778442383 4
1711712638099 22.897356033325195 5
1711712638368 16.11553955078125 6
1711712638638 11.836716651916504 7
1711712638906 9.574199676513672 8
1711712639179 7.545893669128418 9
1711712639448 6.071779727935791 10
1711712639714 5.05564546585083 11
1711712639985 4.725085735321045 12
1711712640217 3.928658962249756 13
1711712640489 3.6054911613464355 14
1711712640760 3.1359879970550537 15
1711712641027 2.952552080154419 16
1711712641297 2.672374963760376 17
1711712641564 2.605576515197754 18
1711712641794 2.477215051651001 19
1711712642065 2.2699666023254395 20
1711712642328 2.253135919570923 21
1711712642561 2.203629493713379 22
1711712642827 1.9606835842132568 23
1711712643097 1.8863850831985474 24
1711712643367 1.8428131341934204 25
1711712643667 1.6608660221099854 26
1711712643941 1.7785589694976807 27
1711712644172 1.5963457822799683 28
1711712644437 1.5131374597549438 29
