1711711615966 6339.13818359375 0
1711711616253 816.510986328125 1
1711711616525 147.27101135253906 2
1711711616791 84.32559204101562 3
1711711617060 53.175323486328125 4
1711711617329 36.26566696166992 5
1711711617601 26.69428253173828 6
1711711617926 21.395919799804688 7
1711711618193 18.00771713256836 8
1711711618458 15.231209754943848 9
1711711618724 13.248238563537598 10
1711711618992 11.212749481201172 11
1711711619256 9.796707153320312 12
1711711619522 8.6796236038208 13
1711711619787 7.801329612731934 14
1711711620057 7.168060779571533 15
1711711620322 6.941079139709473 16
1711711620585 6.2908430099487305 17
1711711620852 5.927267074584961 18
1711711621120 5.69055700302124 19
1711711621382 5.583080291748047 20
1711711621615 5.318011283874512 21
1711711621883 5.098094463348389 22
1711711622147 4.758288383483887 23
1711711622417 4.466339111328125 24
1711711622646 4.209930419921875 25
1711711622912 3.5275039672851562 26
1711711623177 3.6270313262939453 27
1711711623408 3.089553117752075 28
1711711623673 2.9048476219177246 29
1711711623909 2.684485912322998 30
1711711624140 2.493983745574951 31
1711711624403 2.286761522293091 32
1711711624670 2.353105306625366 33
1711711624902 2.1597938537597656 34
1711711625224 1.9162819385528564 35
1711711625489 1.838355302810669 36
1711711625721 1.925570011138916 37
1711711625985 1.5941435098648071 38
1711711626248 1.494683861732483 39
1711711626515 1.4932185411453247 40
1711711626745 1.4461064338684082 41
1711711626971 1.310343861579895 42
1711711627235 1.2170114517211914 43
1711711627481 1.1903241872787476 44
1711711627749 1.0897029638290405 45
1711711628012 1.1188751459121704 46
1711711628305 1.0575801134109497 47
1711711628539 1.0639152526855469 48
1711711628821 1.1935495138168335 49
