1711711615966 61.461612701416016 0
1711711616253 22.049396514892578 1
1711711616525 8.40678596496582 2
1711711616791 6.087997913360596 3
1711711617060 4.81502103805542 4
1711711617329 4.061819076538086 5
1711711617601 3.6167354583740234 6
1711711617926 3.316136360168457 7
1711711618193 3.086027145385742 8
1711711618458 2.853142738342285 9
1711711618724 2.657874822616577 10
1711711618992 2.43599271774292 11
1711711619256 2.2819039821624756 12
1711711619522 2.1341238021850586 13
1711711619787 2.01969051361084 14
1711711620057 1.940703272819519 15
1711711620322 1.9327472448349 16
1711711620585 1.8305128812789917 17
1711711620852 1.7681374549865723 18
1711711621120 1.7435418367385864 19
1711711621382 1.7266972064971924 20
1711711621615 1.685981273651123 21
1711711621883 1.6445685625076294 22
1711711622147 1.5851069688796997 23
1711711622417 1.5353103876113892 24
1711711622646 1.508359432220459 25
1711711622912 1.3717141151428223 26
1711711623177 1.4064005613327026 27
1711711623408 1.2869945764541626 28
1711711623673 1.2536848783493042 29
1711711623909 1.1975219249725342 30
1711711624140 1.1571675539016724 31
1711711624403 1.103760838508606 32
1711711624670 1.1341580152511597 33
1711711624902 1.0848686695098877 34
1711711625224 1.0070005655288696 35
1711711625489 1.0009114742279053 36
1711711625721 1.0243721008300781 37
1711711625985 0.9226040840148926 38
1711711626248 0.8894231915473938 39
1711711626515 0.8957368731498718 40
1711711626745 0.8836783766746521 41
1711711626971 0.8345267176628113 42
1711711627235 0.8045860528945923 43
1711711627481 0.7963095307350159 44
1711711627749 0.761938214302063 45
1711711628012 0.7811055779457092 46
1711711628305 0.7536854147911072 47
1711711628539 0.7581316232681274 48
1711711628821 0.8181978464126587 49
