1711711004576 6078.80517578125 0
1711711004848 733.2025756835938 1
1711711005122 136.13690185546875 2
1711711005391 72.50028991699219 3
1711711005664 42.24875259399414 4
1711711005929 28.845409393310547 5
1711711006203 21.994150161743164 6
1711711006471 17.43758773803711 7
1711711006741 14.500907897949219 8
1711711007013 12.077789306640625 9
1711711007281 10.14926815032959 10
1711711007550 8.663747787475586 11
1711711007820 7.424746036529541 12
1711711008090 6.766201972961426 13
1711711008328 5.956849575042725 14
1711711008603 5.539241313934326 15
1711711008873 5.371883392333984 16
1711711009146 4.9529829025268555 17
1711711009413 4.743768692016602 18
1711711009650 4.571591854095459 19
1711711009915 4.204707622528076 20
1711711010185 4.19261360168457 21
1711711010462 3.9548754692077637 22
1711711010732 3.900601863861084 23
1711711011003 3.7402868270874023 24
1711711011267 3.6549901962280273 25
1711711011535 3.6250977516174316 26
1711711011774 3.3861093521118164 27
1711711012044 3.443862199783325 28
1711711012310 3.1720969676971436 29
1711711012543 3.14186692237854 30
1711711012810 3.1142349243164062 31
1711711013076 2.9778337478637695 32
1711711013348 2.8444554805755615 33
1711711013611 2.7914392948150635 34
1711711013882 2.5688297748565674 35
1711711014117 2.6028616428375244 36
1711711014384 2.4774229526519775 37
1711711014652 2.213475465774536 38
1711711014886 2.1848301887512207 39
1711711015154 1.9807595014572144 40
1711711015419 1.9029322862625122 41
1711711015721 1.8693562746047974 42
1711711015999 1.6873606443405151 43
1711711016270 1.5433753728866577 44
1711711016546 1.5746082067489624 45
1711711016780 1.4619216918945312 46
1711711017072 1.541348934173584 47
