1711711004576 59.97705841064453 0
1711711004848 20.500591278076172 1
1711711005122 7.849247932434082 2
1711711005391 5.341487884521484 3
1711711005664 4.138298511505127 4
1711711005929 3.5944063663482666 5
1711711006203 3.236414670944214 6
1711711006471 2.933143377304077 7
1711711006741 2.698922634124756 8
1711711007013 2.4789552688598633 9
1711711007281 2.2934722900390625 10
1711711007550 2.133758544921875 11
1711711007820 1.982114315032959 12
1711711008090 1.909522294998169 13
1711711008328 1.7937049865722656 14
1711711008603 1.7430540323257446 15
1711711008873 1.7369983196258545 16
1711711009146 1.6583606004714966 17
1711711009413 1.633568525314331 18
1711711009650 1.6088389158248901 19
1711711009915 1.5402189493179321 20
1711711010185 1.5391677618026733 21
1711711010462 1.4989606142044067 22
1711711010732 1.4908921718597412 23
1711711011003 1.4584285020828247 24
1711711011267 1.4498106241226196 25
1711711011535 1.4380916357040405 26
1711711011774 1.3873344659805298 27
1711711012044 1.4090603590011597 28
1711711012310 1.3446279764175415 29
1711711012543 1.343443751335144 30
1711711012810 1.335145115852356 31
1711711013076 1.3037047386169434 32
1711711013348 1.2694905996322632 33
1711711013611 1.263702392578125 34
1711711013882 1.2090704441070557 35
1711711014117 1.2241184711456299 36
1711711014384 1.1855974197387695 37
1711711014652 1.1122838258743286 38
1711711014886 1.1196786165237427 39
1711711015154 1.0558327436447144 40
1711711015419 1.0421028137207031 41
1711711015721 1.0266860723495483 42
1711711015999 0.9804936647415161 43
1711711016270 0.9340946674346924 44
1711711016546 0.9520642161369324 45
1711711016780 0.9168965816497803 46
1711711017072 0.9457972049713135 47
