1711708336263 6345.81982421875 0
1711708336535 742.8861694335938 1
1711708336809 147.46536254882812 2
1711708337080 85.00723266601562 3
1711708337347 52.40381622314453 4
1711708337620 33.924678802490234 5
1711708337888 23.30187225341797 6
1711708338155 17.235807418823242 7
1711708338425 13.249614715576172 8
1711708338692 10.435830116271973 9
1711708338959 8.400615692138672 10
1711708339227 6.513294696807861 11
1711708339494 5.412724494934082 12
1711708339760 4.41016149520874 13
1711708340024 3.7124621868133545 14
1711708340261 3.360342025756836 15
1711708340527 3.1837387084960938 16
1711708340794 2.8332583904266357 17
1711708341060 2.73294997215271 18
1711708341294 2.445058584213257 19
1711708341560 2.2977001667022705 20
1711708341794 2.0826547145843506 21
1711708342061 2.0379245281219482 22
1711708342329 2.0354533195495605 23
1711708342561 1.8127001523971558 24
1711708342825 1.690830945968628 25
1711708343059 1.7027925252914429 26
1711708343326 1.47459876537323 27
1711708343595 1.647302508354187 28
1711708343893 1.4281127452850342 29
1711708344201 1.377845048904419 30
1711708344469 1.2363038063049316 31
1711708344736 1.2293387651443481 32
1711708344976 1.0971325635910034 33
1711708345242 1.036177635192871 34
1711708345508 1.041147232055664 35
1711708345772 0.9393584132194519 36
1711708346038 0.9449872970581055 37
1711708346305 0.8863555788993835 38
1711708346537 0.9648143649101257 39
1711708346801 0.9214422702789307 40
