1711708336263 61.58475875854492 0
1711708336535 20.632600784301758 1
1711708336809 8.496718406677246 2
1711708337080 6.085464000701904 3
1711708337347 4.739695072174072 4
1711708337620 3.8992676734924316 5
1711708337888 3.3331944942474365 6
1711708338155 2.9408907890319824 7
1711708338425 2.5929648876190186 8
1711708338692 2.307619333267212 9
1711708338959 2.0742275714874268 10
1711708339227 1.8297629356384277 11
1711708339494 1.6788430213928223 12
1711708339760 1.5190509557724 13
1711708340024 1.3977621793746948 14
1711708340261 1.3386110067367554 15
1711708340527 1.3149467706680298 16
1711708340794 1.2359284162521362 17
1711708341060 1.224877119064331 18
1711708341294 1.160988211631775 19
1711708341560 1.1276861429214478 20
1711708341794 1.0703316926956177 21
1711708342061 1.058606505393982 22
1711708342329 1.0613625049591064 23
1711708342561 0.9991155862808228 24
1711708342825 0.9660784006118774 25
1711708343059 0.9710322022438049 26
1711708343326 0.903853178024292 27
1711708343595 0.9608079791069031 28
1711708343893 0.8973413109779358 29
1711708344201 0.8822508454322815 30
1711708344469 0.8337975740432739 31
1711708344736 0.8344659209251404 32
1711708344976 0.7885854244232178 33
1711708345242 0.7685064673423767 34
1711708345508 0.7693548798561096 35
1711708345772 0.7317101359367371 36
1711708346038 0.732120931148529 37
1711708346305 0.7159548401832581 38
1711708346537 0.7492668628692627 39
1711708346801 0.730215311050415 40
