1711713390293 6161.88134765625 0
1711713390569 853.0354614257812 1
1711713390845 121.43423461914062 2
1711713391119 70.15705108642578 3
1711713391383 46.096885681152344 4
1711713391657 31.296741485595703 5
1711713391924 22.000078201293945 6
1711713392195 17.173973083496094 7
1711713392473 13.662010192871094 8
1711713392742 11.236144065856934 9
1711713393011 9.456477165222168 10
1711713393281 7.706911563873291 11
1711713393555 6.722621917724609 12
1711713393824 6.085827827453613 13
1711713394063 5.417988300323486 14
1711713394329 4.979607582092285 15
1711713394600 4.672062397003174 16
1711713394870 4.27637243270874 17
1711713395140 3.854395866394043 18
1711713395409 3.6694583892822266 19
1711713395652 3.2440266609191895 20
1711713395921 3.1982851028442383 21
1711713396191 2.9053492546081543 22
1711713396460 2.6137707233428955 23
1711713396696 2.4917707443237305 24
1711713396994 2.127222776412964 25
1711713397296 2.1921756267547607 26
1711713397537 1.9972206354141235 27
1711713397803 1.8336464166641235 28
1711713398041 1.7923816442489624 29
1711713398313 1.7848718166351318 30
1711713398544 1.689521312713623 31
1711713398814 1.5862711668014526 32
1711713399047 1.616029143333435 33
1711713399317 1.3753451108932495 34
1711713399553 1.3588063716888428 35
1711713399824 1.4606534242630005 36
