1711713390293 60.01667404174805 0
1711713390569 22.781047821044922 1
1711713390845 7.577301502227783 2
1711713391119 5.728270053863525 3
1711713391383 4.631717681884766 4
1711713391657 3.8554675579071045 5
1711713391924 3.2848117351531982 6
1711713392195 2.928142786026001 7
1711713392473 2.6337740421295166 8
1711713392742 2.384866952896118 9
1711713393011 2.204139232635498 10
1711713393281 1.995884656906128 11
1711713393555 1.8736145496368408 12
1711713393824 1.7832472324371338 13
1711713394063 1.7004320621490479 14
1711713394329 1.6231739521026611 15
1711713394600 1.5944339036941528 16
1711713394870 1.5302969217300415 17
1711713395140 1.4511942863464355 18
1711713395409 1.4263263940811157 19
1711713395652 1.341328501701355 20
1711713395921 1.359121561050415 21
1711713396191 1.289845585823059 22
1711713396460 1.2176860570907593 23
1711713396696 1.192556381225586 24
1711713396994 1.0982317924499512 25
1711713397296 1.1270920038223267 26
1711713397537 1.0694631338119507 27
1711713397803 1.0260810852050781 28
1711713398041 1.0146564245224 29
1711713398313 1.0158644914627075 30
1711713398544 0.9952490329742432 31
1711713398814 0.9575608372688293 32
1711713399047 0.976733922958374 33
1711713399317 0.8889966607093811 34
1711713399553 0.8863856792449951 35
1711713399824 0.9286995530128479 36
