1711711149159 5811.36767578125 0
1711711149440 761.1429443359375 1
1711711149709 167.27255249023438 2
1711711149985 102.25535583496094 3
1711711150307 60.586822509765625 4
1711711150582 40.72895050048828 5
1711711150858 28.583703994750977 6
1711711151131 21.469175338745117 7
1711711151394 17.074012756347656 8
1711711151664 13.669373512268066 9
1711711151931 10.607407569885254 10
1711711152204 8.311524391174316 11
1711711152472 6.61093807220459 12
1711711152737 5.6245269775390625 13
1711711153009 4.711016654968262 14
1711711153275 4.040290832519531 15
1711711153544 3.6766793727874756 16
1711711153814 3.323317766189575 17
1711711154083 3.149916172027588 18
1711711154352 2.8998000621795654 19
1711711154619 2.717733383178711 20
1711711154891 2.637624979019165 21
1711711155157 2.5557990074157715 22
1711711155392 2.276685953140259 23
1711711155630 2.2741334438323975 24
1711711155904 2.175218105316162 25
1711711156134 2.168473720550537 26
1711711156374 2.0055410861968994 27
