1711711149159 57.968360900878906 0
1711711149440 21.495800018310547 1
1711711149709 9.245201110839844 2
1711711149985 6.957549571990967 3
1711711150307 5.0771074295043945 4
1711711150582 4.264629364013672 5
1711711150858 3.661628484725952 6
1711711151131 3.2296128273010254 7
1711711151394 2.905294418334961 8
1711711151664 2.6148624420166016 9
1711711151931 2.292416572570801 10
1711711152204 2.035310983657837 11
1711711152472 1.8053275346755981 12
1711711152737 1.6899073123931885 13
1711711153009 1.5567903518676758 14
1711711153275 1.4493577480316162 15
1711711153544 1.4009159803390503 16
1711711153814 1.3412708044052124 17
1711711154083 1.3134006261825562 18
1711711154352 1.2627553939819336 19
1711711154619 1.2254142761230469 20
1711711154891 1.2235188484191895 21
1711711155157 1.193987488746643 22
1711711155392 1.1276319026947021 23
1711711155630 1.1298085451126099 24
1711711155904 1.1115049123764038 25
1711711156134 1.1169917583465576 26
1711711156374 1.0743476152420044 27
