1711708582370 59.35186767578125 0
1711708582643 18.941213607788086 1
1711708582907 8.387009620666504 2
1711708583176 6.041398525238037 3
1711708583443 4.5372538566589355 4
1711708583708 3.6322083473205566 5
1711708583972 3.004563331604004 6
1711708584240 2.6431891918182373 7
1711708584508 2.367809772491455 8
1711708584773 2.0998847484588623 9
1711708585061 1.9018347263336182 10
1711708585334 1.7028719186782837 11
1711708585564 1.643742322921753 12
1711708585848 1.4832844734191895 13
1711708586115 1.4563798904418945 14
1711708586401 1.3450539112091064 15
1711708586667 1.3065221309661865 16
1711708586931 1.2789267301559448 17
1711708587195 1.235743522644043 18
1711708587489 1.1986956596374512 19
1711708587756 1.1571582555770874 20
1711708587987 1.1387578248977661 21
1711708588250 1.1242992877960205 22
1711708588514 1.0646400451660156 23
1711708588780 1.0672950744628906 24
1711708589009 1.0447059869766235 25
1711708589241 1.067652940750122 26
1711708589507 0.9666613936424255 27
1711708589776 0.9605633616447449 28
1711708590008 0.9304187893867493 29
1711708590275 0.9465428590774536 30
1711708590539 0.8855066895484924 31
1711708590804 0.8843867182731628 32
1711708591035 0.8594842553138733 33
1711708591300 0.8458313345909119 34
1711708591533 0.8180254697799683 35
1711708591798 0.7904340624809265 36
1711708592032 0.8153296113014221 37
1711708592294 0.764397144317627 38
1711708592561 0.7433902025222778 39
1711708592824 0.7585232853889465 40
1711708593089 0.7192954421043396 41
1711708593327 0.7587839961051941 42
1711708593557 0.753879964351654 43
1711708593820 0.7137346267700195 44
1711708594051 0.6893516778945923 45
1711708594281 0.7218462228775024 46
1711708594603 0.6472519636154175 47
1711708594874 0.6899051070213318 48
1711708595109 0.6353017091751099 49
