1711708582370 5937.44921875 0
1711708582643 641.3828125 1
1711708582907 139.99884033203125 2
1711708583176 78.4229736328125 3
1711708583443 45.93318176269531 4
1711708583708 28.61566734313965 5
1711708583972 18.59720802307129 6
1711708584240 13.6648588180542 7
1711708584508 10.7982177734375 8
1711708584773 8.590435028076172 9
1711708585061 6.949758529663086 10
1711708585334 5.666241645812988 11
1711708585564 5.1073126792907715 12
1711708585848 4.208379745483398 13
1711708586115 3.912360906600952 14
1711708586401 3.3923940658569336 15
1711708586667 3.1476333141326904 16
1711708586931 2.9787466526031494 17
1711708587195 2.7679154872894287 18
1711708587489 2.5760886669158936 19
1711708587756 2.4068312644958496 20
1711708587987 2.2981350421905518 21
1711708588250 2.250812292098999 22
1711708588514 2.0107502937316895 23
1711708588780 2.0086452960968018 24
1711708589009 1.921785831451416 25
1711708589241 1.979878306388855 26
1711708589507 1.6611212491989136 27
1711708589776 1.6262295246124268 28
1711708590008 1.5299389362335205 29
1711708590275 1.5534799098968506 30
1711708590539 1.3836573362350464 31
1711708590804 1.356049656867981 32
1711708591035 1.2882932424545288 33
1711708591300 1.2473111152648926 34
1711708591533 1.1775038242340088 35
1711708591798 1.0936918258666992 36
1711708592032 1.1485904455184937 37
1711708592294 1.0255730152130127 38
1711708592561 0.9634388089179993 39
1711708592824 1.0060495138168335 40
1711708593089 0.8945361375808716 41
1711708593327 0.990324079990387 42
1711708593557 0.9746525287628174 43
1711708593820 0.8997673392295837 44
1711708594051 0.8281746506690979 45
1711708594281 0.8983026146888733 46
1711708594603 0.7329234480857849 47
1711708594874 0.8130249381065369 48
1711708595109 0.7012202739715576 49
