1711711879250 60.3950080871582 0
1711711879527 19.607194900512695 1
1711711879799 7.321485996246338 2
1711711880069 4.997917652130127 3
1711711880338 3.9102859497070312 4
1711711880603 3.3839118480682373 5
1711711880874 2.988067150115967 6
1711711881142 2.6776487827301025 7
1711711881406 2.34247088432312 8
1711711881679 2.075061559677124 9
1711711881946 1.907928466796875 10
1711711882214 1.7932655811309814 11
1711711882482 1.6835088729858398 12
1711711882753 1.5599883794784546 13
1711711883022 1.5282530784606934 14
1711711883252 1.4537937641143799 15
1711711883520 1.4216104745864868 16
1711711883787 1.366247296333313 17
1711711884026 1.3348827362060547 18
1711711884300 1.2822518348693848 19
1711711884568 1.206443428993225 20
1711711884836 1.1866427659988403 21
1711711885103 1.1357557773590088 22
1711711885367 1.1668261289596558 23
1711711885606 1.0465389490127563 24
1711711885872 1.052578330039978 25
1711711886139 1.0031464099884033 26
1711711886409 0.939598798751831 27
1711711886641 0.9719552397727966 28
1711711886959 0.9391236305236816 29
1711711887227 0.9821948409080505 30
1711711887499 0.8865726590156555 31
1711711887763 0.8449112772941589 32
1711711888031 0.8637968897819519 33
1711711888267 0.794460117816925 34
1711711888506 0.8138893246650696 35
