1711711879250 6127.1162109375 0
1711711879527 694.5634155273438 1
1711711879799 117.47103881835938 2
1711711880069 62.02786636352539 3
1711711880338 36.70078659057617 4
1711711880603 25.736347198486328 5
1711711880874 19.44482421875 6
1711711881142 15.2589750289917 7
1711711881406 11.750683784484863 8
1711711881679 9.164219856262207 9
1711711881946 7.549450874328613 10
1711711882214 6.483707427978516 11
1711711882482 5.610129356384277 12
1711711882753 4.816122055053711 13
1711711883022 4.502923965454102 14
1711711883252 4.082496643066406 15
1711711883520 3.8089537620544434 16
1711711883787 3.4989945888519287 17
1711711884026 3.2967381477355957 18
1711711884300 3.0407869815826416 19
1711711884568 2.718613386154175 20
1711711884836 2.6029000282287598 21
1711711885103 2.3991565704345703 22
1711711885367 2.4629807472229004 23
1711711885606 2.0586392879486084 24
1711711885872 2.034780502319336 25
1711711886139 1.8616235256195068 26
1711711886409 1.6541792154312134 27
1711711886641 1.726223111152649 28
1711711886959 1.6017993688583374 29
1711711887227 1.693088173866272 30
1711711887499 1.417190670967102 31
1711711887763 1.29448664188385 32
1711711888031 1.3148642778396606 33
1711711888267 1.135072946548462 34
1711711888506 1.1765353679656982 35
