1711707965351 6089.65478515625 0
1711707965622 852.8126831054688 1
1711707965889 146.33444213867188 2
1711707966158 83.28907012939453 3
1711707966422 41.302040100097656 4
1711707966689 23.951091766357422 5
1711707966954 17.156784057617188 6
1711707967219 12.339622497558594 7
1711707967484 9.534677505493164 8
1711707967751 7.6843132972717285 9
1711707968014 6.145035743713379 10
1711707968286 5.328935146331787 11
1711707968551 4.683698654174805 12
1711707968817 4.300904750823975 13
1711707969079 3.8074402809143066 14
1711707969361 3.5153942108154297 15
1711707969645 3.339498281478882 16
1711707969934 3.1005942821502686 17
1711707970199 2.7021780014038086 18
1711707970470 2.6153697967529297 19
1711707970738 2.500051736831665 20
1711707970970 2.490015983581543 21
1711707971233 2.2360012531280518 22
1711707971510 1.97637939453125 23
1711707971780 1.9215816259384155 24
1711707972012 1.8525848388671875 25
1711707972275 1.5829448699951172 26
1711707972541 1.46468186378479 27
1711707972857 1.490094542503357 28
1711707973103 1.3918920755386353 29
1711707973374 1.2855936288833618 30
1711707973636 1.1962825059890747 31
1711707973872 1.0445681810379028 32
1711707974103 1.030882477760315 33
1711707974365 0.9558730125427246 34
1711707974633 0.891510546207428 35
1711707974865 0.9310610890388489 36
1711707975130 0.7761870622634888 37
1711707975363 0.8335205912590027 38
1711707975628 0.7891049385070801 39
1711707975893 0.706148087978363 40
1711707976124 0.704208493232727 41
1711707976388 0.6236559152603149 42
1711707976617 0.7045773863792419 43
1711707976851 0.5546276569366455 44
1711707977155 0.6097639203071594 45
1711707977389 0.574810266494751 46
1711707977621 0.5640620589256287 47
