1711707965351 60.128990173339844 0
1711707965622 22.704559326171875 1
1711707965889 8.487556457519531 2
1711707966158 6.042857646942139 3
1711707966422 4.10841703414917 4
1711707966689 3.249476432800293 5
1711707966954 2.8532111644744873 6
1711707967219 2.4291138648986816 7
1711707967484 2.1535274982452393 8
1711707967751 1.9445884227752686 9
1711707968014 1.751095175743103 10
1711707968286 1.6545552015304565 11
1711707968551 1.5552669763565063 12
1711707968817 1.5087131261825562 13
1711707969079 1.409487247467041 14
1711707969361 1.3721141815185547 15
1711707969645 1.3423550128936768 16
1711707969934 1.3003075122833252 17
1711707970199 1.2016782760620117 18
1711707970470 1.1935327053070068 19
1711707970738 1.1792787313461304 20
1711707970970 1.1763558387756348 21
1711707971233 1.1158393621444702 22
1711707971510 1.0488916635513306 23
1711707971780 1.0401149988174438 24
1711707972012 1.0207618474960327 25
1711707972275 0.9365253448486328 26
1711707972541 0.9039207100868225 27
1711707972857 0.9172079563140869 28
1711707973103 0.8876277804374695 29
1711707973374 0.856936514377594 30
1711707973636 0.822333812713623 31
1711707973872 0.7636184096336365 32
1711707974103 0.7723044753074646 33
1711707974365 0.7390417456626892 34
1711707974633 0.7119799852371216 35
1711707974865 0.7311652302742004 36
1711707975130 0.6658639907836914 37
1711707975363 0.6943836212158203 38
1711707975628 0.6780338287353516 39
1711707975893 0.6370368003845215 40
1711707976124 0.6378918886184692 41
1711707976388 0.6008880734443665 42
1711707976617 0.6371561288833618 43
1711707976851 0.5683055520057678 44
1711707977155 0.5982299447059631 45
1711707977389 0.5774663686752319 46
1711707977621 0.5708022713661194 47
