1711711211335 5969.421875 0
1711711211608 869.15966796875 1
1711711211878 137.98204040527344 2
1711711212150 68.29769897460938 3
1711711212417 37.6424674987793 4
1711711212687 25.4586181640625 5
1711711212956 18.29865264892578 6
1711711213274 13.962883949279785 7
1711711213560 11.243234634399414 8
1711711213829 9.328339576721191 9
1711711214062 8.2845458984375 10
1711711214335 7.091425895690918 11
1711711214602 6.265064716339111 12
1711711214871 5.851923942565918 13
1711711215139 5.287013053894043 14
1711711215404 4.993102073669434 15
1711711215672 4.650118350982666 16
1711711215913 4.620332717895508 17
1711711216184 4.071473598480225 18
1711711216453 3.8731987476348877 19
1711711216686 3.722409963607788 20
1711711216952 3.6297099590301514 21
1711711217220 3.275705337524414 22
1711711217454 3.2960140705108643 23
1711711217718 2.9421350955963135 24
1711711217985 2.67435622215271 25
1711711218253 2.647385835647583 26
1711711218520 2.4085423946380615 27
1711711218757 2.266721487045288 28
1711711219024 2.1065175533294678 29
1711711219290 2.096381425857544 30
1711711219554 1.8287266492843628 31
1711711219824 1.8084360361099243 32
1711711220055 1.6622143983840942 33
1711711220318 1.688955307006836 34
1711711220585 1.525058388710022 35
1711711220894 1.5105808973312378 36
1711711221163 1.3275530338287354 37
1711711221428 1.2606549263000488 38
1711711221661 1.187476634979248 39
1711711221893 1.2087100744247437 40
1711711222160 1.2254760265350342 41
1711711222395 1.1207674741744995 42
1711711222658 0.9991351366043091 43
1711711222927 0.9526371359825134 44
1711711223190 1.0820690393447876 45
1711711223447 0.8730359673500061 46
1711711223693 0.8787856101989746 47
1711711223962 0.9200285077095032 48
1711711224216 0.8900493383407593 49
