1711711211335 59.1237907409668 0
1711711211608 23.406543731689453 1
1711711211878 8.068702697753906 2
1711711212150 5.2917022705078125 3
1711711212417 3.996588945388794 4
1711711212687 3.4403553009033203 5
1711711212956 2.9771132469177246 6
1711711213274 2.649616003036499 7
1711711213560 2.412677049636841 8
1711711213829 2.216686487197876 9
1711711214062 2.1062092781066895 10
1711711214335 1.9641165733337402 11
1711711214602 1.844818353652954 12
1711711214871 1.7946919202804565 13
1711711215139 1.7029616832733154 14
1711711215404 1.6577693223953247 15
1711711215672 1.6034704446792603 16
1711711215913 1.6065417528152466 17
1711711216184 1.503506064414978 18
1711711216453 1.4665156602859497 19
1711711216686 1.4512783288955688 20
1711711216952 1.433234691619873 21
1711711217220 1.3605142831802368 22
1711711217454 1.3648380041122437 23
1711711217718 1.2836663722991943 24
1711711217985 1.2227822542190552 25
1711711218253 1.2238353490829468 26
1711711218520 1.165395736694336 27
1711711218757 1.1331318616867065 28
1711711219024 1.0869200229644775 29
1711711219290 1.089125156402588 30
1711711219554 1.0126678943634033 31
1711711219824 1.00753915309906 32
1711711220055 0.9721534252166748 33
1711711220318 0.9770186543464661 34
1711711220585 0.9294135570526123 35
1711711220894 0.9293990135192871 36
1711711221163 0.8697993159294128 37
1711711221428 0.8460057377815247 38
1711711221661 0.8173773288726807 39
1711711221893 0.8258745074272156 40
1711711222160 0.8382105827331543 41
1711711222395 0.7982295751571655 42
1711711222658 0.7483784556388855 43
1711711222927 0.7369444370269775 44
1711711223190 0.7952883839607239 45
1711711223447 0.7049607038497925 46
1711711223693 0.7128626108169556 47
1711711223962 0.7250595092773438 48
1711711224216 0.7178130745887756 49
