1711712770513 6603.33349609375 0
1711712770785 1152.0926513671875 1
1711712771057 184.41751098632812 2
1711712771334 100.26026916503906 3
1711712771598 65.34715270996094 4
1711712771865 44.07371139526367 5
1711712772135 31.17137336730957 6
1711712772400 22.803552627563477 7
1711712772666 17.992820739746094 8
1711712772937 14.000280380249023 9
1711712773205 11.900647163391113 10
1711712773477 9.435678482055664 11
1711712773775 7.958654880523682 12
1711712774050 6.905848026275635 13
1711712774313 6.14755392074585 14
1711712774581 5.4298295974731445 15
1711712774852 4.695080757141113 16
1711712775120 4.262951374053955 17
1711712775388 3.991440534591675 18
1711712775656 3.665900945663452 19
1711712775919 3.4453678131103516 20
1711712776189 3.345822334289551 21
1711712776456 3.0828020572662354 22
1711712776720 2.823397636413574 23
1711712776988 2.7299585342407227 24
1711712777223 2.640820264816284 25
1711712777488 2.432096242904663 26
1711712777755 2.1919445991516113 27
1711712778021 2.101975917816162 28
1711712778291 2.2033071517944336 29
1711712778554 1.8702490329742432 30
1711712778792 1.9044498205184937 31
1711712779058 1.6931899785995483 32
1711712779322 1.6896264553070068 33
1711712779558 1.5217947959899902 34
1711712779825 1.4450347423553467 35
1711712780054 1.398679494857788 36
1711712780291 1.4296252727508545 37
1711712780554 1.3242865800857544 38
1711712780792 1.337164044380188 39
1711712781056 1.145706057548523 40
1711712781295 1.3122543096542358 41
1711712781561 1.093773603439331 42
1711712781827 1.1645890474319458 43
1711712782136 1.0496872663497925 44
1711712782372 1.0711822509765625 45
1711712782609 1.0888936519622803 46
