1711712770513 62.762474060058594 0
1711712770785 27.685684204101562 1
1711712771057 9.296777725219727 2
1711712771334 6.521571636199951 3
1711712771598 5.204951763153076 4
1711712771865 4.322278022766113 5
1711712772135 3.69040846824646 6
1711712772400 3.192628860473633 7
1711712772666 2.879953384399414 8
1711712772937 2.5339040756225586 9
1711712773205 2.387178897857666 10
1711712773477 2.1207351684570312 11
1711712773775 1.9540396928787231 12
1711712774050 1.8371974229812622 13
1711712774313 1.7589200735092163 14
1711712774581 1.6590100526809692 15
1711712774852 1.540915608406067 16
1711712775120 1.4803792238235474 17
1711712775388 1.4416258335113525 18
1711712775656 1.3885791301727295 19
1711712775919 1.3521571159362793 20
1711712776189 1.3453744649887085 21
1711712776456 1.285491704940796 22
1711712776720 1.2338541746139526 23
1711712776988 1.2163835763931274 24
1711712777223 1.2067687511444092 25
1711712777488 1.154062271118164 26
1711712777755 1.0966801643371582 27
1711712778021 1.0736205577850342 28
1711712778291 1.1131484508514404 29
1711712778554 1.0218708515167236 30
1711712778792 1.0361632108688354 31
1711712779058 0.9750006198883057 32
1711712779322 0.9768120050430298 33
1711712779558 0.9273134469985962 34
1711712779825 0.9020769000053406 35
1711712780054 0.8866377472877502 36
1711712780291 0.9035921096801758 37
1711712780554 0.8694552779197693 38
1711712780792 0.874666154384613 39
1711712781056 0.7998895645141602 40
1711712781295 0.8735752105712891 41
1711712781561 0.7842065691947937 42
1711712781827 0.8158219456672668 43
1711712782136 0.7799484133720398 44
1711712782372 0.7794756889343262 45
1711712782609 0.7890579700469971 46
