1711712353075 59.63229751586914 0
1711712353350 17.217124938964844 1
1711712353625 7.6993279457092285 2
1711712353924 5.9880475997924805 3
1711712354199 5.0160908699035645 4
1711712354467 4.396273136138916 5
1711712354737 3.7889974117279053 6
1711712355005 3.333282470703125 7
1711712355277 2.9704582691192627 8
1711712355549 2.724759101867676 9
1711712355816 2.4945356845855713 10
1711712356085 2.278696298599243 11
1711712356357 2.074690818786621 12
1711712356628 1.9641361236572266 13
1711712356898 1.8441296815872192 14
1711712357166 1.7528021335601807 15
1711712357487 1.740895390510559 16
1711712357759 1.6245908737182617 17
1711712358024 1.6106253862380981 18
1711712358260 1.5381540060043335 19
1711712358528 1.5569357872009277 20
1711712358774 1.4873477220535278 21
1711712359040 1.4684137105941772 22
1711712359313 1.4280359745025635 23
1711712359548 1.4084488153457642 24
1711712359817 1.3801887035369873 25
1711712360049 1.346158504486084 26
1711712360318 1.3244675397872925 27
1711712360585 1.2943370342254639 28
1711712360853 1.312658429145813 29
1711712361089 1.216150164604187 30
1711712361356 1.2290066480636597 31
1711712361629 1.2021920680999756 32
1711712361898 1.188164234161377 33
1711712362165 1.178635835647583 34
1711712362397 1.1729470491409302 35
1711712362667 1.1029016971588135 36
1711712362936 1.0463122129440308 37
1711712363168 1.123102068901062 38
1711712363435 1.0271143913269043 39
1711712363709 1.0142117738723755 40
1711712363974 1.0881284475326538 41
1711712364243 0.9779525995254517 42
1711712364520 0.9940860271453857 43
1711712364797 0.8932241797447205 44
1711712365065 0.8759976029396057 45
1711712365327 0.8861127495765686 46
1711712365596 0.8571065068244934 47
1711712365872 0.8600704073905945 48
1711712366142 0.8340969085693359 49
