1711712353075 6015.39697265625 0
1711712353350 558.0062866210938 1
1711712353625 121.87271118164062 2
1711712353924 77.88426208496094 3
1711712354199 54.264251708984375 4
1711712354467 40.4461784362793 5
1711712354737 29.542919158935547 6
1711712355005 22.27972412109375 7
1711712355277 17.343854904174805 8
1711712355549 14.348835945129395 9
1711712355816 11.906007766723633 10
1711712356085 9.945415496826172 11
1711712356357 8.29240894317627 12
1711712356628 7.3090128898620605 13
1711712356898 6.400164604187012 14
1711712357166 5.722801685333252 15
1711712357487 5.523361682891846 16
1711712357759 4.8279571533203125 17
1711712358024 4.660865783691406 18
1711712358260 4.287478446960449 19
1711712358528 4.293066024780273 20
1711712358774 3.903090476989746 21
1711712359040 3.780468702316284 22
1711712359313 3.6024560928344727 23
1711712359548 3.4983134269714355 24
1711712359817 3.3854928016662598 25
1711712360049 3.219229221343994 26
1711712360318 3.127168655395508 27
1711712360585 2.9564621448516846 28
1711712360853 3.020920753479004 29
1711712361089 2.650517463684082 30
1711712361356 2.667555093765259 31
1711712361629 2.5662169456481934 32
1711712361898 2.5031917095184326 33
1711712362165 2.4437804222106934 34
1711712362397 2.44045090675354 35
1711712362667 2.1704094409942627 36
1711712362936 1.961052417755127 37
1711712363168 2.241751194000244 38
1711712363435 1.8660888671875 39
1711712363709 1.8327996730804443 40
1711712363974 2.0570666790008545 41
1711712364243 1.718515396118164 42
1711712364520 1.7427128553390503 43
1711712364797 1.4213312864303589 44
1711712365065 1.3607388734817505 45
1711712365327 1.384057879447937 46
1711712365596 1.288969874382019 47
1711712365872 1.3209565877914429 48
1711712366142 1.2303941249847412 49
