1711712434038 6290.83251953125 0
1711712434315 788.451904296875 1
1711712434589 144.72093200683594 2
1711712434860 86.48413848876953 3
1711712435133 56.102169036865234 4
1711712435401 38.03121566772461 5
1711712435667 27.604942321777344 6
1711712435935 21.57539939880371 7
1711712436206 17.441179275512695 8
1711712436474 14.563139915466309 9
1711712436743 12.17303466796875 10
1711712437012 10.128474235534668 11
1711712437286 8.56014347076416 12
1711712437555 7.293643474578857 13
1711712437821 6.633374214172363 14
1711712438210 6.045711040496826 15
1711712438492 5.248251914978027 16
1711712438761 4.875387191772461 17
1711712439034 4.305477619171143 18
1711712439300 4.021340370178223 19
1711712439539 3.573946237564087 20
1711712439803 3.223072052001953 21
1711712440073 2.8200879096984863 22
1711712440308 2.578756809234619 23
1711712440581 2.3583881855010986 24
1711712440844 2.290142774581909 25
1711712441078 1.9610955715179443 26
1711712441346 2.045092821121216 27
1711712441579 1.8053151369094849 28
1711712441846 1.5860168933868408 29
1711712442085 1.624258041381836 30
1711712442350 1.4633091688156128 31
