1711712434038 60.919830322265625 0
1711712434315 21.311321258544922 1
1711712434589 8.227422714233398 2
1711712434860 6.238903999328613 3
1711712435133 5.040229797363281 4
1711712435401 4.194187641143799 5
1711712435667 3.6806445121765137 6
1711712435935 3.329238176345825 7
1711712436206 3.0325098037719727 8
1711712436474 2.78092885017395 9
1711712436743 2.544884204864502 10
1711712437012 2.3380911350250244 11
1711712437286 2.1497981548309326 12
1711712437555 1.9817653894424438 13
1711712437821 1.9018807411193848 14
1711712438210 1.8124072551727295 15
1711712438492 1.6906856298446655 16
1711712438761 1.6404080390930176 17
1711712439034 1.539968729019165 18
1711712439300 1.4961153268814087 19
1711712439539 1.4025449752807617 20
1711712439803 1.3349379301071167 21
1711712440073 1.2541004419326782 22
1711712440308 1.1968238353729248 23
1711712440581 1.15482759475708 24
1711712440844 1.1347625255584717 25
1711712441078 1.051373839378357 26
1711712441346 1.079206109046936 27
1711712441579 1.01326322555542 28
1711712441846 0.9503161907196045 29
1711712442085 0.961937665939331 30
1711712442350 0.9137993454933167 31
