1711710100778 5831.9501953125 0
1711710101052 544.9470825195312 1
1711710101319 122.9529037475586 2
1711710101589 75.62095642089844 3
1711710101853 49.12978744506836 4
1711710102127 31.709657669067383 5
1711710102389 21.93915367126465 6
1711710102660 17.204978942871094 7
1711710102957 13.791881561279297 8
1711710103229 11.134602546691895 9
1711710103498 9.195038795471191 10
1711710103769 7.905741214752197 11
1711710104038 7.286887168884277 12
1711710104304 6.942782402038574 13
1711710104573 6.277139663696289 14
1711710104881 5.914393424987793 15
1711710105150 5.3945393562316895 16
1711710105420 5.129098415374756 17
1711710105686 5.059155464172363 18
1711710105953 4.809629440307617 19
1711710106229 4.733097076416016 20
1711710106496 4.445326805114746 21
1711710106767 4.224618911743164 22
1711710107040 4.3809967041015625 23
1711710107306 4.078055381774902 24
1711710107574 4.054614543914795 25
1711710107807 4.001711845397949 26
1711710108039 3.8414993286132812 27
1711710108302 3.6708316802978516 28
1711710108574 3.816746473312378 29
1711710108843 3.569239854812622 30
1711710109083 3.3986620903015137 31
1711710109347 3.4623188972473145 32
1711710109586 3.4586470127105713 33
1711710109853 3.251411199569702 34
1711710110119 3.1896286010742188 35
1711710110353 3.1436123847961426 36
1711710110617 3.1969995498657227 37
1711710110854 3.092088222503662 38
1711710111124 3.0003793239593506 39
1711710111357 2.943209409713745 40
1711710111589 2.9241158962249756 41
