1711710100778 58.214454650878906 0
1711710101052 17.197628021240234 1
1711710101319 7.50431489944458 2
1711710101589 5.811688423156738 3
1711710101853 4.653643608093262 4
1711710102127 3.7859325408935547 5
1711710102389 3.1803460121154785 6
1711710102660 2.883010149002075 7
1711710102957 2.6029088497161865 8
1711710103229 2.331608295440674 9
1711710103498 2.114755630493164 10
1711710103769 1.979711890220642 11
1711710104038 1.9284613132476807 12
1711710104304 1.911558985710144 13
1711710104573 1.817132592201233 14
1711710104881 1.7639096975326538 15
1711710105150 1.679651141166687 16
1711710105420 1.6544849872589111 17
1711710105686 1.6448404788970947 18
1711710105953 1.608555555343628 19
1711710106229 1.6029820442199707 20
1711710106496 1.548651933670044 21
1711710106767 1.4988577365875244 22
1711710107040 1.5483213663101196 23
1711710107306 1.4823353290557861 24
1711710107574 1.4823070764541626 25
1711710107807 1.4720455408096313 26
1711710108039 1.4343161582946777 27
1711710108302 1.4003139734268188 28
1711710108574 1.434053659439087 29
1711710108843 1.3798595666885376 30
1711710109083 1.3384305238723755 31
1711710109347 1.3574583530426025 32
1711710109586 1.357924461364746 33
1711710109853 1.3055906295776367 34
1711710110119 1.293377161026001 35
1711710110353 1.2882194519042969 36
1711710110617 1.3039417266845703 37
1711710110854 1.2791019678115845 38
1711710111124 1.2554963827133179 39
1711710111357 1.2473348379135132 40
1711710111589 1.2439128160476685 41
