1711957976454 60.747310638427734 0
1711957976732 21.677921295166016 1
1711957977004 8.491593360900879 2
1711957977276 6.218382835388184 3
1711957977546 4.721652984619141 4
1711957977816 3.586019277572632 5
1711957978084 3.058485507965088 6
1711957978358 2.662299871444702 7
1711957978629 2.324071168899536 8
1711957978899 2.087857961654663 9
1711957979167 1.8981455564498901 10
1711957979438 1.7484979629516602 11
1711957979708 1.6105190515518188 12
1711957979975 1.524314284324646 13
1711957980242 1.4708342552185059 14
1711957980508 1.4330328702926636 15
1711957980774 1.3374457359313965 16
1711957981039 1.3080573081970215 17
1711957981304 1.304815411567688 18
1711957981578 1.2969390153884888 19
1711957981812 1.2289949655532837 20
1711957982083 1.1817635297775269 21
1711957982350 1.1493937969207764 22
1711957982615 1.1127808094024658 23
1711957982881 1.0912929773330688 24
1711957983172 1.067446231842041 25
1711957983403 1.0297271013259888 26
1711957983669 0.984995424747467 27
1711957983935 0.9693912863731384 28
1711957984204 0.9243744015693665 29
1711957984437 0.8909857273101807 30
1711957984671 0.9076096415519714 31
