1711957976454 6212.52197265625 0
1711957976732 789.8497924804688 1
1711957977004 150.81239318847656 2
1711957977276 87.56886291503906 3
1711957977546 52.96354293823242 4
1711957977816 31.079648971557617 5
1711957978084 20.522930145263672 6
1711957978358 14.923847198486328 7
1711957978629 11.075543403625488 8
1711957978899 8.76569652557373 9
1711957979167 7.056670665740967 10
1711957979438 5.9521870613098145 11
1711957979708 5.013953685760498 12
1711957979975 4.409000873565674 13
1711957980242 4.064262866973877 14
1711957980508 3.767967462539673 15
1711957980774 3.3274083137512207 16
1711957981039 3.155740261077881 17
1711957981304 3.0892460346221924 18
1711957981578 3.0201256275177 19
1711957981812 2.707188844680786 20
1711957982083 2.542841672897339 21
1711957982350 2.3879828453063965 22
1711957982615 2.2333242893218994 23
1711957982881 2.1615612506866455 24
1711957983172 2.0488224029541016 25
1711957983403 1.9098986387252808 26
1711957983669 1.7655171155929565 27
1711957983935 1.7008681297302246 28
1711957984204 1.5574393272399902 29
1711957984437 1.4464235305786133 30
1711957984671 1.4607924222946167 31
