1711711540389 57.65895080566406 0
1711711540771 18.698707580566406 1
1711711541190 8.564130783081055 2
1711711541474 6.438408374786377 3
1711711541744 5.049406051635742 4
1711711542013 4.0472211837768555 5
1711711542282 3.4200496673583984 6
1711711542549 2.887147903442383 7
1711711542818 2.501749277114868 8
1711711543083 2.2344727516174316 9
1711711543348 2.0024142265319824 10
1711711543618 1.8565454483032227 11
1711711543881 1.7749544382095337 12
1711711544150 1.6935594081878662 13
1711711544417 1.631034255027771 14
1711711544681 1.6144745349884033 15
1711711544915 1.5362420082092285 16
1711711545182 1.5110704898834229 17
1711711545451 1.4890377521514893 18
1711711545679 1.4780627489089966 19
1711711545944 1.4599746465682983 20
1711711546177 1.4158612489700317 21
1711711546473 1.3665274381637573 22
1711711546748 1.4116566181182861 23
1711711546979 1.3536123037338257 24
1711711547244 1.316953182220459 25
1711711547513 1.3114391565322876 26
1711711547780 1.2679462432861328 27
1711711548045 1.293481469154358 28
1711711548307 1.2685071229934692 29
1711711548541 1.1963913440704346 30
1711711548771 1.182468295097351 31
1711711549069 1.134999394416809 32
1711711549345 1.1127821207046509 33
1711711549612 1.099976658821106 34
1711711549878 1.0937471389770508 35
1711711550106 1.0307503938674927 36
1711711550371 1.0464156866073608 37
1711711550603 0.989739179611206 38
1711711550866 0.9293645024299622 39
1711711551097 0.9500746726989746 40
1711711551365 0.8958899974822998 41
