1711711540389 5758.26953125 0
1711711540771 608.9540405273438 1
1711711541190 155.72705078125 2
1711711541474 95.27532196044922 3
1711711541744 60.341209411621094 4
1711711542013 38.642818450927734 5
1711711542282 26.166561126708984 6
1711711542549 17.5462646484375 7
1711711542818 12.42945671081543 8
1711711543083 9.610344886779785 9
1711711543348 7.618292808532715 10
1711711543618 6.42361307144165 11
1711711543881 5.786342620849609 12
1711711544150 5.233219623565674 13
1711711544417 4.848855972290039 14
1711711544681 4.6875224113464355 15
1711711544915 4.273252964019775 16
1711711545182 4.092161655426025 17
1711711545451 3.9136013984680176 18
1711711545679 3.8977644443511963 19
1711711545944 3.7731103897094727 20
1711711546177 3.5624923706054688 21
1711711546473 3.3482255935668945 22
1711711546748 3.525468349456787 23
1711711546979 3.274811029434204 24
1711711547244 3.0871689319610596 25
1711711547513 3.0885674953460693 26
1711711547780 2.8733999729156494 27
1711711548045 2.9710750579833984 28
1711711548307 2.871018171310425 29
1711711548541 2.54750919342041 30
1711711548771 2.488668918609619 31
1711711549069 2.3167972564697266 32
1711711549345 2.2430384159088135 33
1711711549612 2.170494556427002 34
1711711549878 2.1265931129455566 35
1711711550106 1.9136466979980469 36
1711711550371 1.970954418182373 37
1711711550603 1.750064730644226 38
1711711550866 1.5644701719284058 39
1711711551097 1.617341160774231 40
1711711551365 1.4517395496368408 41
