1711714700944 58.804954528808594 0
1711714701219 22.699390411376953 1
1711714701496 9.004916191101074 2
1711714701766 6.42825174331665 3
1711714702039 4.805161476135254 4
1711714702305 3.9288582801818848 5
1711714702574 3.3516578674316406 6
1711714702847 2.8859620094299316 7
1711714703114 2.5678796768188477 8
1711714703384 2.278217077255249 9
1711714703674 2.0709874629974365 10
1711714703958 1.8917938470840454 11
1711714704260 1.7415742874145508 12
1711714704533 1.6278983354568481 13
1711714704804 1.5499145984649658 14
1711714705069 1.4908463954925537 15
1711714705338 1.405977725982666 16
1711714705609 1.3456655740737915 17
1711714705919 1.2555468082427979 18
1711714706189 1.2025630474090576 19
1711714706425 1.113295078277588 20
1711714706697 1.0824782848358154 21
1711714706962 1.000817894935608 22
1711714707232 0.9361262917518616 23
1711714707499 0.9500765800476074 24
1711714707772 0.8663539886474609 25
1711714708039 0.8568758964538574 26
1711714708271 0.82314532995224 27
1711714708539 0.7877873778343201 28
