1711714700944 5907.15966796875 0
1711714701219 827.9984130859375 1
1711714701496 167.56307983398438 2
1711714701766 96.2354736328125 3
1711714702039 57.44065856933594 4
1711714702305 37.406253814697266 5
1711714702574 25.889944076538086 6
1711714702847 18.657154083251953 7
1711714703114 14.193007469177246 8
1711714703384 11.017004013061523 9
1711714703674 8.690505027770996 10
1711714703958 7.073945999145508 11
1711714704260 5.935624122619629 12
1711714704533 5.1089558601379395 13
1711714704804 4.597625255584717 14
1711714705069 4.174334526062012 15
1711714705338 3.7059764862060547 16
1711714705609 3.3564321994781494 17
1711714705919 2.918264865875244 18
1711714706189 2.622860908508301 19
1711714706425 2.2599971294403076 20
1711714706697 2.1147661209106445 21
1711714706962 1.8325227499008179 22
1711714707232 1.6051034927368164 23
1711714707499 1.6154876947402954 24
1711714707772 1.363632082939148 25
1711714708039 1.330736756324768 26
1711714708271 1.2192823886871338 27
1711714708539 1.1245418787002563 28
