1711711417719 59.387603759765625 0
1711711418171 22.2728214263916 1
1711711418683 9.264701843261719 2
1711711418958 6.41098165512085 3
1711711419222 4.4577412605285645 4
1711711419486 3.4369022846221924 5
1711711419751 2.9693474769592285 6
1711711420017 2.567582845687866 7
1711711420284 2.2901451587677 8
1711711420552 2.053532600402832 9
1711711420813 1.8912137746810913 10
1711711421080 1.777761459350586 11
1711711421343 1.6433181762695312 12
1711711421608 1.567659854888916 13
1711711421874 1.4759241342544556 14
1711711422141 1.4653323888778687 15
1711711422372 1.4352527856826782 16
1711711422638 1.4007734060287476 17
1711711422901 1.3451651334762573 18
1711711423178 1.307127833366394 19
1711711423455 1.287147879600525 20
1711711423720 1.2163221836090088 21
1711711423983 1.241338849067688 22
1711711424251 1.1960304975509644 23
1711711424483 1.13396418094635 24
1711711424747 1.1287604570388794 25
1711711424977 1.0794075727462769 26
1711711425245 1.1586625576019287 27
1711711425508 1.0429989099502563 28
1711711425773 1.032132625579834 29
1711711426038 1.0209230184555054 30
1711711426303 0.9633325338363647 31
1711711426572 0.9395149946212769 32
1711711426840 0.9161739349365234 33
1711711427074 0.9600260257720947 34
1711711427309 0.883084237575531 35
1711711427571 0.8353315591812134 36
1711711427802 0.8513263463973999 37
1711711428067 0.8183843493461609 38
1711711428297 0.836262047290802 39
1711711428557 0.8170399069786072 40
1711711428823 0.7483442425727844 41
1711711429103 0.7296157479286194 42
1711711429340 0.7644026875495911 43
1711711429605 0.7051450610160828 44
1711711429872 0.7254641652107239 45
1711711430108 0.7021323442459106 46
1711711430420 0.7354476451873779 47
