1711711417719 5963.74560546875 0
1711711418171 805.244384765625 1
1711711418683 170.4079132080078 2
1711711418958 90.52540588378906 3
1711711419222 46.49588394165039 4
1711711419486 25.978797912597656 5
1711711419751 17.99049186706543 6
1711711420017 13.017838478088379 7
1711711420284 10.140344619750977 8
1711711420552 8.032454490661621 9
1711711420813 6.728518486022949 10
1711711421080 5.840929985046387 11
1711711421343 5.0249552726745605 12
1711711421608 4.528270721435547 13
1711711421874 4.065070629119873 14
1711711422141 3.9472615718841553 15
1711711422372 3.7282421588897705 16
1711711422638 3.576317548751831 17
1711711422901 3.2864816188812256 18
1711711423178 3.0928444862365723 19
1711711423455 2.9797534942626953 20
1711711423720 2.6676721572875977 21
1711711423983 2.7437233924865723 22
1711711424251 2.5192999839782715 23
1711711424483 2.3007712364196777 24
1711711424747 2.2529780864715576 25
1711711424977 2.0946991443634033 26
1711711425245 2.33284592628479 27
1711711425508 1.9311004877090454 28
1711711425773 1.8892583847045898 29
1711711426038 1.8438496589660645 30
1711711426303 1.63394296169281 31
1711711426572 1.5731711387634277 32
1711711426840 1.4900578260421753 33
1711711427074 1.6200945377349854 34
1711711427309 1.3933964967727661 35
1711711427571 1.240255355834961 36
1711711427802 1.2927285432815552 37
1711711428067 1.1872750520706177 38
1711711428297 1.2484616041183472 39
1711711428557 1.1849756240844727 40
1711711428823 1.0006194114685059 41
1711711429103 0.952359139919281 42
1711711429340 1.0360660552978516 43
1711711429605 0.8842945098876953 44
1711711429872 0.9259924292564392 45
1711711430108 0.8701182007789612 46
1711711430420 0.9470695853233337 47
