1711714843408 59.18001937866211 0
1711714843691 20.456514358520508 1
1711714843970 8.469021797180176 2
1711714844288 6.118312358856201 3
1711714844561 4.5257062911987305 4
1711714844833 3.505561113357544 5
1711714845107 3.0133965015411377 6
1711714845379 2.554922580718994 7
1711714845653 2.285569906234741 8
1711714845925 2.066699266433716 9
1711714846197 1.8680822849273682 10
1711714846469 1.720770239830017 11
1711714846739 1.6395469903945923 12
1711714847010 1.5505117177963257 13
1711714847279 1.4588786363601685 14
1711714847550 1.4228780269622803 15
1711714847819 1.3484361171722412 16
1711714848059 1.3212487697601318 17
1711714848296 1.24740469455719 18
1711714848564 1.1977951526641846 19
1711714848838 1.1517081260681152 20
1711714849107 1.0943697690963745 21
1711714849378 1.065049648284912 22
1711714849647 1.07040274143219 23
1711714849883 0.9765660762786865 24
1711714850153 0.9996036887168884 25
1711714850390 0.9661604762077332 26
1711714850659 0.907426118850708 27
1711714850897 0.8629084229469299 28
1711714851166 0.885575532913208 29
1711714851403 0.8447684049606323 30
1711714851676 0.7933177947998047 31
1711714851942 0.8005832433700562 32
1711714852297 0.7541785836219788 33
1711714852545 0.8027029037475586 34
1711714852830 0.7639968395233154 35
1711714853076 0.7283474802970886 36
1711714853375 0.7483054995536804 37
1711714853628 0.7031437754631042 38
1711714853865 0.7126293182373047 39
