1711714843408 6002.86376953125 0
1711714843691 713.1882934570312 1
1711714843970 149.59042358398438 2
1711714844288 86.94046020507812 3
1711714844561 50.987388610839844 4
1711714844833 30.521692276000977 5
1711714845107 21.079477310180664 6
1711714845379 14.933487892150879 7
1711714845653 11.354818344116211 8
1711714845925 8.932815551757812 9
1711714846197 7.176225662231445 10
1711714846469 5.998596668243408 11
1711714846739 5.278158664703369 12
1711714847010 4.643413066864014 13
1711714847279 4.087913990020752 14
1711714847550 3.7905261516571045 15
1711714847819 3.394665241241455 16
1711714848059 3.227947235107422 17
1711714848296 2.851094961166382 18
1711714848564 2.670987129211426 19
1711714848838 2.4440195560455322 20
1711714849107 2.2087018489837646 21
1711714849378 2.1194260120391846 22
1711714849647 2.0936102867126465 23
1711714849883 1.7723236083984375 24
1711714850153 1.836053729057312 25
1711714850390 1.7115238904953003 26
1711714850659 1.5126230716705322 27
1711714850897 1.378088116645813 28
1711714851166 1.4186292886734009 29
1711714851403 1.3000366687774658 30
1711714851676 1.1580897569656372 31
1711714851942 1.156916856765747 32
1711714852297 1.0398002862930298 33
1711714852545 1.1466139554977417 34
1711714852830 1.0448691844940186 35
1711714853076 0.9496294260025024 36
1711714853375 0.9892293214797974 37
1711714853628 0.8840805888175964 38
1711714853865 0.9197167158126831 39
