1711708173757 6166.322265625 0
1711708174027 1040.9112548828125 1
1711708174382 158.37860107421875 2
1711708174650 91.6837158203125 3
1711708174917 55.2937126159668 4
1711708175181 33.840919494628906 5
1711708175449 21.826597213745117 6
1711708175714 16.777990341186523 7
1711708175976 14.148110389709473 8
1711708176244 11.752488136291504 9
1711708176507 10.47746753692627 10
1711708176770 9.346576690673828 11
1711708177038 8.235637664794922 12
1711708177303 7.26585054397583 13
1711708177566 6.894328594207764 14
1711708177833 6.1446309089660645 15
1711708178063 5.991894721984863 16
1711708178326 5.462418556213379 17
1711708178590 5.097508430480957 18
1711708178824 4.733919620513916 19
1711708179089 4.679853439331055 20
1711708179360 4.27712869644165 21
1711708179624 4.082258224487305 22
1711708179891 3.9670255184173584 23
1711708180154 3.620114803314209 24
1711708180387 3.4521853923797607 25
1711708180652 3.219316244125366 26
1711708180917 3.0393640995025635 27
1711708181182 2.8202786445617676 28
1711708181455 2.6885995864868164 29
1711708181714 2.507908582687378 30
1711708181998 2.3081188201904297 31
1711708182228 2.1517562866210938 32
1711708182492 2.003615140914917 33
1711708182723 1.7318888902664185 34
1711708182990 1.5491087436676025 35
1711708183220 1.5356656312942505 36
1711708183486 1.4462741613388062 37
1711708183748 1.3363186120986938 38
1711708183982 1.2470948696136475 39
1711708184224 1.1920654773712158 40
