1711708173757 60.6905517578125 0
1711708174027 25.991342544555664 1
1711708174382 8.625296592712402 2
1711708174650 6.356424331665039 3
1711708174917 4.848503589630127 4
1711708175181 3.8331472873687744 5
1711708175449 3.1303999423980713 6
1711708175714 2.856013774871826 7
1711708175976 2.6830391883850098 8
1711708176244 2.4591357707977295 9
1711708176507 2.3469066619873047 10
1711708176770 2.230679988861084 11
1711708177038 2.097560167312622 12
1711708177303 1.9711403846740723 13
1711708177566 1.9389506578445435 14
1711708177833 1.8240118026733398 15
1711708178063 1.821931004524231 16
1711708178326 1.7303913831710815 17
1711708178590 1.6757551431655884 18
1711708178824 1.6087327003479004 19
1711708179089 1.6130062341690063 20
1711708179360 1.5314428806304932 21
1711708179624 1.4933972358703613 22
1711708179891 1.475197196006775 23
1711708180154 1.4071943759918213 24
1711708180387 1.3721948862075806 25
1711708180652 1.326819896697998 26
1711708180917 1.282315969467163 27
1711708181182 1.2293801307678223 28
1711708181455 1.2030023336410522 29
1711708181714 1.161415696144104 30
1711708181998 1.1171646118164062 31
1711708182228 1.0785212516784668 32
1711708182492 1.0410152673721313 33
1711708182723 0.9677349925041199 34
1711708182990 0.9088726043701172 35
1711708183220 0.915698766708374 36
1711708183486 0.8877386450767517 37
1711708183748 0.8500270843505859 38
1711708183982 0.8220800757408142 39
1711708184224 0.8056860566139221 40
