1711713917744 57.675025939941406 0
1711713918013 19.22506332397461 1
1711713918283 7.681262969970703 2
1711713918553 5.036730766296387 3
1711713918821 3.739905595779419 4
1711713919096 3.203136444091797 5
1711713919365 2.8099989891052246 6
1711713919634 2.499175786972046 7
1711713919901 2.330909490585327 8
1711713920168 2.149076461791992 9
1711713920436 1.9803435802459717 10
1711713920706 1.8739351034164429 11
1711713920971 1.815704345703125 12
1711713921240 1.7262561321258545 13
1711713921507 1.6605678796768188 14
1711713921775 1.6551835536956787 15
1711713922040 1.65671706199646 16
1711713922306 1.5439300537109375 17
1711713922573 1.553713321685791 18
1711713922840 1.5297656059265137 19
1711713923075 1.4998269081115723 20
1711713923343 1.457218885421753 21
1711713923648 1.46805739402771 22
1711713923892 1.4070136547088623 23
1711713924155 1.3967010974884033 24
1711713924390 1.4468069076538086 25
1711713924657 1.3582521677017212 26
1711713924891 1.410772442817688 27
1711713925159 1.3624573945999146 28
1711713925424 1.293901801109314 29
1711713925658 1.2988699674606323 30
1711713925890 1.3023796081542969 31
