1711713917744 5721.54931640625 0
1711713918013 647.8405151367188 1
1711713918283 127.80461883544922 2
1711713918553 62.465065002441406 3
1711713918821 32.91545867919922 4
1711713919096 21.867216110229492 5
1711713919365 15.994543075561523 6
1711713919634 12.278794288635254 7
1711713919901 10.345544815063477 8
1711713920168 8.67602825164795 9
1711713920436 7.296739101409912 10
1711713920706 6.464722633361816 11
1711713920971 6.011861324310303 12
1711713921240 5.438423156738281 13
1711713921507 4.989007472991943 14
1711713921775 4.9111833572387695 15
1711713922040 4.8696160316467285 16
1711713922306 4.28762674331665 17
1711713922573 4.288670063018799 18
1711713922840 4.151538848876953 19
1711713923075 4.0009284019470215 20
1711713923343 3.8008596897125244 21
1711713923648 3.850074529647827 22
1711713923892 3.5722413063049316 23
1711713924155 3.4894967079162598 24
1711713924390 3.703253984451294 25
1711713924657 3.289360284805298 26
1711713924891 3.4996871948242188 27
1711713925159 3.287209987640381 28
1711713925424 2.9803261756896973 29
1711713925658 3.0242919921875 30
1711713925890 3.029881715774536 31
