1711710934872 58.467369079589844 0
1711710935144 18.402786254882812 1
1711710935412 8.504108428955078 2
1711710935691 5.844404697418213 3
1711710935958 4.363404750823975 4
1711710936224 3.558558702468872 5
1711710936493 3.1245765686035156 6
1711710936758 2.751479387283325 7
1711710937029 2.4788169860839844 8
1711710937342 2.284188747406006 9
1711710937607 2.177039384841919 10
1711710937877 2.07719349861145 11
1711710938144 1.991607666015625 12
1711710938407 1.8851159811019897 13
1711710938642 1.8548693656921387 14
1711710938911 1.7847501039505005 15
1711710939173 1.7071210145950317 16
1711710939441 1.6925793886184692 17
1711710939705 1.7198553085327148 18
1711710939971 1.6946409940719604 19
1711710940206 1.6571732759475708 20
1711710940438 1.61677885055542 21
