1711710934872 5831.40087890625 0
1711710935144 594.1697998046875 1
1711710935412 143.1603546142578 2
1711710935691 78.41175842285156 3
1711710935958 45.1342887878418 4
1711710936224 28.769227981567383 5
1711710936493 20.83014678955078 6
1711710936758 15.723650932312012 7
1711710937029 12.556483268737793 8
1711710937342 10.428629875183105 9
1711710937607 9.207557678222656 10
1711710937877 8.223594665527344 11
1711710938144 7.570915699005127 12
1711710938407 6.78392219543457 13
1711710938642 6.422911167144775 14
1711710938911 5.9806060791015625 15
1711710939173 5.52403450012207 16
1711710939441 5.371180057525635 17
1711710939705 5.420188903808594 18
1711710939971 5.310511112213135 19
1711710940206 5.077466011047363 20
1711710940438 4.879112720489502 21
