1711714361874 5655.78515625 0
1711714362150 750.271484375 1
1711714362420 139.46310424804688 2
1711714362690 83.15716552734375 3
1711714362961 52.4240837097168 4
1711714363226 35.020225524902344 5
1711714363495 25.09444236755371 6
1711714363766 19.757095336914062 7
1711714364032 15.741201400756836 8
1711714364303 13.336780548095703 9
1711714364577 10.83838939666748 10
1711714364847 9.1282320022583 11
1711714365123 7.7521820068359375 12
1711714365392 6.997547149658203 13
1711714365662 6.346409320831299 14
1711714365929 5.954780101776123 15
1711714366197 5.734094619750977 16
1711714366464 5.319089889526367 17
1711714366704 5.175526142120361 18
1711714366968 5.03857946395874 19
1711714367236 4.932183265686035 20
1711714367472 4.7709503173828125 21
1711714367741 4.636214256286621 22
1711714367978 4.686403274536133 23
1711714368248 4.539330005645752 24
