1711714361874 57.28175735473633 0
1711714362150 21.28510093688965 1
1711714362420 7.994929790496826 2
1711714362690 5.929477214813232 3
1711714362961 4.655763149261475 4
1711714363226 3.9140381813049316 5
1711714363495 3.397839307785034 6
1711714363766 3.0755956172943115 7
1711714364032 2.770918607711792 8
1711714364303 2.572890281677246 9
1711714364577 2.3330185413360596 10
1711714364847 2.1378586292266846 11
1711714365123 1.9824167490005493 12
1711714365392 1.9043078422546387 13
1711714365662 1.8144620656967163 14
1711714365929 1.7655423879623413 15
1711714366197 1.735163927078247 16
1711714366464 1.673541784286499 17
1711714366704 1.643545150756836 18
1711714366968 1.6310697793960571 19
1711714367236 1.618265986442566 20
1711714367472 1.583145022392273 21
1711714367741 1.5582094192504883 22
1711714367978 1.5757426023483276 23
1711714368248 1.5440559387207031 24
