1711713719351 5867.0673828125 0
1711713719623 894.2211303710938 1
1711713719894 158.64601135253906 2
1711713720167 90.35101318359375 3
1711713720431 49.997005462646484 4
1711713720699 29.674280166625977 5
1711713720967 20.328752517700195 6
1711713721234 15.457244873046875 7
1711713721502 12.536358833312988 8
1711713721772 9.835015296936035 9
1711713722038 8.150274276733398 10
1711713722308 6.899240493774414 11
1711713722576 5.709100246429443 12
1711713722845 5.066644668579102 13
1711713723120 4.526629447937012 14
1711713723387 4.037006378173828 15
1711713723621 3.997725486755371 16
1711713723924 3.7014236450195312 17
1711713724194 3.6435790061950684 18
1711713724457 3.5877790451049805 19
1711713724726 3.398703098297119 20
1711713724969 3.2553188800811768 21
1711713725254 3.2338292598724365 22
1711713725490 2.8793716430664062 23
1711713725767 2.8099801540374756 24
1711713726007 3.027216672897339 25
1711713726275 2.582852602005005 26
1711713726539 2.5951154232025146 27
1711713726805 2.2749431133270264 28
1711713727074 2.1377577781677246 29
1711713727339 2.01633882522583 30
1711713727607 1.9901436567306519 31
1711713727841 1.928954839706421 32
1711713728117 1.7179937362670898 33
1711713728350 1.711613416671753 34
1711713728581 1.7414648532867432 35
1711713728845 1.456046462059021 36
1711713729112 1.506384015083313 37
1711713729378 1.359047293663025 38
1711713729616 1.3547773361206055 39
1711713729884 1.2592716217041016 40
1711713730191 1.3279613256454468 41
1711713730425 1.2068939208984375 42
1711713730694 1.0388047695159912 43
1711713730931 1.1709545850753784 44
1711713731195 0.9780339598655701 45
1711713731427 0.9329104423522949 46
1711713731660 0.9915876388549805 47
1711713731973 0.9202454686164856 48
1711713732209 1.0538374185562134 49
