1711713719351 58.81817626953125 0
1711713719623 23.469846725463867 1
1711713719894 8.85949420928955 2
1711713720167 6.331181049346924 3
1711713720431 4.5357346534729 4
1711713720699 3.552947521209717 5
1711713720967 3.0362679958343506 6
1711713721234 2.7535462379455566 7
1711713721502 2.515406608581543 8
1711713721772 2.244271993637085 9
1711713722038 2.0655224323272705 10
1711713722308 1.9199639558792114 11
1711713722576 1.7488527297973633 12
1711713722845 1.667169451713562 13
1711713723120 1.5802074670791626 14
1711713723387 1.495042085647583 15
1711713723621 1.4993431568145752 16
1711713723924 1.445407509803772 17
1711713724194 1.4317677021026611 18
1711713724457 1.4393426179885864 19
1711713724726 1.3980690240859985 20
1711713724969 1.3616693019866943 21
1711713725254 1.361638069152832 22
1711713725490 1.2855699062347412 23
1711713725767 1.2722357511520386 24
1711713726007 1.3410766124725342 25
1711713726275 1.2212977409362793 26
1711713726539 1.2266278266906738 27
1711713726805 1.1445152759552002 28
1711713727074 1.1089823246002197 29
1711713727339 1.0762836933135986 30
1711713727607 1.072715401649475 31
1711713727841 1.0592423677444458 32
1711713728117 0.9988361597061157 33
1711713728350 1.0026408433914185 34
1711713728581 1.0112515687942505 35
1711713728845 0.9155420064926147 36
1711713729112 0.933793306350708 37
1711713729378 0.8918874263763428 38
1711713729616 0.8865329027175903 39
1711713729884 0.8528508543968201 40
1711713730191 0.8859425783157349 41
1711713730425 0.839519739151001 42
1711713730694 0.7782729864120483 43
1711713730931 0.8283460140228271 44
1711713731195 0.7588258385658264 45
1711713731427 0.7371849417686462 46
1711713731660 0.7624697089195251 47
1711713731973 0.7368940114974976 48
1711713732209 0.7802859544754028 49
