1711710473063 5708.2041015625 0
1711710473340 730.8687744140625 1
1711710473610 154.5977325439453 2
1711710473878 86.15511322021484 3
1711710474151 53.02693176269531 4
1711710474424 35.620723724365234 5
1711710474689 26.43485450744629 6
1711710474957 20.5045108795166 7
1711710475226 15.99044418334961 8
1711710475498 12.675790786743164 9
1711710475831 10.123115539550781 10
1711710476103 8.360197067260742 11
1711710476371 7.049466133117676 12
1711710476648 6.277559280395508 13
1711710476924 5.464880466461182 14
1711710477166 5.101665496826172 15
1711710477439 4.60213041305542 16
1711710477703 4.353545188903809 17
1711710477975 4.1206817626953125 18
1711710478244 3.978379011154175 19
1711710478512 3.91644287109375 20
1711710478747 3.5506327152252197 21
1711710479015 3.521136522293091 22
1711710479287 3.3059298992156982 23
1711710479558 3.295759916305542 24
1711710479790 3.2634189128875732 25
1711710480056 3.262733221054077 26
1711710480323 3.167941093444824 27
1711710480590 2.9661507606506348 28
1711710480821 3.129141330718994 29
1711710481095 2.8882458209991455 30
