1711710473063 58.010162353515625 0
1711710473340 20.899316787719727 1
1711710473610 8.674792289733887 2
1711710473878 6.013584613800049 3
1711710474151 4.634891510009766 4
1711710474424 3.9261043071746826 5
1711710474689 3.472909688949585 6
1711710474957 3.089848518371582 7
1711710475226 2.7498300075531006 8
1711710475498 2.4542698860168457 9
1711710475831 2.2127115726470947 10
1711710476103 2.032236337661743 11
1711710476371 1.8878669738769531 12
1711710476648 1.8028143644332886 13
1711710476924 1.690245270729065 14
1711710477166 1.6521964073181152 15
1711710477439 1.5684314966201782 16
1711710477703 1.533996820449829 17
1711710477975 1.4884777069091797 18
1711710478244 1.4702706336975098 19
1711710478512 1.4632749557495117 20
1711710478747 1.3862382173538208 21
1711710479015 1.38817298412323 22
1711710479287 1.3417315483093262 23
1711710479558 1.3338605165481567 24
1711710479790 1.3299204111099243 25
1711710480056 1.328283429145813 26
1711710480323 1.3172788619995117 27
1711710480590 1.265985369682312 28
1711710480821 1.3141560554504395 29
1711710481095 1.2578620910644531 30
