1711710044083 6553.4765625 0
1711710044352 1012.6528930664062 1
1711710044623 167.7002410888672 2
1711710044893 99.12638092041016 3
1711710045163 68.43370819091797 4
1711710045427 49.04142761230469 5
1711710045698 36.87552261352539 6
1711710045963 28.88981056213379 7
1711710046231 22.989917755126953 8
1711710046499 19.450611114501953 9
1711710046771 16.547100067138672 10
1711710047050 14.46733570098877 11
1711710047316 12.726202011108398 12
1711710047587 11.286124229431152 13
1711710047855 10.192439079284668 14
1711710048119 9.68409252166748 15
1711710048386 8.641770362854004 16
1711710048654 8.125096321105957 17
1711710048927 8.093379974365234 18
1711710049159 7.142482280731201 19
1711710049426 6.619640350341797 20
1711710049695 6.421926498413086 21
1711710050019 6.368573188781738 22
1711710050289 5.860470771789551 23
1711710050556 5.531584739685059 24
1711710050823 5.448443412780762 25
1711710051059 5.367426872253418 26
1711710051326 5.1341552734375 27
1711710051592 4.971123218536377 28
1711710051858 4.80067777633667 29
1711710052088 4.679598331451416 30
1711710052354 4.5654683113098145 31
1711710052621 4.546294212341309 32
1711710052890 4.250206470489502 33
1711710053159 4.225199222564697 34
1711710053387 4.228963851928711 35
1711710053620 4.155740737915039 36
