1711710044083 62.58311080932617 0
1711710044352 25.271997451782227 1
1711710044623 9.20084285736084 2
1711710044893 6.747779846191406 3
1711710045163 5.586691379547119 4
1711710045427 4.7736968994140625 5
1711710045698 4.232163429260254 6
1711710045963 3.8531224727630615 7
1711710046231 3.4860777854919434 8
1711710046499 3.2574100494384766 9
1711710046771 3.0049986839294434 10
1711710047050 2.8202221393585205 11
1711710047316 2.6413209438323975 12
1711710047587 2.4645183086395264 13
1711710047855 2.3431975841522217 14
1711710048119 2.2855935096740723 15
1711710048386 2.156339168548584 16
1711710048654 2.0890398025512695 17
1711710048927 2.094961643218994 18
1711710049159 1.9514836072921753 19
1711710049426 1.8822438716888428 20
1711710049695 1.854099988937378 21
1711710050019 1.8603851795196533 22
1711710050289 1.780454158782959 23
1711710050556 1.7181687355041504 24
1711710050823 1.710292935371399 25
1711710051059 1.6967110633850098 26
1711710051326 1.6635572910308838 27
1711710051592 1.62955641746521 28
1711710051858 1.6034164428710938 29
1711710052088 1.5818328857421875 30
1711710052354 1.5613232851028442 31
1711710052621 1.5714353322982788 32
1711710052890 1.502629041671753 33
1711710053159 1.501722812652588 34
1711710053387 1.5040479898452759 35
1711710053620 1.4885390996932983 36
