1711709905270 6215.10107421875 0
1711709905547 881.1397705078125 1
1711709905815 157.47943115234375 2
1711709906088 97.09873962402344 3
1711709906353 62.0488166809082 4
1711709906624 37.01097869873047 5
1711709906887 25.315946578979492 6
1711709907157 18.81085777282715 7
1711709907466 13.987067222595215 8
1711709907737 10.532837867736816 9
1711709908002 8.552465438842773 10
1711709908268 7.222783088684082 11
1711709908549 6.373732089996338 12
1711709908830 5.613979339599609 13
1711709909099 5.007872581481934 14
1711709909365 4.4980645179748535 15
1711709909650 4.193761348724365 16
1711709909916 3.9422078132629395 17
1711709910206 3.758608341217041 18
1711709910471 3.657654285430908 19
1711709910703 3.523988962173462 20
1711709910970 3.2980847358703613 21
1711709911235 3.1209700107574463 22
1711709911502 3.0845580101013184 23
1711709911772 2.751732110977173 24
1711709912036 2.8764476776123047 25
1711709912303 2.838376522064209 26
1711709912571 2.6530301570892334 27
1711709912800 2.476134777069092 28
1711709913069 2.469738245010376 29
1711709913302 2.249652624130249 30
1711709913538 2.2352941036224365 31
