1711709905270 60.4443244934082 0
1711709905547 23.629653930664062 1
1711709905815 8.710333824157715 2
1711709906088 6.738610744476318 3
1711709906353 5.209631443023682 4
1711709906624 4.085397243499756 5
1711709906887 3.476691961288452 6
1711709907157 3.0631775856018066 7
1711709907466 2.609239339828491 8
1711709907737 2.285715103149414 9
1711709908002 2.0898385047912598 10
1711709908268 1.933051347732544 11
1711709908549 1.8270481824874878 12
1711709908830 1.7263267040252686 13
1711709909099 1.628671407699585 14
1711709909365 1.5524406433105469 15
1711709909650 1.5099573135375977 16
1711709909916 1.4646434783935547 17
1711709910206 1.4406847953796387 18
1711709910471 1.4289993047714233 19
1711709910703 1.4005157947540283 20
1711709910970 1.3576499223709106 21
1711709911235 1.3198820352554321 22
1711709911502 1.318562388420105 23
1711709911772 1.242222785949707 24
1711709912036 1.2792001962661743 25
1711709912303 1.2777347564697266 26
1711709912571 1.2279777526855469 27
1711709912800 1.1812859773635864 28
1711709913069 1.189266562461853 29
1711709913302 1.1234080791473389 30
1711709913538 1.1249710321426392 31
