1711958665688 5870.015625 0
1711958665963 785.5305786132812 1
1711958666233 151.47454833984375 2
1711958666502 89.90400695800781 3
1711958666770 55.755123138427734 4
1711958667037 37.907928466796875 5
1711958667309 28.3206844329834 6
1711958667578 22.734872817993164 7
1711958667845 18.863584518432617 8
1711958668111 15.14774227142334 9
1711958668426 12.189902305603027 10
1711958668693 10.107949256896973 11
1711958668961 8.098114013671875 12
1711958669229 6.5795111656188965 13
1711958669494 5.404470443725586 14
1711958669774 4.78149938583374 15
1711958670041 4.415619850158691 16
1711958670308 4.093158721923828 17
1711958670544 3.8386805057525635 18
1711958670810 3.567279100418091 19
1711958671077 3.48305344581604 20
1711958671342 3.268906593322754 21
1711958671580 3.2983412742614746 22
1711958671843 2.8589932918548584 23
1711958672092 2.7465341091156006 24
1711958672388 2.663802146911621 25
1711958672686 2.5664141178131104 26
1711958672976 2.637726306915283 27
1711958673215 2.2694284915924072 28
