1711958665688 58.60349655151367 0
1711958665963 22.19483757019043 1
1711958666233 8.374180793762207 2
1711958666502 6.0644612312316895 3
1711958666770 4.621052265167236 4
1711958667037 3.924391746520996 5
1711958667309 3.5534443855285645 6
1711958667578 3.258751392364502 7
1711958667845 3.0273125171661377 8
1711958668111 2.7268056869506836 9
1711958668426 2.4616167545318604 10
1711958668693 2.2513787746429443 11
1711958668961 2.014233112335205 12
1711958669229 1.8389756679534912 13
1711958669494 1.6817221641540527 14
1711958669774 1.6026878356933594 15
1711958670041 1.5508273839950562 16
1711958670308 1.5008126497268677 17
1711958670544 1.459680199623108 18
1711958670810 1.403637170791626 19
1711958671077 1.4030991792678833 20
1711958671342 1.355320692062378 21
1711958671580 1.3702428340911865 22
1711958671843 1.2719426155090332 23
1711958672092 1.254044532775879 24
1711958672388 1.2394914627075195 25
1711958672686 1.2162188291549683 26
1711958672976 1.2300498485565186 27
1711958673215 1.1430341005325317 28
