1711958610602 6279.46240234375 0
1711958610875 578.10009765625 1
1711958611140 126.62201690673828 2
1711958611404 70.21795654296875 3
1711958611668 42.71832275390625 4
1711958611934 30.009559631347656 5
1711958612197 21.805946350097656 6
1711958612464 16.63638687133789 7
1711958612692 13.257556915283203 8
1711958612959 10.8084716796875 9
1711958613222 9.726676940917969 10
1711958613486 8.646449089050293 11
1711958613748 7.8231072425842285 12
1711958614024 7.364151954650879 13
1711958614288 6.941093921661377 14
1711958614550 6.37161111831665 15
1711958614813 6.039735317230225 16
1711958615076 5.830689430236816 17
1711958615344 5.427960395812988 18
1711958615608 5.333163738250732 19
1711958615835 5.720407962799072 20
1711958616102 4.957814693450928 21
1711958616328 5.042414665222168 22
1711958616556 4.608234882354736 23
1711958616815 4.41544771194458 24
1711958617077 4.350985050201416 25
1711958617309 4.054957866668701 26
1711958617571 3.9826056957244873 27
1711958617797 3.8742024898529053 28
1711958618060 3.7995057106018066 29
1711958618323 3.9428975582122803 30
1711958618551 3.553539514541626 31
1711958618813 3.3355538845062256 32
1711958619078 3.127084255218506 33
1711958619338 3.198957681655884 34
1711958619626 3.0897328853607178 35
1711958619857 2.9559903144836426 36
1711958620115 2.7824361324310303 37
1711958620473 2.584181308746338 38
1711958620702 2.6079602241516113 39
1711958620964 2.5187947750091553 40
1711958621195 2.3613436222076416 41
1711958621478 2.233257532119751 42
1711958621741 2.2616751194000244 43
1711958621969 2.123683452606201 44
1711958622236 1.9785650968551636 45
1711958622496 1.9827368259429932 46
1711958622757 1.9501737356185913 47
1711958622984 1.7900071144104004 48
1711958623246 1.585425853729248 49
