1711958610602 60.891204833984375 0
1711958610875 17.696138381958008 1
1711958611140 7.779743671417236 2
1711958611404 5.3961591720581055 3
1711958611668 4.2217230796813965 4
1711958611934 3.6802778244018555 5
1711958612197 3.1565566062927246 6
1711958612464 2.788942575454712 7
1711958612692 2.528841257095337 8
1711958612959 2.294649124145508 9
1711958613222 2.2228219509124756 10
1711958613486 2.1158134937286377 11
1711958613748 2.0203943252563477 12
1711958614024 1.9816125631332397 13
1711958614288 1.933115839958191 14
1711958614550 1.8405646085739136 15
1711958614813 1.8072621822357178 16
1711958615076 1.7861173152923584 17
1711958615344 1.728058099746704 18
1711958615608 1.7083688974380493 19
1711958615835 1.7983115911483765 20
1711958616102 1.6596592664718628 21
1711958616328 1.6865038871765137 22
1711958616556 1.6049013137817383 23
1711958616815 1.5654990673065186 24
1711958617077 1.5673699378967285 25
1711958617309 1.506422519683838 26
1711958617571 1.4886682033538818 27
1711958617797 1.4784742593765259 28
1711958618060 1.4647492170333862 29
1711958618323 1.5000146627426147 30
1711958618551 1.4203100204467773 31
1711958618813 1.3732144832611084 32
1711958619078 1.327047348022461 33
1711958619338 1.3442906141281128 34
1711958619626 1.325806736946106 35
1711958619857 1.2870701551437378 36
1711958620115 1.2473068237304688 37
1711958620473 1.2045633792877197 38
1711958620702 1.21537184715271 39
1711958620964 1.1877506971359253 40
1711958621195 1.1526823043823242 41
1711958621478 1.1182175874710083 42
1711958621741 1.1299210786819458 43
1711958621969 1.0944043397903442 44
1711958622236 1.047633409500122 45
1711958622496 1.0619834661483765 46
1711958622757 1.0427988767623901 47
1711958622984 1.0032581090927124 48
1711958623246 0.9437015652656555 49
