1711708677984 5586.0419921875 0
1711708678270 609.9920043945312 1
1711708678536 125.73971557617188 2
1711708678805 73.97026062011719 3
1711708679071 47.18796157836914 4
1711708679337 32.4902229309082 5
1711708679597 25.33779525756836 6
1711708679865 20.3563232421875 7
1711708680130 15.826824188232422 8
1711708680392 12.398639678955078 9
1711708680669 9.993348121643066 10
1711708680931 8.075481414794922 11
1711708681198 6.67703104019165 12
1711708681460 5.666360855102539 13
1711708681729 4.918652534484863 14
1711708681993 4.372422218322754 15
1711708682225 4.042681694030762 16
1711708682490 3.739586114883423 17
1711708682754 3.3689889907836914 18
1711708682985 3.2780351638793945 19
1711708683246 2.9247727394104004 20
1711708683574 2.8208565711975098 21
1711708683839 2.5347824096679688 22
1711708684105 2.4574546813964844 23
1711708684371 2.1257941722869873 24
1711708684636 2.0240025520324707 25
1711708684866 2.049237012863159 26
1711708685127 1.9178078174591064 27
1711708685394 1.8136875629425049 28
1711708685626 1.7234548330307007 29
1711708685892 1.6874690055847168 30
1711708686123 1.398553729057312 31
1711708686387 1.2960197925567627 32
1711708686650 1.343459963798523 33
1711708686881 1.4698643684387207 34
1711708687142 1.3286385536193848 35
1711708687408 1.054386019706726 36
1711708687638 1.0168689489364624 37
1711708687904 0.9456785917282104 38
1711708688168 0.8803451657295227 39
1711708688433 0.8636921048164368 40
1711708688695 0.8582891821861267 41
1711708688959 0.9121672511100769 42
1711708689222 0.8654488325119019 43
