1711708677984 56.72104263305664 0
1711708678270 18.634746551513672 1
1711708678536 7.602693557739258 2
1711708678805 5.633936405181885 3
1711708679071 4.524480819702148 4
1711708679337 3.853717803955078 5
1711708679597 3.4480485916137695 6
1711708679865 3.1080515384674072 7
1711708680130 2.725907802581787 8
1711708680392 2.4093995094299316 9
1711708680669 2.166762351989746 10
1711708680931 1.9585133790969849 11
1711708681198 1.81385338306427 12
1711708681460 1.671107530593872 13
1711708681729 1.576608419418335 14
1711708681993 1.498409390449524 15
1711708682225 1.4576208591461182 16
1711708682490 1.4179013967514038 17
1711708682754 1.345919132232666 18
1711708682985 1.345994234085083 19
1711708683246 1.2621783018112183 20
1711708683574 1.2464494705200195 21
1711708683839 1.1769965887069702 22
1711708684105 1.1721056699752808 23
1711708684371 1.0791455507278442 24
1711708684636 1.0598959922790527 25
1711708684866 1.0747380256652832 26
1711708685127 1.0397666692733765 27
1711708685394 1.0147205591201782 28
1711708685626 0.9917483329772949 29
1711708685892 0.9927349090576172 30
1711708686123 0.8893229961395264 31
1711708686387 0.8596905469894409 32
1711708686650 0.8792029023170471 33
1711708686881 0.9196508526802063 34
1711708687142 0.8800336718559265 35
1711708687408 0.7736647129058838 36
1711708687638 0.7640132904052734 37
1711708687904 0.7390713095664978 38
1711708688168 0.7148656845092773 39
1711708688433 0.7072685360908508 40
1711708688695 0.7038891315460205 41
1711708688959 0.7362902164459229 42
1711708689222 0.7149075269699097 43
