1711958744586 60.04475784301758 0
1711958744863 19.43121910095215 1
1711958745141 7.949214458465576 2
1711958745705 5.764223098754883 3
1711958745973 4.383040904998779 4
1711958746240 3.687819719314575 5
1711958746507 3.228701591491699 6
1711958746772 2.8920135498046875 7
1711958747041 2.5509109497070312 8
1711958747334 2.2709498405456543 9
1711958747666 2.016033172607422 10
1711958747939 1.8370790481567383 11
1711958748208 1.6898659467697144 12
1711958748437 1.6110233068466187 13
1711958748705 1.50505530834198 14
1711958748973 1.4492251873016357 15
1711958749239 1.4110901355743408 16
1711958749474 1.4030522108078003 17
1711958749741 1.342850923538208 18
1711958750010 1.3118640184402466 19
1711958750244 1.2604122161865234 20
1711958750478 1.2315632104873657 21
