1711958744586 6073.44921875 0
1711958744863 659.7879028320312 1
1711958745141 134.75942993164062 2
1711958745705 79.01010131835938 3
1711958745973 47.052032470703125 4
1711958746240 31.25813102722168 5
1711958746507 22.419462203979492 6
1711958746772 17.434175491333008 7
1711958747041 13.433100700378418 8
1711958747334 10.517736434936523 9
1711958747666 8.297443389892578 10
1711958747939 6.702946662902832 11
1711958748208 5.606792449951172 12
1711958748437 4.964380741119385 13
1711958748705 4.345341205596924 14
1711958748973 3.973690986633301 15
1711958749239 3.6945719718933105 16
1711958749474 3.5771496295928955 17
1711958749741 3.287057876586914 18
1711958750010 3.098936080932617 19
1711958750244 2.888521432876587 20
1711958750478 2.735628128051758 21
