1711958812556 5716.47314453125 0
1711958812870 584.1350708007812 1
1711958813233 116.10255432128906 2
1711958813575 58.21729278564453 3
1711958813896 33.293338775634766 4
1711958814184 22.288171768188477 5
1711958814492 17.14785385131836 6
1711958814797 13.064879417419434 7
1711958815110 10.004735946655273 8
1711958815411 7.6618757247924805 9
1711958815709 5.751786708831787 10
1711958816021 5.113492012023926 11
1711958816330 4.264911651611328 12
1711958816632 3.8636417388916016 13
1711958816933 3.4914209842681885 14
1711958817227 3.002284049987793 15
1711958817535 2.8089792728424072 16
1711958817839 2.6761763095855713 17
1711958818112 2.2359261512756348 18
1711958818426 2.093012809753418 19
1711958818726 1.9430363178253174 20
1711958819023 1.70035982131958 21
1711958819319 1.6173837184906006 22
1711958819596 1.4761996269226074 23
1711958819892 1.5336508750915527 24
1711958820170 1.212202787399292 25
1711958820466 1.176366925239563 26
1711958820789 1.0625473260879517 27
1711958821107 1.0532993078231812 28
1711958821358 0.964354932308197 29
1711958821628 0.9256702661514282 30
1711958821881 0.9494007229804993 31
1711958822150 0.9169884324073792 32
