1711958812556 57.66051483154297 0
1711958812870 17.966859817504883 1
1711958813233 7.2195281982421875 2
1711958813575 4.87499475479126 3
1711958813896 3.8429195880889893 4
1711958814184 3.2652053833007812 5
1711958814492 2.9304380416870117 6
1711958814797 2.5689234733581543 7
1711958815110 2.232247829437256 8
1711958815411 1.97227942943573 9
1711958815709 1.7261030673980713 10
1711958816021 1.6513177156448364 11
1711958816330 1.513606309890747 12
1711958816632 1.4470075368881226 13
1711958816933 1.3839221000671387 14
1711958817227 1.2839996814727783 15
1711958817535 1.2489010095596313 16
1711958817839 1.2215439081192017 17
1711958818112 1.1142650842666626 18
1711958818426 1.0843158960342407 19
1711958818726 1.0442414283752441 20
1711958819023 0.9816697239875793 21
1711958819319 0.9560295343399048 22
1711958819596 0.9121751189231873 23
1711958819892 0.9435312747955322 24
1711958820170 0.8280547857284546 25
1711958820466 0.8217050433158875 26
1711958820789 0.7752416729927063 27
1711958821107 0.7808824777603149 28
1711958821358 0.748896598815918 29
1711958821628 0.7331528663635254 30
1711958821881 0.7461382746696472 31
1711958822150 0.7316505312919617 32
