1711710875125 5981.1044921875 0
1711710875844 843.2166748046875 1
1711710876125 141.3029022216797 2
1711710876396 83.46524810791016 3
1711710876720 52.88916778564453 4
1711710876995 34.49687194824219 5
1711710877270 24.663331985473633 6
1711710877539 19.481639862060547 7
1711710877813 15.40640926361084 8
1711710878083 12.529032707214355 9
1711710878392 10.493339538574219 10
1711710878663 8.524908065795898 11
1711710878928 7.483399391174316 12
1711710879187 6.544223785400391 13
1711710879456 6.030359745025635 14
1711710879690 5.48273229598999 15
1711710879956 4.962808609008789 16
1711710880222 4.571758270263672 17
1711710880485 4.289987564086914 18
1711710880726 3.9253580570220947 19
1711710880992 3.579148292541504 20
1711710881258 3.3136515617370605 21
1711710881522 3.069399356842041 22
1711710881755 2.9401721954345703 23
1711710882018 2.7661402225494385 24
1711710882287 2.6116249561309814 25
1711710882520 2.4332480430603027 26
1711710882786 2.2919886112213135 27
1711710883051 2.1832504272460938 28
1711710883317 2.0968432426452637 29
1711710883583 2.08170485496521 30
1711710883848 1.979902744293213 31
1711710884081 2.094214916229248 32
1711710884345 1.7546355724334717 33
1711710884607 1.625586986541748 34
1711710884843 1.505811333656311 35
1711710885073 1.6841143369674683 36
1711710885342 1.589783787727356 37
1711710885575 1.2669029235839844 38
1711710885840 1.238545536994934 39
1711710886073 1.2473633289337158 40
1711710886392 1.0712366104125977 41
1711710886637 1.062920331954956 42
1711710886904 0.9896247386932373 43
1711710887168 0.9301497340202332 44
1711710887433 0.9999129176139832 45
1711710887664 0.8776969313621521 46
1711710887930 0.7882176041603088 47
1711710888162 0.812640368938446 48
1711710888437 0.7202752828598022 49
