1711710875125 58.98258590698242 0
1711710875844 22.631805419921875 1
1711710876125 8.159695625305176 2
1711710876396 6.004924774169922 3
1711710876720 4.7117767333984375 4
1711710876995 3.852518320083618 5
1711710877270 3.34761905670166 6
1711710877539 3.0611822605133057 7
1711710877813 2.746969223022461 8
1711710878083 2.472849130630493 9
1711710878392 2.281001091003418 10
1711710878663 2.046473503112793 11
1711710878928 1.9276037216186523 12
1711710879187 1.8033970594406128 13
1711710879456 1.7623445987701416 14
1711710879690 1.6819183826446533 15
1711710879956 1.6081981658935547 16
1711710880222 1.5489013195037842 17
1711710880485 1.5133382081985474 18
1711710880726 1.4389492273330688 19
1711710880992 1.3809373378753662 20
1711710881258 1.337419033050537 21
1711710881522 1.2952114343643188 22
1711710881755 1.2791543006896973 23
1711710882018 1.245578408241272 24
1711710882287 1.2042298316955566 25
1711710882520 1.1645362377166748 26
1711710882786 1.1358778476715088 27
1711710883051 1.1050533056259155 28
1711710883317 1.0874269008636475 29
1711710883583 1.0808802843093872 30
1711710883848 1.0561573505401611 31
1711710884081 1.1032813787460327 32
1711710884345 1.00192129611969 33
1711710884607 0.9624460935592651 34
1711710884843 0.9291921854019165 35
1711710885073 0.9858486652374268 36
1711710885342 0.956917405128479 37
1711710885575 0.8533021807670593 38
1711710885840 0.848209023475647 39
1711710886073 0.8478644490242004 40
1711710886392 0.784340500831604 41
1711710886637 0.785183310508728 42
1711710886904 0.7552126049995422 43
1711710887168 0.7326852679252625 44
1711710887433 0.7656869292259216 45
1711710887664 0.7186135649681091 46
1711710887930 0.6751921772956848 47
1711710888162 0.6918066143989563 48
1711710888437 0.646435558795929 49
