1711708789708 5775.9150390625 0
1711708789990 528.6365966796875 1
1711708790266 132.49282836914062 2
1711708790535 81.10364532470703 3
1711708790801 52.53311538696289 4
1711708791071 35.88997268676758 5
1711708791338 25.6485538482666 6
1711708791605 20.544273376464844 7
1711708791872 16.666540145874023 8
1711708792137 13.875992774963379 9
1711708792404 12.001412391662598 10
1711708792673 9.792710304260254 11
1711708793006 8.231520652770996 12
1711708793276 6.960198402404785 13
1711708793539 5.999125957489014 14
1711708793810 5.3658366203308105 15
1711708794077 5.059796333312988 16
1711708794339 4.428020000457764 17
1711708794607 4.132177829742432 18
1711708794873 3.909534215927124 19
1711708795108 3.994565486907959 20
1711708795374 3.4949874877929688 21
1711708795638 3.4205563068389893 22
1711708795871 3.4392590522766113 23
1711708796144 3.1935787200927734 24
1711708796410 2.9234163761138916 25
1711708796646 2.871715784072876 26
1711708796911 2.821531057357788 27
1711708797144 2.607529401779175 28
1711708797409 2.47690749168396 29
1711708797674 2.388746976852417 30
1711708797939 2.110919952392578 31
1711708798205 2.1990106105804443 32
1711708798438 2.046243190765381 33
1711708798700 1.9548394680023193 34
1711708798937 1.8360728025436401 35
1711708799202 1.8703371286392212 36
1711708799470 1.6928595304489136 37
1711708799733 1.5732388496398926 38
1711708799962 1.6067668199539185 39
1711708800229 1.6937010288238525 40
1711708800494 1.381535530090332 41
1711708800726 1.6224523782730103 42
1711708800992 1.3242014646530151 43
1711708801280 1.1879514455795288 44
1711708801543 1.1723324060440063 45
1711708801775 1.119718074798584 46
1711708802039 1.1276698112487793 47
1711708802270 1.2771921157836914 48
1711708802533 0.992840588092804 49
