1711708789708 57.902400970458984 0
1711708789990 17.10112953186035 1
1711708790266 8.00930404663086 2
1711708790535 6.0347442626953125 3
1711708790801 4.871328830718994 4
1711708791071 4.071598052978516 5
1711708791338 3.505068063735962 6
1711708791605 3.2252166271209717 7
1711708791872 2.9020092487335205 8
1711708792137 2.657700538635254 9
1711708792404 2.492304801940918 10
1711708792673 2.241121292114258 11
1711708793006 2.046351194381714 12
1711708793276 1.8909966945648193 13
1711708793539 1.7640029191970825 14
1711708793810 1.6821743249893188 15
1711708794077 1.6566907167434692 16
1711708794339 1.5488251447677612 17
1711708794607 1.4996528625488281 18
1711708794873 1.4666163921356201 19
1711708795108 1.4922521114349365 20
1711708795374 1.3882423639297485 21
1711708795638 1.3834069967269897 22
1711708795871 1.395666241645813 23
1711708796144 1.3313004970550537 24
1711708796410 1.2857301235198975 25
1711708796646 1.2769334316253662 26
1711708796911 1.2652866840362549 27
1711708797144 1.2169605493545532 28
1711708797409 1.1856006383895874 29
1711708797674 1.1681026220321655 30
1711708797939 1.0907669067382812 31
1711708798205 1.1241183280944824 32
1711708798438 1.0758414268493652 33
1711708798700 1.0516002178192139 34
1711708798937 1.0232553482055664 35
1711708799202 1.0335530042648315 36
1711708799470 0.9850780367851257 37
1711708799733 0.9429933428764343 38
1711708799962 0.961330235004425 39
1711708800229 0.9895858764648438 40
1711708800494 0.8881688714027405 41
1711708800726 0.9742417335510254 42
1711708800992 0.8657591938972473 43
1711708801280 0.8255849480628967 44
1711708801543 0.8184332251548767 45
1711708801775 0.7997979521751404 46
1711708802039 0.8074932098388672 47
1711708802270 0.8563147783279419 48
1711708802533 0.755463182926178 49
