1711711356030 6006.05419921875 0
1711711356306 641.1497802734375 1
1711711356580 114.47254180908203 2
1711711356857 62.041412353515625 3
1711711357125 39.28296661376953 4
1711711357395 27.88581085205078 5
1711711357665 22.463584899902344 6
1711711357933 18.12745475769043 7
1711711358202 15.757948875427246 8
1711711358469 13.3511381149292 9
1711711358733 11.391209602355957 10
1711711359009 9.697628021240234 11
1711711359298 8.624640464782715 12
1711711359568 7.568624496459961 13
1711711359855 6.6718339920043945 14
1711711360130 6.015561103820801 15
1711711360415 5.614219665527344 16
1711711360682 5.169232368469238 17
1711711360952 4.6965484619140625 18
1711711361217 4.644857883453369 19
1711711361485 4.092447280883789 20
1711711361716 4.044951915740967 21
1711711361951 3.7314107418060303 22
1711711362261 3.575592517852783 23
1711711362496 3.336373805999756 24
1711711362758 3.177122116088867 25
1711711362994 3.117830514907837 26
1711711363223 3.055717945098877 27
1711711363494 2.8620967864990234 28
1711711363724 2.925518035888672 29
1711711363994 2.4882936477661133 30
1711711364260 2.4721100330352783 31
1711711364493 2.2405941486358643 32
1711711364756 2.118143320083618 33
1711711365023 1.9991244077682495 34
1711711365289 1.9270727634429932 35
1711711365558 1.7553529739379883 36
1711711365821 1.9119391441345215 37
1711711366060 1.6269663572311401 38
1711711366326 1.583412528038025 39
1711711366593 1.5602513551712036 40
1711711366827 1.3107446432113647 41
1711711367092 1.2742795944213867 42
1711711367330 1.3228408098220825 43
1711711367594 1.0973888635635376 44
1711711367860 1.1387892961502075 45
1711711368125 1.0154107809066772 46
1711711368360 0.9260895848274231 47
1711711368626 0.9178491234779358 48
1711711368895 0.9463937282562256 49
