1711711356030 59.85218811035156 0
1711711356306 18.996435165405273 1
1711711356580 7.3480119705200195 2
1711711356857 5.190067768096924 3
1711711357125 4.184726715087891 4
1711711357395 3.6376407146453857 5
1711711357665 3.3684699535369873 6
1711711357933 3.0486440658569336 7
1711711358202 2.891568899154663 8
1711711358469 2.673753261566162 9
1711711358733 2.4840006828308105 10
1711711359009 2.292499542236328 11
1711711359298 2.1824121475219727 12
1711711359568 2.052095413208008 13
1711711359855 1.9322950839996338 14
1711711360130 1.8322056531906128 15
1711711360415 1.7756891250610352 16
1711711360682 1.7051081657409668 17
1711711360952 1.6259452104568481 18
1711711361217 1.6254898309707642 19
1711711361485 1.5124071836471558 20
1711711361716 1.5128061771392822 21
1711711361951 1.4348419904708862 22
1711711362261 1.4034829139709473 23
1711711362496 1.362777590751648 24
1711711362758 1.3305505514144897 25
1711711362994 1.320610523223877 26
1711711363223 1.3039113283157349 27
1711711363494 1.2590149641036987 28
1711711363724 1.282874345779419 29
1711711363994 1.1710172891616821 30
1711711364260 1.1728272438049316 31
1711711364493 1.1112802028656006 32
1711711364756 1.0801033973693848 33
1711711365023 1.0506428480148315 34
1711711365289 1.0306894779205322 35
1711711365558 0.979187548160553 36
1711711365821 1.0282433032989502 37
1711711366060 0.9467475414276123 38
1711711366326 0.9369786381721497 39
1711711366593 0.9333372116088867 40
1711711366827 0.849135160446167 41
1711711367092 0.8380587100982666 42
1711711367330 0.860460102558136 43
1711711367594 0.7778943181037903 44
1711711367860 0.7956070899963379 45
1711711368125 0.7516095042228699 46
1711711368360 0.7150471210479736 47
1711711368626 0.7139020562171936 48
1711711368895 0.7304491996765137 49
