1711708016117 6073.3544921875 0
1711708016386 863.9769897460938 1
1711708016654 140.5590057373047 2
1711708016920 79.07876586914062 3
1711708017182 47.240604400634766 4
1711708017451 29.300992965698242 5
1711708017719 20.75676918029785 6
1711708017998 15.321917533874512 7
1711708018268 12.580525398254395 8
1711708018592 9.629622459411621 9
1711708018860 7.889329433441162 10
1711708019130 6.839345932006836 11
1711708019396 5.798526763916016 12
1711708019660 5.260647773742676 13
1711708019989 4.683908462524414 14
1711708020255 4.358175754547119 15
1711708020502 4.137225151062012 16
1711708020769 4.025089740753174 17
1711708021033 3.6942801475524902 18
1711708021297 3.583115339279175 19
1711708021562 3.464393377304077 20
1711708021793 3.285442590713501 21
1711708022058 3.1867117881774902 22
1711708022290 3.0600643157958984 23
1711708022550 2.9850692749023438 24
