1711708016117 59.65559768676758 0
1711708016386 23.021305084228516 1
1711708016654 8.219454765319824 2
1711708016920 5.812852382659912 3
1711708017182 4.469528675079346 4
1711708017451 3.6396501064300537 5
1711708017719 3.183622121810913 6
1711708017998 2.805657148361206 7
1711708018268 2.5689172744750977 8
1711708018592 2.2580406665802 9
1711708018860 2.051823854446411 10
1711708019130 1.9306597709655762 11
1711708019396 1.7741938829421997 12
1711708019660 1.6956701278686523 13
1711708019989 1.6075302362442017 14
1711708020255 1.5594910383224487 15
1711708020502 1.5255298614501953 16
1711708020769 1.5025681257247925 17
1711708021033 1.4423043727874756 18
1711708021297 1.4235068559646606 19
1711708021562 1.4006321430206299 20
1711708021793 1.365394115447998 21
1711708022058 1.3454105854034424 22
1711708022290 1.309373378753662 23
1711708022550 1.294063687324524 24
