1711712071974 5889.771484375 0
1711712072249 640.2406616210938 1
1711712072521 122.5884017944336 2
1711712072787 69.46174621582031 3
1711712073061 42.28913879394531 4
1711712073331 30.395069122314453 5
1711712073600 23.675233840942383 6
1711712073871 19.535518646240234 7
1711712074135 16.990938186645508 8
1711712074467 14.38490104675293 9
1711712074742 12.751662254333496 10
1711712075011 10.86519718170166 11
1711712075287 9.10419750213623 12
1711712075554 7.958934783935547 13
1711712075831 7.095203399658203 14
1711712076101 6.328850269317627 15
1711712076335 5.823185443878174 16
1711712076601 5.239683628082275 17
1711712076869 4.8974785804748535 18
1711712077137 4.39688777923584 19
1711712077377 4.203576564788818 20
1711712077643 3.8370909690856934 21
1711712077914 3.632538318634033 22
1711712078151 3.4489009380340576 23
1711712078419 3.3204751014709473 24
