1711712071974 58.87366485595703 0
1711712072249 18.964336395263672 1
1711712072521 7.486058712005615 2
1711712072787 5.474565029144287 3
1711712073061 4.277354717254639 4
1711712073331 3.773538112640381 5
1711712073600 3.4589436054229736 6
1711712073871 3.1795897483825684 7
1711712074135 2.9902634620666504 8
1711712074467 2.7731306552886963 9
1711712074742 2.6166510581970215 10
1711712075011 2.417414665222168 11
1711712075287 2.2052009105682373 12
1711712075554 2.0667972564697266 13
1711712075831 1.9609100818634033 14
1711712076101 1.8529125452041626 15
1711712076335 1.797438144683838 16
1711712076601 1.7019143104553223 17
1711712076869 1.6482553482055664 18
1711712077137 1.5700618028640747 19
1711712077377 1.529557704925537 20
1711712077643 1.4659594297409058 21
1711712077914 1.4223408699035645 22
1711712078151 1.3890272378921509 23
1711712078419 1.3653907775878906 24
