1711710060478 5834.52880859375 0
1711710060752 782.1375122070312 1
1711710061023 125.42959594726562 2
1711710061292 68.47490692138672 3
1711710061556 40.36529541015625 4
1711710061828 26.218351364135742 5
1711710062096 19.08301544189453 6
1711710062362 15.06717586517334 7
1711710062628 12.168821334838867 8
1711710062898 9.857292175292969 9
1711710063165 8.749004364013672 10
1711710063431 7.562435626983643 11
1711710063700 6.603285312652588 12
1711710064003 6.08025598526001 13
1711710064276 5.839079856872559 14
1711710064507 5.538749694824219 15
1711710064769 5.0737528800964355 16
1711710065005 4.687108039855957 17
1711710065272 4.226522445678711 18
1711710065537 3.945841073989868 19
1711710065770 3.620770215988159 20
1711710066036 3.2080395221710205 21
1711710066302 2.9680774211883545 22
1711710066533 2.832930564880371 23
1711710066800 2.490640878677368 24
1711710067067 2.333346366882324 25
1711710067336 2.0888729095458984 26
1711710067604 1.9811004400253296 27
1711710067869 1.9082059860229492 28
1711710068103 1.7863738536834717 29
1711710068369 1.6665209531784058 30
1711710068631 1.5125634670257568 31
1711710068903 1.476417899131775 32
1711710069166 1.5301276445388794 33
1711710069434 1.2604316473007202 34
1711710069667 1.2168227434158325 35
1711710069932 1.0960959196090698 36
1711710070163 1.1657403707504272 37
1711710070423 1.0901212692260742 38
1711710070688 0.983588457107544 39
1711710070924 0.8791195750236511 40
1711710071188 0.9018983840942383 41
1711710071416 0.8096238970756531 42
1711710071679 0.7804223895072937 43
1711710071913 0.8694689869880676 44
1711710072143 1.1453684568405151 45
1711710072408 0.6619581580162048 46
1711710072707 0.6645743250846863 47
1711710072949 0.7311419248580933 48
1711710073218 0.6675311923027039 49
