1711710060478 58.299739837646484 0
1711710060752 21.63782501220703 1
1711710061023 7.621016502380371 2
1711710061292 5.347049236297607 3
1711710061556 4.1273193359375 4
1711710061828 3.4647538661956787 5
1711710062096 3.0655953884124756 6
1711710062362 2.77496600151062 7
1711710062628 2.5315096378326416 8
1711710062898 2.284358024597168 9
1711710063165 2.1678898334503174 10
1711710063431 2.025501012802124 11
1711710063700 1.8878482580184937 12
1711710064003 1.8241068124771118 13
1711710064276 1.7921119928359985 14
1711710064507 1.7498451471328735 15
1711710064769 1.6888216733932495 16
1711710065005 1.6179643869400024 17
1711710065272 1.5354688167572021 18
1711710065537 1.4892581701278687 19
1711710065770 1.4283254146575928 20
1711710066036 1.3358261585235596 21
1711710066302 1.2916721105575562 22
1711710066533 1.262467384338379 23
1711710066800 1.1806942224502563 24
1711710067067 1.14927077293396 25
1711710067336 1.0889357328414917 26
1711710067604 1.0688695907592773 27
1711710067869 1.049761414527893 28
1711710068103 1.013429880142212 29
1711710068369 0.9809908866882324 30
1711710068631 0.935441792011261 31
1711710068903 0.931926965713501 32
1711710069166 0.9454373121261597 33
1711710069434 0.8623857498168945 34
1711710069667 0.8435571193695068 35
1711710069932 0.7972183227539062 36
1711710070163 0.8246473670005798 37
1711710070423 0.8026283979415894 38
1711710070688 0.7590756416320801 39
1711710070924 0.7164943218231201 40
1711710071188 0.7277029156684875 41
1711710071416 0.6879025101661682 42
1711710071679 0.6742891669273376 43
1711710071913 0.7158447504043579 44
1711710072143 0.8086742758750916 45
1711710072408 0.6213251948356628 46
1711710072707 0.6243645548820496 47
1711710072949 0.6537694931030273 48
1711710073218 0.6245256662368774 49
