1711710835146 6130.9072265625 0
1711710835443 627.3531494140625 1
1711710835845 129.39332580566406 2
1711710836329 68.95014953613281 3
1711710836650 36.000885009765625 4
1711710836948 22.90189552307129 5
1711710837290 17.127267837524414 6
1711710837724 13.385245323181152 7
1711710838160 11.150814056396484 8
1711710838607 9.00739860534668 9
1711710839088 7.901760101318359 10
1711710839460 7.049949645996094 11
1711710839894 6.22265100479126 12
1711710840258 5.596722602844238 13
1711710840618 5.050330638885498 14
1711710840882 4.8364787101745605 15
1711710841169 4.665962219238281 16
1711710841416 4.373100757598877 17
1711710841693 4.125755310058594 18
1711710842040 4.087856769561768 19
1711710842361 3.8493330478668213 20
1711710842621 3.8785648345947266 21
1711710842993 3.555262804031372 22
1711710843311 3.5643692016601562 23
1711710843600 3.406100034713745 24
1711710843875 3.500211238861084 25
1711710844143 3.2492146492004395 26
1711710844449 3.0967540740966797 27
1711710844735 3.088346004486084 28
1711710845043 2.967197895050049 29
1711710845358 2.6827473640441895 30
1711710845690 2.645472764968872 31
1711710845981 2.442472219467163 32
1711710846234 2.1586177349090576 33
1711710846504 2.0264458656311035 34
1711710846807 1.7730627059936523 35
1711710847078 1.651829719543457 36
1711710847314 1.517407774925232 37
1711710847579 1.3891685009002686 38
1711710847847 1.2481508255004883 39
1711710848118 1.2027876377105713 40
1711710848359 1.274878740310669 41
1711710848591 1.0054658651351929 42
1711710848863 1.0779707431793213 43
1711710849129 0.9555876851081848 44
1711710849406 0.9175131320953369 45
1711710849677 0.8872938752174377 46
1711710849942 0.9507448077201843 47
1711710850209 0.8264628052711487 48
1711710850476 0.7684805393218994 49
