1711710835146 60.044734954833984 0
1711710835443 18.748075485229492 1
1711710835845 7.707709789276123 2
1711710836329 5.360477924346924 3
1711710836650 3.842379093170166 4
1711710836948 3.2065186500549316 5
1711710837290 2.8878562450408936 6
1711710837724 2.614225387573242 7
1711710838160 2.4173054695129395 8
1711710838607 2.18100643157959 9
1711710839088 2.057305097579956 10
1711710839460 1.9641021490097046 11
1711710839894 1.8435109853744507 12
1711710840258 1.755920648574829 13
1711710840618 1.6713337898254395 14
1711710840882 1.6337220668792725 15
1711710841169 1.614260196685791 16
1711710841416 1.5698466300964355 17
1711710841693 1.512614130973816 18
1711710842040 1.5202467441558838 19
1711710842361 1.4687063694000244 20
1711710842621 1.4740318059921265 21
1711710842993 1.4062761068344116 22
1711710843311 1.4166449308395386 23
1711710843600 1.3753159046173096 24
1711710843875 1.4146807193756104 25
1711710844143 1.3478634357452393 26
1711710844449 1.315427541732788 27
1711710844735 1.3119325637817383 28
1711710845043 1.286076307296753 29
1711710845358 1.2221803665161133 30
1711710845690 1.2191390991210938 31
1711710845981 1.1695300340652466 32
1711710846234 1.097364068031311 33
1711710846504 1.0625792741775513 34
1711710846807 0.9945756793022156 35
1711710847078 0.9617308378219604 36
1711710847314 0.9203934669494629 37
1711710847579 0.8869430422782898 38
1711710847847 0.8347445130348206 39
1711710848118 0.8253383040428162 40
1711710848359 0.8550029397010803 41
1711710848591 0.753137469291687 42
1711710848863 0.7827562689781189 43
1711710849129 0.7361062169075012 44
1711710849406 0.7239288687705994 45
1711710849677 0.7175416350364685 46
1711710849942 0.7348641753196716 47
1711710850209 0.6886921525001526 48
1711710850476 0.664608895778656 49
