1711959389203 62.50973892211914 0
1711959389505 27.04332733154297 1
1711959389779 9.602375030517578 2
1711959390057 6.542382717132568 3
1711959390334 4.796480178833008 4
1711959390607 3.926567316055298 5
1711959390883 3.4365131855010986 6
1711959391155 3.049957752227783 7
1711959391427 2.7517430782318115 8
1711959391697 2.4547293186187744 9
1711959391976 2.2364048957824707 10
1711959392248 2.0648045539855957 11
1711959392551 1.9390949010849 12
1711959392828 1.8428603410720825 13
1711959393099 1.7613787651062012 14
1711959393371 1.697662115097046 15
1711959393642 1.6473572254180908 16
1711959393904 1.5809838771820068 17
1711959394175 1.4855680465698242 18
1711959394457 1.461587905883789 19
1711959394696 1.4407539367675781 20
1711959394966 1.4183597564697266 21
1711959395254 1.3756316900253296 22
1711959395492 1.4255934953689575 23
1711959395762 1.3371214866638184 24
1711959396032 1.330929160118103 25
1711959396301 1.3076387643814087 26
1711959396536 1.3072307109832764 27
1711959396804 1.2921000719070435 28
1711959397074 1.2347615957260132 29
1711959397308 1.2147482633590698 30
1711959397578 1.2263742685317993 31
1711959397848 1.2152165174484253 32
1711959398119 1.202150583267212 33
1711959398451 1.2002954483032227 34
1711959398720 1.1401950120925903 35
1711959398991 1.138588547706604 36
1711959399260 1.1331156492233276 37
1711959399502 1.1569695472717285 38
1711959399771 1.1002963781356812 39
1711959400041 1.1538748741149902 40
1711959400280 1.1358859539031982 41
1711959400547 1.057924747467041 42
1711959400817 1.056557059288025 43
1711959401085 1.139721393585205 44
1711959401323 1.0905824899673462 45
1711959401620 1.0543699264526367 46
1711959401890 1.05878746509552 47
1711959402124 1.058620572090149 48
1711959402393 1.0167852640151978 49
