1711959389203 6623.537109375 0
1711959389505 1100.0113525390625 1
1711959389779 191.22372436523438 2
1711959390057 101.12989044189453 3
1711959390334 59.93053436279297 4
1711959390607 38.7525634765625 5
1711959390883 27.4194393157959 6
1711959391155 20.434825897216797 7
1711959391427 15.918194770812988 8
1711959391697 12.500207901000977 9
1711959391976 10.130071640014648 10
1711959392248 8.496186256408691 11
1711959392551 7.3708391189575195 12
1711959392828 6.578254699707031 13
1711959393099 5.942187309265137 14
1711959393371 5.472944259643555 15
1711959393642 5.113496780395508 16
1711959393904 4.717389106750488 17
1711959394175 4.204087734222412 18
1711959394457 4.0117950439453125 19
1711959394696 3.861609697341919 20
1711959394966 3.724543809890747 21
1711959395254 3.490326404571533 22
1711959395492 3.644436836242676 23
1711959395762 3.2785801887512207 24
1711959396032 3.216003179550171 25
1711959396301 3.117546558380127 26
1711959396536 3.1090683937072754 27
1711959396804 3.01410174369812 28
1711959397074 2.781459331512451 29
1711959397308 2.7098963260650635 30
1711959397578 2.712087392807007 31
1711959397848 2.660099744796753 32
1711959398119 2.602600574493408 33
1711959398451 2.582385778427124 34
1711959398720 2.3600316047668457 35
1711959398991 2.3596253395080566 36
1711959399260 2.314823865890503 37
1711959399502 2.4042303562164307 38
1711959399771 2.188382148742676 39
1711959400041 2.364503860473633 40
1711959400280 2.2784125804901123 41
1711959400547 2.025076150894165 42
1711959400817 2.0092263221740723 43
1711959401085 2.3074820041656494 44
1711959401323 2.104428291320801 45
1711959401620 1.9904532432556152 46
1711959401890 2.0084307193756104 47
1711959402124 1.9895178079605103 48
1711959402393 1.86339271068573 49
