1711707915090 5777.791015625 0
1711707915361 622.3154296875 1
1711707915628 129.4606170654297 2
1711707915897 76.44046020507812 3
1711707916162 48.54759216308594 4
1711707916426 32.6508903503418 5
1711707916691 23.164955139160156 6
1711707916955 17.79007339477539 7
1711707917218 14.265392303466797 8
1711707917483 11.766972541809082 9
1711707917747 10.002791404724121 10
1711707918011 8.604326248168945 11
1711707918283 7.667466640472412 12
1711707918547 7.117104530334473 13
1711707918831 6.397754669189453 14
1711707919095 5.6934099197387695 15
1711707919370 5.471442699432373 16
1711707919633 5.110405445098877 17
1711707919897 4.69414758682251 18
1711707920178 4.48815393447876 19
1711707920407 4.350351333618164 20
1711707920636 4.171548366546631 21
1711707920899 3.7263827323913574 22
1711707921159 4.058579444885254 23
1711707921456 3.5738351345062256 24
1711707921716 3.3639731407165527 25
1711707921980 3.1781859397888184 26
1711707922242 3.0306529998779297 27
1711707922472 2.9703423976898193 28
1711707922734 2.8886070251464844 29
1711707922964 2.72383189201355 30
1711707923229 2.7144227027893066 31
1711707923459 2.5396888256073 32
1711707923689 2.6915123462677 33
1711707923951 2.3618245124816895 34
1711707924180 2.3154733180999756 35
1711707924409 2.3393681049346924 36
1711707924671 2.3703083992004395 37
1711707924932 2.113405466079712 38
1711707925165 2.0681862831115723 39
1711707925429 2.1970503330230713 40
1711707925690 2.0226428508758545 41
1711707925919 1.9916393756866455 42
1711707926147 1.8430238962173462 43
