1711707915090 57.67287063598633 0
1711707915361 18.849380493164062 1
1711707915628 7.901880741119385 2
1711707915897 5.728661060333252 3
1711707916162 4.593899250030518 4
1711707916426 3.8505871295928955 5
1711707916691 3.315382957458496 6
1711707916955 2.96012282371521 7
1711707917218 2.6736135482788086 8
1711707917483 2.428884506225586 9
1711707917747 2.255707263946533 10
1711707918011 2.104541301727295 11
1711707918283 2.003208637237549 12
1711707918547 1.9441330432891846 13
1711707918831 1.8395178318023682 14
1711707919095 1.7390050888061523 15
1711707919370 1.7111902236938477 16
1711707919633 1.6595927476882935 17
1711707919897 1.5908175706863403 18
1711707920178 1.5535824298858643 19
1711707920407 1.5430978536605835 20
1711707920636 1.5124635696411133 21
1711707920899 1.4175738096237183 22
1711707921159 1.5110063552856445 23
1711707921456 1.403833270072937 24
1711707921716 1.3589344024658203 25
1711707921980 1.3200104236602783 26
1711707922242 1.2909752130508423 27
1711707922472 1.2773964405059814 28
1711707922734 1.2629154920578003 29
1711707922964 1.2265759706497192 30
1711707923229 1.226026177406311 31
1711707923459 1.1792166233062744 32
1711707923689 1.2209229469299316 33
1711707923951 1.1415438652038574 34
1711707924180 1.1293824911117554 35
1711707924409 1.1366153955459595 36
1711707924671 1.1504402160644531 37
1711707924932 1.0807993412017822 38
1711707925165 1.0656516551971436 39
1711707925429 1.1091411113739014 40
1711707925690 1.0561623573303223 41
1711707925919 1.0457026958465576 42
1711707926147 1.0066373348236084 43
