1711958448057 6080.08203125 0
1711958448325 788.7496948242188 1
1711958448587 168.14915466308594 2
1711958448912 97.86156463623047 3
1711958449190 60.151023864746094 4
1711958449455 38.41929626464844 5
1711958449716 27.276216506958008 6
1711958449979 21.444700241088867 7
1711958450240 17.678543090820312 8
1711958450501 15.02010440826416 9
1711958450771 12.933448791503906 10
1711958451030 10.940155982971191 11
1711958451341 9.99913501739502 12
1711958451602 8.82258129119873 13
1711958451864 7.670833110809326 14
1711958452129 6.8862223625183105 15
1711958452392 6.235751152038574 16
1711958452654 5.653156280517578 17
1711958452916 5.33951473236084 18
1711958453176 4.826248645782471 19
1711958453461 4.50770902633667 20
1711958453722 4.386053562164307 21
1711958453982 4.049873352050781 22
1711958454244 3.792576789855957 23
1711958454505 3.715169668197632 24
1711958454765 3.431300163269043 25
1711958455172 3.5142345428466797 26
1711958455503 3.3381659984588623 27
1711958455798 3.1516647338867188 28
1711958456057 3.1757802963256836 29
1711958456474 2.9492335319519043 30
1711958456753 2.7971303462982178 31
1711958457029 2.7803077697753906 32
1711958457296 2.6430513858795166 33
1711958457547 2.741673231124878 34
1711958457813 2.496229410171509 35
1711958458078 2.237545967102051 36
1711958458316 2.099843740463257 37
1711958458581 1.9516615867614746 38
1711958458847 1.9596470594406128 39
1711958459082 1.7413076162338257 40
1711958459346 1.494267225265503 41
1711958459617 1.3025013208389282 42
1711958459883 1.2385867834091187 43
1711958460148 1.084568738937378 44
1711958460412 1.1034996509552002 45
1711958460647 1.1173466444015503 46
1711958460879 0.9527186155319214 47
1711958461145 1.0832542181015015 48
1711958461422 0.7917700409889221 49
