1711958448057 59.82279968261719 0
1711958448325 21.802391052246094 1
1711958448587 9.047658920288086 2
1711958448912 6.536020278930664 3
1711958449190 5.004044055938721 4
1711958449455 4.057145118713379 5
1711958449716 3.561119794845581 6
1711958449979 3.2366673946380615 7
1711958450240 2.9648044109344482 8
1711958450501 2.7777326107025146 9
1711958450771 2.5794577598571777 10
1711958451030 2.361112356185913 11
1711958451341 2.2770674228668213 12
1711958451602 2.146486520767212 13
1711958451864 1.9999778270721436 14
1711958452129 1.888929843902588 15
1711958452392 1.8079142570495605 16
1711958452654 1.7217425107955933 17
1711958452916 1.6934080123901367 18
1711958453176 1.603567361831665 19
1711958453461 1.555513858795166 20
1711958453722 1.5540399551391602 21
1711958453982 1.4843385219573975 22
1711958454244 1.4420901536941528 23
1711958454505 1.429508924484253 24
1711958454765 1.3656657934188843 25
1711958455172 1.3950432538986206 26
1711958455503 1.354462742805481 27
1711958455798 1.3126928806304932 28
1711958456057 1.325335144996643 29
1711958456474 1.268776297569275 30
1711958456753 1.2330485582351685 31
1711958457029 1.2364540100097656 32
1711958457296 1.208245873451233 33
1711958457547 1.2329272031784058 34
1711958457813 1.1777572631835938 35
1711958458078 1.1085219383239746 36
1711958458316 1.0698212385177612 37
1711958458581 1.0335532426834106 38
1711958458847 1.04803466796875 39
1711958459082 0.9785751104354858 40
1711958459346 0.9091992378234863 41
1711958459617 0.8428606390953064 42
1711958459883 0.8296294212341309 43
1711958460148 0.7725155353546143 44
1711958460412 0.7889312505722046 45
1711958460647 0.7907969951629639 46
1711958460879 0.7297238111495972 47
1711958461145 0.7792772650718689 48
1711958461422 0.6587821841239929 49
