1711710795345 5603.1201171875 0
1711710795618 512.4772338867188 1
1711710795891 130.7239990234375 2
1711710796161 68.09532928466797 3
1711710796434 34.65718078613281 4
1711710796704 23.03420639038086 5
1711710796971 16.239669799804688 6
1711710797238 12.341636657714844 7
1711710797509 9.708758354187012 8
1711710797779 8.013248443603516 9
1711710798045 6.881748199462891 10
1711710798317 6.181789398193359 11
1711710798636 5.7210693359375 12
1711710798906 5.195412635803223 13
1711710799173 4.96506404876709 14
1711710799439 4.8059892654418945 15
1711710799708 4.491134166717529 16
1711710799975 4.490145206451416 17
1711710800249 4.155309200286865 18
1711710800516 4.135704517364502 19
1711710800749 3.9502005577087402 20
1711710801015 3.7457351684570312 21
1711710801253 3.5538105964660645 22
1711710801522 3.4063456058502197 23
1711710801756 3.6112194061279297 24
1711710802020 3.209995985031128 25
1711710802291 3.1675572395324707 26
1711710802525 3.1535112857818604 27
1711710802792 2.7794487476348877 28
1711710803055 2.7037320137023926 29
1711710803325 2.5222761631011963 30
1711710803557 2.363656997680664 31
1711710803824 2.497638463973999 32
1711710804090 2.374764919281006 33
1711710804325 2.240957736968994 34
1711710804592 2.2709224224090576 35
1711710804825 2.03678822517395 36
1711710805096 1.8223494291305542 37
1711710805330 1.707065224647522 38
1711710805597 1.7042840719223022 39
1711710805827 1.5663472414016724 40
1711710806127 1.4810682535171509 41
1711710806397 1.5051463842391968 42
1711710806627 1.5083589553833008 43
1711710806895 1.4799606800079346 44
1711710807185 1.1140947341918945 45
1711710807454 1.0615127086639404 46
1711710807728 1.0813090801239014 47
1711710807969 1.0540674924850464 48
1711710808240 0.8531514406204224 49
