1711710795345 56.90824890136719 0
1711710795618 16.774091720581055 1
1711710795891 7.8545074462890625 2
1711710796161 5.256917953491211 3
1711710796434 3.7918639183044434 4
1711710796704 3.285534143447876 5
1711710796971 2.80873441696167 6
1711710797238 2.4964065551757812 7
1711710797509 2.2346270084381104 8
1711710797779 2.052015781402588 9
1711710798045 1.9202711582183838 10
1711710798317 1.8429436683654785 11
1711710798636 1.7814146280288696 12
1711710798906 1.705465316772461 13
1711710799173 1.6694399118423462 14
1711710799439 1.6461589336395264 15
1711710799708 1.5859261751174927 16
1711710799975 1.5986788272857666 17
1711710800249 1.5361719131469727 18
1711710800516 1.53555428981781 19
1711710800749 1.4972312450408936 20
1711710801015 1.464918613433838 21
1711710801253 1.4161477088928223 22
1711710801522 1.3894706964492798 23
1711710801756 1.4376710653305054 24
1711710802020 1.3473098278045654 25
1711710802291 1.3396550416946411 26
1711710802525 1.3406152725219727 27
1711710802792 1.2542426586151123 28
1711710803055 1.2403088808059692 29
1711710803325 1.1902953386306763 30
1711710803557 1.1536089181900024 31
1711710803824 1.192246675491333 32
1711710804090 1.1593743562698364 33
1711710804325 1.1171051263809204 34
1711710804592 1.137998104095459 35
1711710804825 1.0741631984710693 36
1711710805096 1.0143343210220337 37
1711710805330 0.9767895340919495 38
1711710805597 0.9800798296928406 39
1711710805827 0.9357459545135498 40
1711710806127 0.9140203595161438 41
1711710806397 0.9314979910850525 42
1711710806627 0.9233404397964478 43
1711710806895 0.9229027032852173 44
1711710807185 0.7968677878379822 45
1711710807454 0.7805293202400208 46
1711710807728 0.7850183844566345 47
1711710807969 0.7747445106506348 48
1711710808240 0.6986008286476135 49
