1711958010030 57.69089126586914 0
1711958010301 19.71807098388672 1
1711958010571 8.236953735351562 2
1711958010843 6.190589427947998 3
1711958011111 4.8214240074157715 4
1711958011380 3.917210578918457 5
1711958011657 3.2745819091796875 6
1711958011925 2.9650673866271973 7
1711958012192 2.7629261016845703 8
1711958012460 2.5804338455200195 9
1711958012727 2.43912935256958 10
1711958013009 2.291794538497925 11
1711958013352 2.1687698364257812 12
1711958013622 2.113759994506836 13
1711958013889 2.017505407333374 14
1711958014158 1.9645987749099731 15
1711958014424 1.8608283996582031 16
1711958014692 1.7103127241134644 17
1711958014960 1.588982343673706 18
1711958015227 1.5689603090286255 19
1711958015494 1.4019161462783813 20
1711958015761 1.3273212909698486 21
1711958016027 1.3213695287704468 22
1711958016296 1.2340811491012573 23
1711958016541 1.1859931945800781 24
1711958016811 1.1324647665023804 25
1711958017040 1.123010516166687 26
1711958017308 1.0808212757110596 27
1711958017541 1.0402624607086182 28
1711958017809 0.9864182472229004 29
1711958018074 0.9853875637054443 30
1711958018342 0.958448052406311 31
1711958018609 0.9572514891624451 32
1711958018846 0.9395692944526672 33
1711958019110 0.8947749733924866 34
1711958019376 0.9179461598396301 35
1711958019609 0.9128912091255188 36
1711958019875 0.8367543816566467 37
1711958020141 0.9092721343040466 38
1711958020414 0.8311783671379089 39
1711958020645 0.856552243232727 40
