1711958010030 5713.3935546875 0
1711958010301 657.1929931640625 1
1711958010571 140.56333923339844 2
1711958010843 84.15907287597656 3
1711958011111 52.575416564941406 4
1711958011380 34.259864807128906 5
1711958011657 23.5474910736084 6
1711958011925 18.21607208251953 7
1711958012192 15.30932903289795 8
1711958012460 13.17624282836914 9
1711958012727 11.571897506713867 10
1711958013009 10.12459659576416 11
1711958013352 9.047032356262207 12
1711958013622 8.448429107666016 13
1711958013889 7.670246601104736 14
1711958014158 7.241305351257324 15
1711958014424 6.445791721343994 16
1711958014692 5.430837631225586 17
1711958014960 4.684737682342529 18
1711958015227 4.535819053649902 19
1711958015494 3.6981136798858643 20
1711958015761 3.3154356479644775 21
1711958016027 3.2158052921295166 22
1711958016296 2.816429853439331 23
1711958016541 2.607440233230591 24
1711958016811 2.378185987472534 25
1711958017040 2.312546968460083 26
1711958017308 2.1545708179473877 27
1711958017541 1.9846073389053345 28
1711958017809 1.799965262413025 29
1711958018074 1.773335337638855 30
1711958018342 1.6581640243530273 31
1711958018609 1.6413627862930298 32
1711958018846 1.591023564338684 33
1711958019110 1.4428510665893555 34
1711958019376 1.4991352558135986 35
1711958019609 1.4867151975631714 36
1711958019875 1.2706060409545898 37
1711958020141 1.4688308238983154 38
1711958020414 1.232573390007019 39
1711958020645 1.30141282081604 40
