1711958468772 5683.47314453125 0
1711958469054 490.28265380859375 1
1711958469324 114.441162109375 2
1711958469633 65.11512756347656 3
1711958470016 39.431007385253906 4
1711958470375 25.09771728515625 5
1711958470679 18.738990783691406 6
1711958470997 14.942062377929688 7
1711958471268 11.7037935256958 8
1711958471567 9.375341415405273 9
1711958471834 7.559900760650635 10
1711958472108 6.099365234375 11
1711958472381 5.321117877960205 12
1711958472653 4.628213882446289 13
1711958472921 4.285982608795166 14
1711958473201 3.7817676067352295 15
1711958473466 3.4867451190948486 16
1711958473701 3.11472487449646 17
1711958473967 2.8889806270599365 18
1711958474234 2.6822073459625244 19
1711958474537 2.3692471981048584 20
1711958474814 2.295590400695801 21
1711958475083 2.0638420581817627 22
1711958475351 1.8364030122756958 23
1711958475642 1.7945225238800049 24
1711958475991 1.8211272954940796 25
1711958476404 1.5228370428085327 26
1711958476678 1.4547940492630005 27
1711958476923 1.4200588464736938 28
1711958477209 1.3444890975952148 29
1711958477541 1.284311056137085 30
1711958477860 1.1794148683547974 31
1711958478148 1.0754764080047607 32
1711958478439 1.0376381874084473 33
1711958478673 1.1009036302566528 34
1711958478948 0.9532968401908875 35
1711958479247 0.9556728005409241 36
1711958479481 0.9217722415924072 37
1711958479740 0.9106157422065735 38
