1711958468772 57.58156967163086 0
1711958469054 16.396808624267578 1
1711958469324 7.399003982543945 2
1711958469633 5.333276271820068 3
1711958470016 4.105527877807617 4
1711958470375 3.3510851860046387 5
1711958470679 2.984652280807495 6
1711958470997 2.7150421142578125 7
1711958471268 2.393509864807129 8
1711958471567 2.155802011489868 9
1711958471834 1.934818983078003 10
1711958472108 1.7418479919433594 11
1711958472381 1.6404587030410767 12
1711958472653 1.5463374853134155 13
1711958472921 1.4971634149551392 14
1711958473201 1.417962908744812 15
1711958473466 1.3748618364334106 16
1711958473701 1.2958471775054932 17
1711958473967 1.2539970874786377 18
1711958474234 1.2159919738769531 19
1711958474537 1.1354126930236816 20
1711958474814 1.129699945449829 21
1711958475083 1.0695891380310059 22
1711958475351 1.0141924619674683 23
1711958475642 1.0086159706115723 24
1711958475991 1.0157450437545776 25
1711958476404 0.9313886761665344 26
1711958476678 0.9110424518585205 27
1711958476923 0.9074056148529053 28
1711958477209 0.879948616027832 29
1711958477541 0.8592281341552734 30
1711958477860 0.8255314826965332 31
1711958478148 0.7904850840568542 32
1711958478439 0.7734698057174683 33
1711958478673 0.8022510409355164 34
1711958478948 0.7416759729385376 35
1711958479247 0.7479466795921326 36
1711958479481 0.735808253288269 37
1711958479740 0.734320878982544 38
