1711958861524 6112.68310546875 0
1711958861795 843.95751953125 1
1711958862062 160.5368194580078 2
1711958862328 86.41348266601562 3
1711958862600 50.931739807128906 4
1711958862872 34.534542083740234 5
1711958863139 25.015926361083984 6
1711958863408 18.329547882080078 7
1711958863673 13.281484603881836 8
1711958863937 9.95776081085205 9
1711958864201 7.682161331176758 10
1711958864468 6.518075466156006 11
1711958864732 5.592382431030273 12
1711958864998 5.065272331237793 13
1711958865265 4.609086036682129 14
1711958865531 4.529738903045654 15
1711958865760 4.237642288208008 16
1711958866023 3.9490160942077637 17
1711958866288 3.6464226245880127 18
1711958866518 3.4627318382263184 19
1711958866782 3.305645227432251 20
1711958867012 3.1859564781188965 21
1711958867275 2.921419143676758 22
1711958867508 2.967121124267578 23
1711958867772 2.902158498764038 24
1711958868037 2.8488664627075195 25
1711958868300 2.5045111179351807 26
1711958868566 2.408977746963501 27
1711958868796 2.406294822692871 28
1711958869060 2.324049472808838 29
1711958869325 2.1717612743377686 30
1711958869554 2.0913851261138916 31
1711958869818 2.0049333572387695 32
1711958870047 2.0233874320983887 33
1711958870314 1.8996461629867554 34
1711958870564 1.9406784772872925 35
1711958870794 1.896687388420105 36
1711958871058 1.7339062690734863 37
1711958871287 1.6662209033966064 38
1711958871515 1.7291357517242432 39
1711958871779 1.5922478437423706 40
1711958872044 1.5848708152770996 41
1711958872273 1.5253771543502808 42
1711958872542 1.4878733158111572 43
1711958872771 1.6177735328674316 44
1711958873090 1.431816816329956 45
