1711958861524 59.99395751953125 0
1711958861795 22.716657638549805 1
1711958862062 8.730022430419922 2
1711958862328 5.879576683044434 3
1711958862600 4.5038275718688965 4
1711958862872 3.870586395263672 5
1711958863139 3.3836982250213623 6
1711958863408 2.9458913803100586 7
1711958863673 2.5196900367736816 8
1711958863937 2.2080788612365723 9
1711958864201 1.9638993740081787 10
1711958864468 1.829991102218628 11
1711958864732 1.7076176404953003 12
1711958864998 1.6500244140625 13
1711958865265 1.5693943500518799 14
1711958865531 1.577425241470337 15
1711958865760 1.5256352424621582 16
1711958866023 1.4738658666610718 17
1711958866288 1.4137064218521118 18
1711958866518 1.3759685754776 19
1711958866782 1.351327896118164 20
1711958867012 1.3289546966552734 21
1711958867275 1.2721630334854126 22
1711958867508 1.2903536558151245 23
1711958867772 1.280646800994873 24
1711958868037 1.2713737487792969 25
1711958868300 1.1807061433792114 26
1711958868566 1.160730004310608 27
1711958868796 1.1629136800765991 28
1711958869060 1.1468284130096436 29
1711958869325 1.1103551387786865 30
1711958869554 1.0918937921524048 31
1711958869818 1.0647038221359253 32
1711958870047 1.0715771913528442 33
1711958870314 1.0414185523986816 34
1711958870564 1.05663001537323 35
1711958870794 1.0507570505142212 36
1711958871058 0.9925447702407837 37
1711958871287 0.972222089767456 38
1711958871515 1.0006917715072632 39
1711958871779 0.955622673034668 40
1711958872044 0.9553817510604858 41
1711958872273 0.9396834373474121 42
1711958872542 0.9246644377708435 43
1711958872771 0.9675831198692322 44
1711958873090 0.9112637042999268 45
