1711958114830 60.589298248291016 0
1711958115104 17.2119197845459 1
1711958115377 7.286921501159668 2
1711958115656 5.085289001464844 3
1711958116040 3.6673812866210938 4
1711958116391 3.10701584815979 5
1711958116797 2.769989013671875 6
1711958117065 2.4749865531921387 7
1711958117326 2.1958518028259277 8
1711958117587 2.0233521461486816 9
1711958117930 1.8723605871200562 10
1711958118209 1.7061160802841187 11
1711958118508 1.6228264570236206 12
1711958118777 1.5277279615402222 13
1711958119012 1.4672141075134277 14
1711958119332 1.4370439052581787 15
1711958119565 1.3746856451034546 16
1711958119872 1.3183104991912842 17
1711958120186 1.2610284090042114 18
1711958120593 1.2085686922073364 19
1711958120889 1.1591143608093262 20
1711958121158 1.1127935647964478 21
1711958121437 1.0997480154037476 22
1711958121714 1.0461218357086182 23
1711958121975 1.0676698684692383 24
1711958122314 1.0292201042175293 25
1711958122569 1.0120899677276611 26
1711958122842 0.9257710576057434 27
1711958123109 0.90167635679245 28
1711958123379 0.9189538359642029 29
1711958123612 0.8905523419380188 30
1711958123876 0.8445131778717041 31
1711958124141 0.8275585770606995 32
1711958124409 0.8155397772789001 33
1711958124675 0.7805647253990173 34
1711958124905 0.7671328783035278 35
1711958125170 0.761491060256958 36
1711958125512 0.8194252252578735 37
1711958125965 0.7912067174911499 38
1711958126308 0.7561116218566895 39
1711958126935 0.7256829142570496 40
1711958127378 0.6653098464012146 41
1711958127925 0.6684042811393738 42
1711958128429 0.6743314862251282 43
1711958128962 0.6590798497200012 44
1711958129509 0.6086322665214539 45
1711958129816 0.6147789359092712 46
1711958130101 0.6040762066841125 47
1711958130348 0.6210087537765503 48
1711958130620 0.5913943648338318 49
