1711958114830 6256.5947265625 0
1711958115104 541.6924438476562 1
1711958115377 112.58522033691406 2
1711958115656 57.565521240234375 3
1711958116040 29.801578521728516 4
1711958116391 19.940231323242188 5
1711958116797 15.440800666809082 6
1711958117065 12.078885078430176 7
1711958117326 9.539809226989746 8
1711958117587 7.856905937194824 9
1711958117930 6.6214447021484375 10
1711958118209 5.437747955322266 11
1711958118508 4.830804347991943 12
1711958118777 4.22189474105835 13
1711958119012 3.8912997245788574 14
1711958119332 3.6648824214935303 15
1711958119565 3.3495633602142334 16
1711958119872 3.0758371353149414 17
1711958120186 2.8276383876800537 18
1711958120593 2.6015048027038574 19
1711958120889 2.391288995742798 20
1711958121158 2.2140402793884277 21
1711958121437 2.1436402797698975 22
1711958121714 1.9285860061645508 23
1711958121975 1.9950848817825317 24
1711958122314 1.8654191493988037 25
1711958122569 1.8110308647155762 26
1711958122842 1.5190805196762085 27
1711958123109 1.433035969734192 28
1711958123379 1.4642008543014526 29
1711958123612 1.3824995756149292 30
1711958123876 1.2488194704055786 31
1711958124141 1.1923096179962158 32
1711958124409 1.1564468145370483 33
1711958124675 1.059516429901123 34
1711958124905 1.028159499168396 35
1711958125170 0.9984809160232544 36
1711958125512 1.14833402633667 37
1711958125965 1.1074800491333008 38
1711958126308 0.9845520257949829 39
1711958126935 0.9207041263580322 40
1711958127378 0.7740938067436218 41
1711958127925 0.7665719389915466 42
1711958128429 0.7867388725280762 43
1711958128962 0.7515897154808044 44
1711958129509 0.6421401500701904 45
1711958129816 0.6565976142883301 46
1711958130101 0.6294333934783936 47
1711958130348 0.6659119129180908 48
1711958130620 0.607944905757904 49
