1711713252145 5521.541015625 0
1711713252536 532.4202270507812 1
1711713252987 144.97378540039062 2
1711713253291 81.89769744873047 3
1711713253562 50.86515426635742 4
1711713253825 35.78604507446289 5
1711713254093 25.212127685546875 6
1711713254360 18.3461971282959 7
1711713254633 14.032011985778809 8
1711713254897 11.019795417785645 9
1711713255169 9.071380615234375 10
1711713255435 7.652820587158203 11
1711713255705 6.810482501983643 12
1711713255975 6.126739501953125 13
1711713256240 5.624688148498535 14
1711713256507 5.283320903778076 15
1711713256777 5.015192031860352 16
1711713257090 4.832658767700195 17
1711713257327 4.619419574737549 18
1711713257595 4.241511821746826 19
1711713257863 3.9201183319091797 20
1711713258131 3.8514301776885986 21
1711713258439 3.7515945434570312 22
1711713258707 3.4779045581817627 23
1711713258973 3.3997044563293457 24
1711713259241 3.1218862533569336 25
1711713259509 2.9962587356567383 26
1711713259776 2.8430256843566895 27
1711713260007 2.924575090408325 28
1711713260274 2.6206655502319336 29
1711713260541 2.490478992462158 30
1711713260775 2.3278887271881104 31
1711713261045 2.2659387588500977 32
1711713261308 2.0797014236450195 33
1711713261575 2.277569055557251 34
1711713261810 1.9715884923934937 35
1711713262082 1.9622528553009033 36
1711713262316 1.8351249694824219 37
1711713262583 1.7739996910095215 38
1711713262817 1.6333420276641846 39
1711713263084 1.6884058713912964 40
1711713263351 1.4815495014190674 41
1711713263622 1.3679572343826294 42
1711713263851 1.3634636402130127 43
1711713264119 1.30027174949646 44
1711713264385 1.208200454711914 45
1711713264622 1.3292244672775269 46
1711713264853 1.1573399305343628 47
