1711713252145 56.45314407348633 0
1711713252536 17.367525100708008 1
1711713252987 8.436697006225586 2
1711713253291 5.979596138000488 3
1711713253562 4.709556579589844 4
1711713253825 4.110863208770752 5
1711713254093 3.5988786220550537 6
1711713254360 3.140061616897583 7
1711713254633 2.7726783752441406 8
1711713254897 2.4787027835845947 9
1711713255169 2.246689796447754 10
1711713255435 2.0668652057647705 11
1711713255705 1.9622591733932495 12
1711713255975 1.870100498199463 13
1711713256240 1.7934712171554565 14
1711713256507 1.7398333549499512 15
1711713256777 1.6994781494140625 16
1711713257090 1.6725462675094604 17
1711713257327 1.6400260925292969 18
1711713257595 1.5650629997253418 19
1711713257863 1.5066924095153809 20
1711713258131 1.490288257598877 21
1711713258439 1.4816949367523193 22
1711713258707 1.4196034669876099 23
1711713258973 1.403840184211731 24
1711713259241 1.3481025695800781 25
1711713259509 1.3131862878799438 26
1711713259776 1.28415846824646 27
1711713260007 1.3020657300949097 28
1711713260274 1.2315881252288818 29
1711713260541 1.2006711959838867 30
1711713260775 1.1563671827316284 31
1711713261045 1.1421443223953247 32
1711713261308 1.0933971405029297 33
1711713261575 1.1479824781417847 34
1711713261810 1.0647599697113037 35
1711713262082 1.062145471572876 36
1711713262316 1.0284851789474487 37
1711713262583 1.013242244720459 38
1711713262817 0.9691165089607239 39
1711713263084 0.9834628105163574 40
1711713263351 0.9237640500068665 41
1711713263622 0.8879815936088562 42
1711713263851 0.8827625513076782 43
1711713264119 0.8664999604225159 44
1711713264385 0.8301647901535034 45
1711713264622 0.8750744462013245 46
1711713264853 0.8180948495864868 47
