1711709994039 5829.15673828125 0
1711709994320 565.6521606445312 1
1711709994590 145.68592834472656 2
1711709994861 83.3555908203125 3
1711709995128 44.31840133666992 4
1711709995393 28.217235565185547 5
1711709995657 21.888364791870117 6
1711709995927 18.087146759033203 7
1711709996195 15.644710540771484 8
1711709996462 13.292706489562988 9
1711709996732 11.58352279663086 10
1711709996998 10.284646987915039 11
1711709997268 8.308307647705078 12
1711709997535 6.923604965209961 13
1711709997799 5.733537197113037 14
1711709998069 4.764283657073975 15
1711709998333 4.270495414733887 16
1711709998603 3.5864827632904053 17
1711709998841 3.249037981033325 18
1711709999107 3.0809485912323 19
1711709999371 2.7354393005371094 20
1711709999641 2.6438894271850586 21
1711709999872 2.4567248821258545 22
1711710000139 2.140439748764038 23
1711710000372 2.051647663116455 24
1711710000637 1.9209154844284058 25
1711710000903 1.7352360486984253 26
1711710001215 1.6888550519943237 27
1711710001448 1.6268378496170044 28
1711710001713 1.5585542917251587 29
1711710001979 1.445672869682312 30
1711710002249 1.4747138023376465 31
1711710002511 1.4095180034637451 32
1711710002747 1.2949374914169312 33
1711710003016 1.2075544595718384 34
1711710003283 1.0757246017456055 35
1711710003515 1.0217124223709106 36
1711710003754 1.0009145736694336 37
1711710004018 0.9657697677612305 38
1711710004282 0.9292389154434204 39
1711710004551 0.891460657119751 40
1711710004803 0.9074385762214661 41
1711710005069 0.7941026091575623 42
