1711709994039 58.280208587646484 0
1711709994320 17.927640914916992 1
1711709994590 8.28989315032959 2
1711709994861 5.869318962097168 3
1711709995128 4.230646133422852 4
1711709995393 3.5450549125671387 5
1711709995657 3.2234904766082764 6
1711709995927 2.9508934020996094 7
1711709996195 2.783414125442505 8
1711709996462 2.5848615169525146 9
1711709996732 2.423271417617798 10
1711709996998 2.3067445755004883 11
1711709997268 2.074948787689209 12
1711709997535 1.902887225151062 13
1711709997799 1.743614912033081 14
1711709998069 1.589139461517334 15
1711709998333 1.5198969841003418 16
1711709998603 1.400814175605774 17
1711709998841 1.3415100574493408 18
1711709999107 1.3047953844070435 19
1711709999371 1.2414577007293701 20
1711709999641 1.2207385301589966 21
1711709999872 1.181712031364441 22
1711710000139 1.0994795560836792 23
1711710000372 1.0896199941635132 24
1711710000637 1.047431230545044 25
1711710000903 1.0040408372879028 26
1711710001215 0.9885188937187195 27
1711710001448 0.974700927734375 28
1711710001713 0.9557220339775085 29
1711710001979 0.9199899435043335 30
1711710002249 0.9305410981178284 31
1711710002511 0.9148768186569214 32
1711710002747 0.8738169074058533 33
1711710003016 0.840667188167572 34
1711710003283 0.7939644455909729 35
1711710003515 0.7775144577026367 36
1711710003754 0.772553563117981 37
1711710004018 0.7572023272514343 38
1711710004282 0.7390884160995483 39
1711710004551 0.7296906113624573 40
1711710004803 0.7335819602012634 41
1711710005069 0.6881687641143799 42
