1711708562262 5911.55859375 0
1711708562539 706.4813842773438 1
1711708562805 141.6270751953125 2
1711708563076 77.04060363769531 3
1711708563344 36.89325714111328 4
1711708563611 24.01128578186035 5
1711708563874 18.119260787963867 6
1711708564140 14.555790901184082 7
1711708564409 12.132410049438477 8
1711708564677 10.168460845947266 9
1711708564943 8.753694534301758 10
1711708565216 8.00036334991455 11
1711708565481 7.077775001525879 12
1711708565726 6.6780009269714355 13
1711708565992 6.173435688018799 14
1711708566259 5.657463073730469 15
1711708566510 5.473241329193115 16
1711708566774 5.227632522583008 17
1711708567006 5.1820220947265625 18
1711708567265 4.774832725524902 19
1711708567534 4.613772869110107 20
1711708567763 4.5616774559021 21
1711708568025 4.330611705780029 22
1711708568291 4.1804118156433105 23
1711708568556 3.965618848800659 24
1711708568787 3.9838924407958984 25
1711708569052 3.844123125076294 26
1711708569313 3.562206506729126 27
1711708569578 3.6010236740112305 28
1711708569813 3.385711669921875 29
1711708570155 3.275057554244995 30
1711708570434 3.574512481689453 31
1711708570697 3.10140061378479 32
1711708570962 2.8035151958465576 33
1711708571225 2.7698638439178467 34
1711708571456 2.5824270248413086 35
1711708571719 2.8263001441955566 36
1711708571952 2.505080223083496 37
1711708572214 2.3985912799835205 38
1711708572446 2.5121352672576904 39
1711708572683 2.343336582183838 40
1711708572964 2.2398009300231934 41
1711708573202 1.9371854066848755 42
1711708573466 2.017720937728882 43
1711708573693 1.9485321044921875 44
1711708573959 1.9112566709518433 45
1711708574189 2.019683837890625 46
1711708574450 1.7065495252609253 47
1711708574712 1.5314743518829346 48
1711708574976 1.4750438928604126 49
