1711708562262 58.818111419677734 0
1711708562539 20.43925666809082 1
1711708562805 8.40945816040039 2
1711708563076 5.846093654632568 3
1711708563344 3.958960771560669 4
1711708563611 3.3851752281188965 5
1711708563874 3.007352113723755 6
1711708564140 2.7515084743499756 7
1711708564409 2.5113472938537598 8
1711708564677 2.327585458755493 9
1711708564943 2.1703035831451416 10
1711708565216 2.0998518466949463 11
1711708565481 1.9643412828445435 12
1711708565726 1.926924228668213 13
1711708565992 1.8574013710021973 14
1711708566259 1.774312973022461 15
1711708566510 1.750009536743164 16
1711708566774 1.7154377698898315 17
1711708567006 1.703951358795166 18
1711708567265 1.6294403076171875 19
1711708567534 1.6098153591156006 20
1711708567763 1.6021546125411987 21
1711708568025 1.559275507926941 22
1711708568291 1.5319273471832275 23
1711708568556 1.4886870384216309 24
1711708568787 1.49317467212677 25
1711708569052 1.4682990312576294 26
1711708569313 1.4084097146987915 27
1711708569578 1.418361783027649 28
1711708569813 1.3720349073410034 29
1711708570155 1.3568694591522217 30
1711708570434 1.4223740100860596 31
1711708570697 1.3129699230194092 32
1711708570962 1.2473654747009277 33
1711708571225 1.2414642572402954 34
1711708571456 1.195030927658081 35
1711708571719 1.2554469108581543 36
1711708571952 1.1787467002868652 37
1711708572214 1.1534522771835327 38
1711708572446 1.1873763799667358 39
1711708572683 1.1460405588150024 40
1711708572964 1.1244714260101318 41
1711708573202 1.03196382522583 42
1711708573466 1.0606515407562256 43
1711708573693 1.0471091270446777 44
1711708573959 1.0391050577163696 45
1711708574189 1.071203351020813 46
1711708574450 0.9730941653251648 47
1711708574712 0.9235076904296875 48
1711708574976 0.9102354645729065 49
