1711709791726 6450.28759765625 0
1711709792001 831.8467407226562 1
1711709792274 148.1562042236328 2
1711709792546 84.52437591552734 3
1711709792814 48.250831604003906 4
1711709793082 28.900611877441406 5
1711709793359 20.450401306152344 6
1711709793628 15.24145793914795 7
1711709793896 11.688945770263672 8
1711709794162 9.460135459899902 9
1711709794432 7.688599586486816 10
1711709794702 6.574673175811768 11
1711709794970 5.841612339019775 12
1711709795268 5.171754360198975 13
1711709795534 4.692478656768799 14
1711709795827 4.368775844573975 15
1711709796095 4.243201732635498 16
1711709796374 3.8847920894622803 17
1711709796645 3.725466251373291 18
1711709796912 3.4838998317718506 19
1711709797145 3.387057065963745 20
1711709797453 3.378058671951294 21
1711709797726 3.2517683506011963 22
1711709797961 2.939255475997925 23
1711709798231 2.85085391998291 24
1711709798496 2.7725632190704346 25
1711709798763 2.6802096366882324 26
1711709799032 2.4444711208343506 27
1711709799303 2.375791072845459 28
1711709799668 2.3896820545196533 29
1711709799912 2.2220354080200195 30
1711709800184 1.99797785282135 31
1711709800452 1.9192769527435303 32
1711709800718 1.8451961278915405 33
1711709800954 1.6514333486557007 34
1711709801227 1.573314905166626 35
1711709801489 1.5247268676757812 36
1711709801759 1.4507664442062378 37
1711709801995 1.273896336555481 38
1711709802263 1.2476348876953125 39
1711709802531 1.077404499053955 40
1711709802768 1.0012375116348267 41
1711709803036 0.9713727831840515 42
1711709803310 0.8881089091300964 43
1711709803544 0.873977541923523 44
1711709803777 0.8034427762031555 45
1711709804042 0.9751147627830505 46
1711709804275 0.7444142699241638 47
1711709804574 0.7076219916343689 48
