1711709791726 62.06527328491211 0
1711709792001 22.195289611816406 1
1711709792274 8.348844528198242 2
1711709792546 6.050674915313721 3
1711709792814 4.411095142364502 4
1711709793082 3.5239274501800537 5
1711709793359 3.1328654289245605 6
1711709793628 2.7591896057128906 7
1711709793896 2.452216386795044 8
1711709794162 2.2391600608825684 9
1711709794432 2.030402660369873 10
1711709794702 1.8963556289672852 11
1711709794970 1.7904648780822754 12
1711709795268 1.6944400072097778 13
1711709795534 1.621438980102539 14
1711709795827 1.565101981163025 15
1711709796095 1.5466386079788208 16
1711709796374 1.4825775623321533 17
1711709796645 1.444380283355713 18
1711709796912 1.3968186378479004 19
1711709797145 1.383992075920105 20
1711709797453 1.3831589221954346 21
1711709797726 1.3585256338119507 22
1711709797961 1.2800071239471436 23
1711709798231 1.2597090005874634 24
1711709798496 1.254104733467102 25
1711709798763 1.2318108081817627 26
1711709799032 1.1653709411621094 27
1711709799303 1.1458182334899902 28
1711709799668 1.161500096321106 29
1711709799912 1.108189344406128 30
1711709800184 1.055030345916748 31
1711709800452 1.0344561338424683 32
1711709800718 1.0089055299758911 33
1711709800954 0.9514955878257751 34
1711709801227 0.9272717237472534 35
1711709801489 0.9163133502006531 36
1711709801759 0.895496129989624 37
1711709801995 0.8347507119178772 38
1711709802263 0.815371572971344 39
1711709802531 0.7661435008049011 40
1711709802768 0.7342007756233215 41
1711709803036 0.7278434634208679 42
1711709803310 0.6934465765953064 43
1711709803544 0.6887282729148865 44
1711709803777 0.6654714941978455 45
1711709804042 0.7365790009498596 46
1711709804275 0.6381701827049255 47
1711709804574 0.6228318214416504 48
