1711711376234 57.35734558105469 0
1711711376507 19.592012405395508 1
1711711376771 7.815899848937988 2
1711711377045 4.85951042175293 3
1711711377314 3.684497594833374 4
1711711377581 3.1728739738464355 5
1711711377849 2.8140411376953125 6
1711711378082 2.570087194442749 7
1711711378352 2.343139886856079 8
1711711378617 2.2270753383636475 9
1711711378888 2.0560567378997803 10
1711711379151 1.950615644454956 11
1711711379421 1.8435838222503662 12
1711711379687 1.7294858694076538 13
1711711379951 1.690590262413025 14
1711711380217 1.6132454872131348 15
1711711380452 1.5640064477920532 16
1711711380721 1.517051100730896 17
1711711380954 1.4513630867004395 18
1711711381218 1.434206485748291 19
1711711381484 1.37690007686615 20
1711711381750 1.3324345350265503 21
1711711382021 1.2955766916275024 22
1711711382254 1.2663449048995972 23
1711711382524 1.297735333442688 24
1711711382788 1.2127665281295776 25
1711711383054 1.1916937828063965 26
1711711383286 1.1534336805343628 27
1711711383558 1.1975003480911255 28
1711711383865 1.104419469833374 29
1711711384101 1.128132700920105 30
1711711384364 1.052862524986267 31
1711711384634 1.0414652824401855 32
1711711384865 1.0368640422821045 33
1711711385130 0.9982342720031738 34
1711711385395 1.0205820798873901 35
1711711385632 1.0477513074874878 36
1711711385869 0.9930736422538757 37
1711711386133 0.9670467376708984 38
1711711386369 0.9101781249046326 39
1711711386635 0.9080295562744141 40
1711711386911 0.9229791164398193 41
1711711387148 0.887651801109314 42
1711711387432 0.9192616939544678 43
1711711387668 0.8666109442710876 44
1711711387946 0.8565273880958557 45
1711711388212 0.8934925198554993 46
1711711388478 0.8405389189720154 47
1711711388730 0.8329024314880371 48
1711711388998 0.8585551977157593 49
