1711711376234 5534.7958984375 0
1711711376507 667.2494506835938 1
1711711376771 129.21746826171875 2
1711711377045 60.18143081665039 3
1711711377314 32.23582077026367 4
1711711377581 21.720539093017578 5
1711711377849 16.29182243347168 6
1711711378082 13.275209426879883 7
1711711378352 10.851601600646973 8
1711711378617 9.536734580993652 9
1711711378888 8.097403526306152 10
1711711379151 7.199772357940674 11
1711711379421 6.348031044006348 12
1711711379687 5.5804290771484375 13
1711711379951 5.244451999664307 14
1711711380217 4.695041179656982 15
1711711380452 4.377902030944824 16
1711711380721 4.118339538574219 17
1711711380954 3.7982356548309326 18
1711711381218 3.6524012088775635 19
1711711381484 3.3681840896606445 20
1711711381750 3.160971164703369 21
1711711382021 3.0024948120117188 22
1711711382254 2.8477981090545654 23
1711711382524 2.9563772678375244 24
1711711382788 2.59128999710083 25
1711711383054 2.513091564178467 26
1711711383286 2.3490960597991943 27
1711711383558 2.4956629276275635 28
1711711383865 2.1644318103790283 29
1711711384101 2.2221710681915283 30
1711711384364 1.97412109375 31
1711711384634 1.912157416343689 32
1711711384865 1.9033594131469727 33
1711711385130 1.784716010093689 34
1711711385395 1.8295700550079346 35
1711711385632 1.9106025695800781 36
1711711385869 1.728522539138794 37
1711711386133 1.6376569271087646 38
1711711386369 1.469256043434143 39
1711711386635 1.4590835571289062 40
1711711386911 1.4962915182113647 41
1711711387148 1.3804640769958496 42
1711711387432 1.4744020700454712 43
1711711387668 1.3222647905349731 44
1711711387946 1.2753987312316895 45
1711711388212 1.3927948474884033 46
1711711388478 1.2389792203903198 47
1711711388730 1.212374210357666 48
1711711388998 1.277169108390808 49
