1711708429412 5879.55517578125 0
1711708429682 671.0797729492188 1
1711708429953 155.06529235839844 2
1711708430221 90.03441619873047 3
1711708430486 54.90814971923828 4
1711708430749 36.774356842041016 5
1711708431012 26.699602127075195 6
1711708431273 20.63829231262207 7
1711708431539 16.692609786987305 8
1711708431807 13.656712532043457 9
1711708432105 11.458199501037598 10
1711708432397 9.803991317749023 11
1711708432663 8.453784942626953 12
1711708432940 7.473176956176758 13
1711708433207 6.763291835784912 14
1711708433478 6.026182651519775 15
1711708433783 5.443994045257568 16
1711708434048 4.962832450866699 17
1711708434312 4.769108295440674 18
1711708434578 4.3445024490356445 19
1711708434810 4.328334331512451 20
1711708435044 3.9044229984283447 21
1711708435317 3.330993413925171 22
1711708435583 2.9662089347839355 23
1711708435848 2.61384654045105 24
1711708436113 2.4279632568359375 25
1711708436378 2.1170125007629395 26
1711708436641 1.9613031148910522 27
1711708436906 1.8143161535263062 28
1711708437170 1.777252435684204 29
1711708437401 1.7227040529251099 30
1711708437664 1.4664276838302612 31
1711708437929 1.5065481662750244 32
1711708438191 1.3342647552490234 33
1711708438460 1.3762383460998535 34
1711708438691 1.340321660041809 35
1711708438955 1.2268468141555786 36
1711708439186 1.0806832313537598 37
1711708439420 1.0526522397994995 38
