1711708429412 59.02928924560547 0
1711708429682 19.746341705322266 1
1711708429953 8.669380187988281 2
1711708430221 6.3452324867248535 3
1711708430486 4.897518157958984 4
1711708430749 4.116966724395752 5
1711708431012 3.6049482822418213 6
1711708431273 3.2244555950164795 7
1711708431539 2.9338419437408447 8
1711708431807 2.670941114425659 9
1711708432105 2.4442763328552246 10
1711708432397 2.265742063522339 11
1711708432663 2.1192731857299805 12
1711708432940 2.002420425415039 13
1711708433207 1.905677318572998 14
1711708433478 1.8040612936019897 15
1711708433783 1.7211925983428955 16
1711708434048 1.6392621994018555 17
1711708434312 1.6152458190917969 18
1711708434578 1.5417560338974 19
1711708434810 1.5426424741744995 20
1711708435044 1.4693859815597534 21
1711708435317 1.3562649488449097 22
1711708435583 1.278212070465088 23
1711708435848 1.2043112516403198 24
1711708436113 1.1610565185546875 25
1711708436378 1.0848332643508911 26
1711708436641 1.0432484149932861 27
1711708436906 1.0065650939941406 28
1711708437170 1.0024298429489136 29
1711708437401 0.9839329123497009 30
1711708437664 0.9088788032531738 31
1711708437929 0.9181069731712341 32
1711708438191 0.8596693873405457 33
1711708438460 0.8830867409706116 34
1711708438691 0.870617687702179 35
1711708438955 0.8280272483825684 36
1711708439186 0.7798267006874084 37
1711708439420 0.766592264175415 38
