1711958045165 5922.8935546875 0
1711958045438 721.6217651367188 1
1711958045708 127.40166473388672 2
1711958045983 73.71817779541016 3
1711958046250 47.647151947021484 4
1711958046522 33.51172637939453 5
1711958046787 25.97585678100586 6
1711958047056 21.537370681762695 7
1711958047323 18.025793075561523 8
1711958047591 15.519211769104004 9
1711958047862 13.0266695022583 10
1711958048130 10.925390243530273 11
1711958048401 8.7163724899292 12
1711958048669 6.694122791290283 13
1711958048936 5.64919376373291 14
1711958049206 4.743854522705078 15
1711958049474 4.2797651290893555 16
1711958049741 3.7582385540008545 17
1711958050007 3.446225166320801 18
1711958050277 3.2786717414855957 19
1711958050543 2.9850900173187256 20
1711958050811 2.6989240646362305 21
1711958051080 2.478177309036255 22
1711958051348 2.2642061710357666 23
1711958051630 2.156843662261963 24
1711958051866 2.0592637062072754 25
1711958052101 2.018080949783325 26
1711958052368 1.9504567384719849 27
1711958052635 1.6007921695709229 28
1711958052903 1.4815106391906738 29
1711958053138 1.4398585557937622 30
1711958053405 1.4847854375839233 31
1711958053638 1.2946168184280396 32
1711958053904 1.157889485359192 33
1711958054172 1.2720119953155518 34
1711958054439 1.0456757545471191 35
1711958054674 0.9735483527183533 36
1711958054908 0.9383765459060669 37
1711958055175 0.9285261034965515 38
1711958055407 1.0027309656143188 39
1711958055674 0.8884440064430237 40
1711958055930 0.8361034393310547 41
1711958056205 0.7839531898498535 42
1711958056490 0.7167032957077026 43
1711958056769 0.6071901321411133 44
1711958057016 0.6678527593612671 45
1711958057300 0.5871788859367371 46
1711958057553 0.6015855669975281 47
1711958057833 0.6249643564224243 48
1711958058068 0.56302809715271 49
