1711958045165 59.286399841308594 0
1711958045438 20.261940002441406 1
1711958045708 7.657149314880371 2
1711958045983 5.53225564956665 3
1711958046250 4.45811653137207 4
1711958046522 3.8851964473724365 5
1711958046787 3.5275700092315674 6
1711958047056 3.3058087825775146 7
1711958047323 3.0490994453430176 8
1711958047591 2.858062982559204 9
1711958047862 2.607482433319092 10
1711958048130 2.392836809158325 11
1711958048401 2.1368749141693115 12
1711958048669 1.8618457317352295 13
1711958048936 1.7301417589187622 14
1711958049206 1.5918428897857666 15
1711958049474 1.522378921508789 16
1711958049741 1.4332125186920166 17
1711958050007 1.3779239654541016 18
1711958050277 1.3472769260406494 19
1711958050543 1.2856197357177734 20
1711958050811 1.2232840061187744 21
1711958051080 1.1723542213439941 22
1711958051348 1.1224528551101685 23
1711958051630 1.0958645343780518 24
1711958051866 1.072828769683838 25
1711958052101 1.0678852796554565 26
1711958052368 1.0565376281738281 27
1711958052635 0.946560800075531 28
1711958052903 0.9075572490692139 29
1711958053138 0.896192193031311 30
1711958053405 0.9169996976852417 31
1711958053638 0.8584915995597839 32
1711958053904 0.8075404763221741 33
1711958054172 0.8553733229637146 34
1711958054439 0.7693613171577454 35
1711958054674 0.7406073212623596 36
1711958054908 0.7281916737556458 37
1711958055175 0.7231329679489136 38
1711958055407 0.7608771324157715 39
1711958055674 0.7123264074325562 40
1711958055930 0.6851264238357544 41
1711958056205 0.6717737317085266 42
1711958056490 0.6392722725868225 43
1711958056769 0.5904393196105957 44
1711958057016 0.6190643310546875 45
1711958057300 0.5796952247619629 46
1711958057553 0.5874711275100708 47
1711958057833 0.6012372374534607 48
1711958058068 0.5707878470420837 49
