1711709450887 5562.0751953125 0
1711709451158 629.5880737304688 1
1711709451426 142.85653686523438 2
1711709451693 75.50342559814453 3
1711709451962 42.08879470825195 4
1711709452230 27.309709548950195 5
1711709452496 20.304414749145508 6
1711709452762 16.04277801513672 7
1711709453025 12.727831840515137 8
1711709453300 10.561433792114258 9
1711709453609 9.066027641296387 10
1711709453852 8.026016235351562 11
1711709454113 6.940920352935791 12
1711709454384 6.423392295837402 13
1711709454653 6.054738521575928 14
1711709454917 5.254549980163574 15
1711709455182 4.908305644989014 16
1711709455415 4.839085102081299 17
1711709455680 4.313106060028076 18
1711709455910 4.100893497467041 19
1711709456176 3.9633777141571045 20
1711709456443 3.6783649921417236 21
1711709456704 3.7496988773345947 22
1711709456939 3.4153873920440674 23
1711709457203 3.4238765239715576 24
1711709457434 3.1032350063323975 25
1711709457700 3.524573564529419 26
1711709457928 2.8590281009674072 27
1711709458203 2.6770858764648438 28
