1711709450887 57.21065902709961 0
1711709451158 18.9184627532959 1
1711709451426 8.07933521270752 2
1711709451693 5.603021144866943 3
1711709451962 4.227246284484863 4
1711709452230 3.5156779289245605 5
1711709452496 3.0946593284606934 6
1711709452762 2.7631399631500244 7
1711709453025 2.470114231109619 8
1711709453300 2.2859420776367188 9
1711709453609 2.134981393814087 10
1711709453852 2.0251288414001465 11
1711709454113 1.8941707611083984 12
1711709454384 1.8298100233078003 13
1711709454653 1.797878623008728 14
1711709454917 1.667603611946106 15
1711709455182 1.6156951189041138 16
1711709455415 1.6247928142547607 17
1711709455680 1.522845983505249 18
1711709455910 1.4941680431365967 19
1711709456176 1.481929063796997 20
1711709456443 1.4201642274856567 21
1711709456704 1.4479364156723022 22
1711709456939 1.3761234283447266 23
1711709457203 1.389302134513855 24
1711709457434 1.3106616735458374 25
1711709457700 1.4202206134796143 26
1711709457928 1.264148235321045 27
1711709458203 1.2211432456970215 28
