1711959132259 61.0260009765625 0
1711959132528 21.691707611083984 1
1711959132800 8.512747764587402 2
1711959133065 5.928378105163574 3
1711959133330 4.471614360809326 4
1711959133594 3.6325113773345947 5
1711959133859 3.0636603832244873 6
1711959134147 2.553860664367676 7
1711959134420 2.195373296737671 8
1711959134690 1.9677823781967163 9
1711959134959 1.774071455001831 10
1711959135192 1.652294635772705 11
1711959135426 1.5538021326065063 12
1711959135692 1.4402260780334473 13
1711959135997 1.3995518684387207 14
1711959136285 1.3544024229049683 15
1711959136710 1.2887955904006958 16
1711959137002 1.2145854234695435 17
1711959137279 1.1480430364608765 18
1711959137549 1.1870143413543701 19
1711959137868 1.1191141605377197 20
1711959138134 1.04082190990448 21
1711959138370 1.0330308675765991 22
1711959138676 1.0090298652648926 23
1711959138995 0.9288362860679626 24
1711959139278 0.9374960064888 25
1711959139542 0.9262574315071106 26
1711959139796 0.911891758441925 27
1711959140057 0.8962748050689697 28
1711959140286 0.8327456712722778 29
1711959140559 0.7976216077804565 30
