1711959132259 6371.142578125 0
1711959132528 777.0511474609375 1
1711959132800 150.37548828125 2
1711959133065 84.57730102539062 3
1711959133330 49.80315017700195 4
1711959133594 32.014381408691406 5
1711959133859 22.284019470214844 6
1711959134147 15.62157917022705 7
1711959134420 11.487812042236328 8
1711959134690 8.770219802856445 9
1711959134959 6.939267635345459 10
1711959135192 5.724313735961914 11
1711959135426 4.962079048156738 12
1711959135692 4.202749252319336 13
1711959135997 3.848888635635376 14
1711959136285 3.5197091102600098 15
1711959136710 3.159398317337036 16
1711959137002 2.750173568725586 17
1711959137279 2.478280544281006 18
1711959137549 2.5485663414001465 19
1711959137868 2.2822506427764893 20
1711959138134 1.9903857707977295 21
1711959138370 1.9377784729003906 22
1711959138676 1.826782464981079 23
1711959138995 1.5813661813735962 24
1711959139278 1.5759626626968384 25
1711959139542 1.535599946975708 26
1711959139796 1.4767566919326782 27
1711959140057 1.4139775037765503 28
1711959140286 1.2385674715042114 29
1711959140559 1.1400066614151 30
