1711709973700 5721.80126953125 0
1711709973973 832.6583251953125 1
1711709974245 159.41184997558594 2
1711709974513 95.17203521728516 3
1711709974782 57.37355422973633 4
1711709975048 38.568336486816406 5
1711709975312 28.129587173461914 6
1711709975581 21.88573455810547 7
1711709975845 17.746042251586914 8
1711709976114 14.532979965209961 9
1711709976378 11.473846435546875 10
1711709976645 9.396598815917969 11
1711709976908 8.1183500289917 12
1711709977201 6.849037170410156 13
1711709977467 5.868863582611084 14
1711709977734 5.172321319580078 15
1711709977999 4.722779750823975 16
1711709978265 4.41777229309082 17
1711709978530 4.164344787597656 18
1711709978841 3.877764940261841 19
1711709979109 3.5489189624786377 20
1711709979340 3.404430627822876 21
1711709979604 3.1995949745178223 22
1711709979833 3.1751174926757812 23
1711709980101 2.9851012229919434 24
1711709980332 2.9178035259246826 25
1711709980595 2.774505853652954 26
1711709980860 2.794558525085449 27
1711709981096 2.822462558746338 28
1711709981325 2.5020558834075928 29
1711709981586 2.5775656700134277 30
1711709981816 2.506977081298828 31
1711709982081 2.4445433616638184 32
1711709982344 2.2597761154174805 33
1711709982606 2.176227331161499 34
1711709982841 2.1617438793182373 35
1711709983068 2.038008451461792 36
1711709983332 1.874501347541809 37
1711709983564 1.917790174484253 38
1711709983833 1.797325611114502 39
1711709984066 1.7890291213989258 40
1711709984326 1.7362912893295288 41
1711709984558 1.7401515245437622 42
1711709984821 1.5669431686401367 43
1711709985085 1.4788745641708374 44
1711709985315 1.4336955547332764 45
1711709985581 1.3070591688156128 46
1711709985813 1.3387383222579956 47
1711709986086 1.3106613159179688 48
1711709986351 1.3471331596374512 49
