1711709973700 58.02842330932617 0
1711709973973 22.821744918823242 1
1711709974245 8.551667213439941 2
1711709974513 6.343864440917969 3
1711709974782 4.758393287658691 4
1711709975048 3.9926700592041016 5
1711709975312 3.5431294441223145 6
1711709975581 3.2206249237060547 7
1711709975845 2.940462112426758 8
1711709976114 2.6840343475341797 9
1711709976378 2.381012201309204 10
1711709976645 2.1605031490325928 11
1711709976908 2.0225601196289062 12
1711709977201 1.8762938976287842 13
1711709977467 1.7480413913726807 14
1711709977734 1.6463183164596558 15
1711709977999 1.5929296016693115 16
1711709978265 1.5466949939727783 17
1711709978530 1.5122252702713013 18
1711709978841 1.4652849435806274 19
1711709979109 1.4011610746383667 20
1711709979340 1.3740289211273193 21
1711709979604 1.3375636339187622 22
1711709979833 1.3381038904190063 23
1711709980101 1.2876722812652588 24
1711709980332 1.2817975282669067 25
1711709980595 1.2442525625228882 26
1711709980860 1.262791395187378 27
1711709981096 1.2714180946350098 28
1711709981325 1.1860933303833008 29
1711709981586 1.2119370698928833 30
1711709981816 1.1935161352157593 31
1711709982081 1.174017310142517 32
1711709982344 1.126801609992981 33
1711709982606 1.1030113697052002 34
1711709982841 1.1010507345199585 35
1711709983068 1.0678802728652954 36
1711709983332 1.0145357847213745 37
1711709983564 1.032921552658081 38
1711709983833 1.00007963180542 39
1711709984066 0.9914949536323547 40
1711709984326 0.9784306883811951 41
1711709984558 0.9860197901725769 42
1711709984821 0.9343392848968506 43
1711709985085 0.9030364155769348 44
1711709985315 0.8904725313186646 45
1711709985581 0.8474971652030945 46
1711709985813 0.8619146943092346 47
1711709986086 0.8498616814613342 48
1711709986351 0.8685577511787415 49
