1711713406142 6611.7744140625 0
1711713406422 864.2237548828125 1
1711713406696 159.3369140625 2
1711713406966 92.07242584228516 3
1711713407237 55.64209747314453 4
1711713407516 31.91105079650879 5
1711713407786 21.351171493530273 6
1711713408057 16.2380313873291 7
1711713408326 12.353961944580078 8
1711713408594 9.788786888122559 9
1711713408862 8.004193305969238 10
1711713409130 6.365345001220703 11
1711713409398 5.3388800621032715 12
1711713409669 4.643469333648682 13
1711713409938 4.0990705490112305 14
1711713410173 3.725752830505371 15
1711713410443 3.4683918952941895 16
1711713410779 3.1271181106567383 17
1711713411050 3.1735355854034424 18
1711713411320 2.833019256591797 19
1711713411588 2.7256948947906494 20
1711713411858 2.4535815715789795 21
1711713412104 2.271164894104004 22
1711713412373 2.2817490100860596 23
1711713412645 2.1571245193481445 24
1711713412913 2.0285587310791016 25
1711713413181 1.9292576313018799 26
1711713413448 1.8126029968261719 27
1711713413715 1.8966648578643799 28
1711713413952 1.7510626316070557 29
1711713414188 1.6419495344161987 30
1711713414452 1.6280784606933594 31
1711713414690 1.670366883277893 32
1711713414959 1.5208957195281982 33
1711713415227 1.4773149490356445 34
1711713415463 1.3956730365753174 35
1711713415733 1.3431841135025024 36
1711713415976 1.31684148311615 37
1711713416240 1.398544430732727 38
1711713416509 1.4076111316680908 39
1711713416745 1.6764119863510132 40
1711713417032 1.4467915296554565 41
