1711713406142 62.3364143371582 0
1711713406422 23.051786422729492 1
1711713406696 9.018896102905273 2
1711713406966 6.489999294281006 3
1711713407237 4.922593116760254 4
1711713407516 3.71561598777771 5
1711713407786 3.1642074584960938 6
1711713408057 2.82732892036438 7
1711713408326 2.4820730686187744 8
1711713408594 2.232072114944458 9
1711713408862 2.0525097846984863 10
1711713409130 1.8324733972549438 11
1711713409398 1.6865557432174683 12
1711713409669 1.582290530204773 13
1711713409938 1.4955681562423706 14
1711713410173 1.436278223991394 15
1711713410443 1.3895208835601807 16
1711713410779 1.319354772567749 17
1711713411050 1.3479081392288208 18
1711713411320 1.2644681930541992 19
1711713411588 1.2402797937393188 20
1711713411858 1.1775604486465454 21
1711713412104 1.1364353895187378 22
1711713412373 1.1372780799865723 23
1711713412645 1.1142709255218506 24
1711713412913 1.0789830684661865 25
1711713413181 1.0506091117858887 26
1711713413448 1.018040418624878 27
1711713413715 1.0477807521820068 28
1711713413952 1.0049926042556763 29
1711713414188 0.9743645191192627 30
1711713414452 0.9717484712600708 31
1711713414690 0.9854228496551514 32
1711713414959 0.935409665107727 33
1711713415227 0.9250659942626953 34
1711713415463 0.8975454568862915 35
1711713415733 0.8810386061668396 36
1711713415976 0.8735505938529968 37
1711713416240 0.9039340019226074 38
1711713416509 0.9110001921653748 39
1711713416745 0.991072416305542 40
1711713417032 0.9187943339347839 41
