1711959185932 6047.8330078125 0
1711959186202 853.545654296875 1
1711959186469 154.12496948242188 2
1711959186747 88.87113189697266 3
1711959187009 55.96921157836914 4
1711959187275 37.084678649902344 5
1711959187543 28.09087562561035 6
1711959187809 23.4278564453125 7
1711959188075 20.268482208251953 8
1711959188371 17.077831268310547 9
1711959188654 14.164531707763672 10
1711959188926 11.393683433532715 11
1711959189200 9.59106159210205 12
1711959189467 7.395733833312988 13
1711959189753 6.223201274871826 14
1711959190019 5.484138011932373 15
1711959190310 4.828367710113525 16
1711959190580 4.359011173248291 17
1711959190847 4.0517897605896 18
1711959191119 3.8275399208068848 19
1711959191402 3.7012996673583984 20
1711959191670 3.3391189575195312 21
1711959191947 3.1782801151275635 22
1711959192179 3.0047712326049805 23
1711959192462 3.006988525390625 24
1711959192699 2.67615008354187 25
1711959192967 2.4972610473632812 26
1711959193242 2.3591818809509277 27
1711959193473 2.275520086288452 28
1711959193736 2.0628199577331543 29
1711959194004 2.1721019744873047 30
1711959194237 1.9261820316314697 31
1711959194510 1.7959396839141846 32
1711959194744 1.801496148109436 33
1711959195020 1.642625093460083 34
1711959195254 1.6916276216506958 35
1711959195504 1.4545140266418457 36
1711959195780 1.3519595861434937 37
1711959196056 1.2603704929351807 38
1711959196293 1.3869295120239258 39
1711959196573 1.1081109046936035 40
1711959196842 1.0333935022354126 41
1711959197071 1.0315667390823364 42
1711959197326 0.9240785837173462 43
1711959197594 0.984326183795929 44
1711959197821 0.9510444402694702 45
1711959198049 0.8668748736381531 46
1711959198311 0.9162797331809998 47
1711959198576 0.9867475628852844 48
1711959198819 0.858523428440094 49
