1711959185932 59.88101577758789 0
1711959186202 22.5965518951416 1
1711959186469 8.430891990661621 2
1711959186747 6.2021002769470215 3
1711959187009 4.830510139465332 4
1711959187275 4.006539821624756 5
1711959187543 3.6249492168426514 6
1711959187809 3.4264285564422607 7
1711959188075 3.2499284744262695 8
1711959188371 3.0088276863098145 9
1711959188654 2.759047746658325 10
1711959188926 2.473233938217163 11
1711959189200 2.27673077583313 12
1711959189467 1.9884655475616455 13
1711959189753 1.8244634866714478 14
1711959190019 1.7212389707565308 15
1711959190310 1.6126738786697388 16
1711959190580 1.5441162586212158 17
1711959190847 1.4913371801376343 18
1711959191119 1.4553102254867554 19
1711959191402 1.4325940608978271 20
1711959191670 1.357164978981018 21
1711959191947 1.3318504095077515 22
1711959192179 1.298340916633606 23
1711959192462 1.3051694631576538 24
1711959192699 1.2316745519638062 25
1711959192967 1.192625641822815 26
1711959193242 1.1604259014129639 27
1711959193473 1.138562560081482 28
1711959193736 1.092838168144226 29
1711959194004 1.1291377544403076 30
1711959194237 1.0594230890274048 31
1711959194510 1.018492579460144 32
1711959194744 1.0227949619293213 33
1711959195020 0.9764798879623413 34
1711959195254 0.9917165040969849 35
1711959195504 0.9193636178970337 36
1711959195780 0.8828355073928833 37
1711959196056 0.845196545124054 38
1711959196293 0.8998506665229797 39
1711959196573 0.7961082458496094 40
1711959196842 0.7681505680084229 41
1711959197071 0.7668708562850952 42
1711959197326 0.726394772529602 43
1711959197594 0.7505807280540466 44
1711959197821 0.739706814289093 45
1711959198049 0.6993823647499084 46
1711959198311 0.7227482795715332 47
1711959198576 0.7473317384719849 48
1711959198819 0.7029129266738892 49
