1711709771438 5852.07421875 0
1711709771714 726.5189819335938 1
1711709771987 149.5333251953125 2
1711709772261 82.88375854492188 3
1711709772535 49.034942626953125 4
1711709772801 32.17350769042969 5
1711709773071 24.357526779174805 6
1711709773343 19.637142181396484 7
1711709773650 15.66051959991455 8
1711709773921 12.714872360229492 9
1711709774187 10.709232330322266 10
1711709774500 8.889450073242188 11
1711709774773 7.640796661376953 12
1711709775040 6.942803382873535 13
1711709775311 6.138608932495117 14
1711709775576 5.473538875579834 15
1711709775846 5.140653610229492 16
1711709776112 4.696702480316162 17
1711709776379 4.364464282989502 18
1711709776650 4.1896138191223145 19
1711709776914 3.8033061027526855 20
1711709777151 3.678492546081543 21
1711709777421 3.1843693256378174 22
1711709777689 3.129830837249756 23
1711709777957 2.886789560317993 24
1711709778190 3.0413434505462646 25
1711709778460 2.749142646789551 26
1711709778727 2.5366709232330322 27
1711709778997 2.58020281791687 28
1711709779232 2.2837588787078857 29
1711709779500 2.28928542137146 30
1711709779770 2.3468401432037354 31
1711709780036 2.081601858139038 32
1711709780306 1.9509780406951904 33
1711709780541 2.029911994934082 34
1711709780805 1.8276735544204712 35
1711709781073 1.7512094974517822 36
1711709781340 1.684201717376709 37
1711709781611 1.5344074964523315 38
1711709781893 1.5025017261505127 39
1711709782127 1.6046706438064575 40
1711709782395 1.4578981399536133 41
1711709782650 1.3610378503799438 42
1711709782883 1.2560667991638184 43
1711709783166 1.2022286653518677 44
1711709783436 1.289996862411499 45
1711709783676 1.1276962757110596 46
1711709783956 1.1526910066604614 47
1711709784225 1.1327403783798218 48
1711709784457 1.211543083190918 49
