1711709771438 58.77347183227539 0
1711709771714 20.9153995513916 1
1711709771987 8.554984092712402 2
1711709772261 5.907644748687744 3
1711709772535 4.498387813568115 4
1711709772801 3.8099446296691895 5
1711709773071 3.4407715797424316 6
1711709773343 3.161412239074707 7
1711709773650 2.8459839820861816 8
1711709773921 2.583625078201294 9
1711709774187 2.3919637203216553 10
1711709774500 2.171656608581543 11
1711709774773 2.022169589996338 12
1711709775040 1.9328179359436035 13
1711709775311 1.8245216608047485 14
1711709775576 1.734220027923584 15
1711709775846 1.682582139968872 16
1711709776112 1.615092396736145 17
1711709776379 1.5634887218475342 18
1711709776650 1.5303465127944946 19
1711709776914 1.4584110975265503 20
1711709777151 1.439900517463684 21
1711709777421 1.3302650451660156 22
1711709777689 1.326919674873352 23
1711709777957 1.2718687057495117 24
1711709778190 1.3196971416473389 25
1711709778460 1.2469534873962402 26
1711709778727 1.1975730657577515 27
1711709778997 1.213356852531433 28
1711709779232 1.1319307088851929 29
1711709779500 1.1381492614746094 30
1711709779770 1.1587804555892944 31
1711709780036 1.0850650072097778 32
1711709780306 1.0489635467529297 33
1711709780541 1.0773952007293701 34
1711709780805 1.0151764154434204 35
1711709781073 0.9968129396438599 36
1711709781340 0.9736630320549011 37
1711709781611 0.9303479194641113 38
1711709781893 0.9178314208984375 39
1711709782127 0.9586057662963867 40
1711709782395 0.9110123515129089 41
1711709782650 0.8771799802780151 42
1711709782883 0.8442337512969971 43
1711709783166 0.8210621476173401 44
1711709783436 0.8644595146179199 45
1711709783676 0.7980241775512695 46
1711709783956 0.8122701644897461 47
1711709784225 0.8055650591850281 48
1711709784457 0.838806688785553 49
