1711707812941 5849.326171875 0
1711707813185 591.6945190429688 1
1711707813420 127.49576568603516 2
1711707813653 65.94781494140625 3
1711707813885 37.372596740722656 4
1711707814116 23.810731887817383 5
1711707814350 17.727975845336914 6
1711707814584 14.54609203338623 7
1711707814818 11.667243003845215 8
1711707815050 9.799395561218262 9
1711707815318 7.674051284790039 10
1711707815703 6.289541244506836 11
1711707816141 5.147154331207275 12
1711707816741 4.438063144683838 13
1711707817165 3.801543712615967 14
1711707817405 3.5155892372131348 15
1711707817674 3.134995460510254 16
1711707817921 3.0760083198547363 17
1711707818168 2.7871344089508057 18
1711707818407 2.674680471420288 19
1711707818634 2.4010396003723145 20
1711707818866 2.281883478164673 21
1711707819113 2.0846633911132812 22
1711707819341 2.014432668685913 23
1711707819563 1.8744080066680908 24
1711707819777 1.7904075384140015 25
1711707820007 1.7172070741653442 26
1711707820234 1.5816131830215454 27
1711707820462 1.5511927604675293 28
1711707820672 1.461430311203003 29
1711707820906 1.4489948749542236 30
1711707821137 1.2698628902435303 31
1711707821366 1.1721500158309937 32
1711707821594 1.1747885942459106 33
1711707821822 1.335880994796753 34
1711707822050 1.1615499258041382 35
1711707822279 1.0877805948257446 36
1711707822499 1.0017154216766357 37
1711707822727 1.089309573173523 38
1711707822957 1.0017738342285156 39
1711707823191 0.9614059329032898 40
1711707823419 0.8160450458526611 41
1711707823644 0.8528225421905518 42
1711707823923 0.7969611883163452 43
1711707824154 0.7264494299888611 44
1711707824383 0.7570439577102661 45
1711707824604 0.7343652248382568 46
1711707824833 0.6751277446746826 47
1711707825053 0.613586962223053 48
1711707825281 0.6355650424957275 49
