1711707812941 58.589088439941406 0
1711707813185 18.076637268066406 1
1711707813420 7.999099254608154 2
1711707813653 5.353921890258789 3
1711707813885 4.059852600097656 4
1711707814116 3.3546395301818848 5
1711707814350 2.9806113243103027 6
1711707814584 2.754378080368042 7
1711707814818 2.4725639820098877 8
1711707815050 2.2721023559570312 9
1711707815318 2.004887580871582 10
1711707815703 1.8131877183914185 11
1711707816141 1.6523613929748535 12
1711707816741 1.5494991540908813 13
1711707817165 1.4415104389190674 14
1711707817405 1.3910636901855469 15
1711707817674 1.3187681436538696 16
1711707817921 1.30745530128479 17
1711707818168 1.2475807666778564 18
1711707818407 1.2265008687973022 19
1711707818634 1.1612428426742554 20
1711707818866 1.1434733867645264 21
1711707819113 1.0882666110992432 22
1711707819341 1.0745363235473633 23
1711707819563 1.039473295211792 24
1711707819777 1.0174568891525269 25
1711707820007 0.9960784912109375 26
1711707820234 0.9573041796684265 27
1711707820462 0.9417524337768555 28
1711707820672 0.9189164042472839 29
1711707820906 0.917119026184082 30
1711707821137 0.8541263937950134 31
1711707821366 0.8208807110786438 32
1711707821594 0.8248928785324097 33
1711707821822 0.8847034573554993 34
1711707822050 0.8227565288543701 35
1711707822279 0.7980674505233765 36
1711707822499 0.7656826972961426 37
1711707822727 0.8022565245628357 38
1711707822957 0.7646060585975647 39
1711707823191 0.7443342804908752 40
1711707823419 0.6886487603187561 41
1711707823644 0.7038492560386658 42
1711707823923 0.6842576861381531 43
1711707824154 0.6490293741226196 44
1711707824383 0.6640949249267578 45
1711707824604 0.6551367044448853 46
1711707824833 0.6288981437683105 47
1711707825053 0.6011421084403992 48
1711707825281 0.6108117699623108 49
