1711714481755 57.42221450805664 0
1711714482032 17.43633460998535 1
1711714482303 7.885146617889404 2
1711714482574 5.4395551681518555 3
1711714482843 4.045077323913574 4
1711714483114 3.6010868549346924 5
1711714483383 3.303879499435425 6
1711714483654 3.0971622467041016 7
1711714483924 2.6554224491119385 8
1711714484194 2.343127965927124 9
1711714484463 2.085369825363159 10
1711714484734 1.8453129529953003 11
1711714485006 1.7016187906265259 12
1711714485280 1.6243901252746582 13
1711714485517 1.508371353149414 14
1711714485828 1.461791753768921 15
1711714486096 1.432149887084961 16
1711714486332 1.3521769046783447 17
1711714486600 1.3206318616867065 18
1711714486869 1.3241416215896606 19
1711714487140 1.2899575233459473 20
1711714487413 1.2144724130630493 21
1711714487680 1.1984593868255615 22
1711714487916 1.1940475702285767 23
1711714488152 1.1793466806411743 24
1711714488422 1.1043593883514404 25
1711714488659 1.10231351852417 26
1711714488897 1.0469077825546265 27
1711714489170 1.059912919998169 28
1711714489440 1.0138133764266968 29
1711714489710 0.996891975402832 30
1711714489945 0.9872292876243591 31
1711714490223 0.9158809185028076 32
1711714490493 0.9393658638000488 33
1711714490763 0.8718356490135193 34
1711714491000 0.9271371364593506 35
1711714491268 0.8377591967582703 36
1711714491538 0.8511991500854492 37
1711714491775 0.8600240349769592 38
1711714492013 0.8204168677330017 39
