1711714481755 5703.41650390625 0
1711714482032 549.5059814453125 1
1711714482303 127.97187805175781 2
1711714482574 69.62154388427734 3
1711714482843 39.273380279541016 4
1711714483114 28.165956497192383 5
1711714483383 22.47040557861328 6
1711714483654 18.926193237304688 7
1711714483924 14.2090482711792 8
1711714484194 11.058000564575195 9
1711714484463 8.756093978881836 10
1711714484734 6.742526054382324 11
1711714485006 5.626738548278809 12
1711714485280 4.975203514099121 13
1711714485517 4.2794952392578125 14
1711714485828 3.9200642108917236 15
1711714486096 3.7263121604919434 16
1711714486332 3.313493490219116 17
1711714486600 3.1175758838653564 18
1711714486869 3.0993459224700928 19
1711714487140 2.9539966583251953 20
1711714487413 2.6040732860565186 21
1711714487680 2.5495481491088867 22
1711714487916 2.5078341960906982 23
1711714488152 2.4186806678771973 24
1711714488422 2.117600202560425 25
1711714488659 2.1209959983825684 26
1711714488897 1.9179600477218628 27
1711714489170 1.956091046333313 28
1711714489440 1.7994943857192993 29
1711714489710 1.7165484428405762 30
1711714489945 1.6865217685699463 31
1711714490223 1.4624563455581665 32
1711714490493 1.5322195291519165 33
1711714490763 1.320894479751587 34
1711714491000 1.4882211685180664 35
1711714491268 1.2180975675582886 36
1711714491538 1.2453290224075317 37
1711714491775 1.2502113580703735 38
1711714492013 1.1552479267120361 39
