1711710383501 6316.06982421875 0
1711710383773 729.1397094726562 1
1711710384045 128.76235961914062 2
1711710384315 65.0986099243164 3
1711710384584 39.7410888671875 4
1711710384848 26.847673416137695 5
1711710385118 19.410934448242188 6
1711710385390 15.91559886932373 7
1711710385658 13.548068046569824 8
1711710385927 11.377815246582031 9
1711710386191 10.68297290802002 10
1711710386462 8.594940185546875 11
1711710386726 7.656335353851318 12
1711710386996 7.111021995544434 13
1711710387264 6.230967998504639 14
1711710387527 5.866653919219971 15
1711710387795 5.712855815887451 16
1711710388065 5.339905261993408 17
1711710388331 4.790261268615723 18
1711710388630 4.54188346862793 19
1711710388892 4.211646556854248 20
1711710389163 4.0815839767456055 21
1711710389426 3.9740233421325684 22
1711710389696 3.857391357421875 23
1711710389928 4.021719932556152 24
1711710390193 3.5997681617736816 25
1711710390459 3.552454948425293 26
1711710390725 3.4775288105010986 27
1711710390991 3.279270648956299 28
1711710391256 3.1931798458099365 29
1711710391521 3.4027259349823 30
1711710391754 3.126096487045288 31
1711710392017 2.9676434993743896 32
1711710392253 2.8904523849487305 33
1711710392518 2.796612024307251 34
1711710392781 2.5569074153900146 35
1711710393047 2.590700149536133 36
1711710393283 2.3749444484710693 37
1711710393549 2.398212194442749 38
1711710393816 2.3626461029052734 39
1711710394078 2.258204698562622 40
1711710394349 2.3913636207580566 41
1711710394646 2.045603036880493 42
1711710394915 2.051858425140381 43
1711710395150 1.8698089122772217 44
1711710395425 1.7225788831710815 45
1711710395690 1.6034456491470337 46
1711710396018 1.4355072975158691 47
1711710396288 1.3959825038909912 48
1711710396554 1.2430312633514404 49
