1711710383501 60.72787094116211 0
1711710383773 20.34732437133789 1
1711710384045 7.748269081115723 2
1711710384315 5.198451519012451 3
1711710384584 4.194035530090332 4
1711710384848 3.5226709842681885 5
1711710385118 3.0417709350585938 6
1711710385390 2.8237202167510986 7
1711710385658 2.6368558406829834 8
1711710385927 2.417562246322632 9
1711710386191 2.385802745819092 10
1711710386462 2.109760284423828 11
1711710386726 1.9978137016296387 12
1711710386996 1.9491534233093262 13
1711710387264 1.823805332183838 14
1711710387527 1.7804052829742432 15
1711710387795 1.7743202447891235 16
1711710388065 1.7272166013717651 17
1711710388331 1.6227141618728638 18
1711710388630 1.5856857299804688 19
1711710388892 1.5210037231445312 20
1711710389163 1.5021893978118896 21
1711710389426 1.479637622833252 22
1711710389696 1.4649163484573364 23
1711710389928 1.5006355047225952 24
1711710390193 1.41249418258667 25
1711710390459 1.4031673669815063 26
1711710390725 1.3917829990386963 27
1711710390991 1.3456307649612427 28
1711710391256 1.3279579877853394 29
1711710391521 1.3795316219329834 30
1711710391754 1.3183282613754272 31
1711710392017 1.2817661762237549 32
1711710392253 1.2626709938049316 33
1711710392518 1.241395354270935 34
1711710392781 1.1806985139846802 35
1711710393047 1.1930818557739258 36
1711710393283 1.1366777420043945 37
1711710393549 1.1393197774887085 38
1711710393816 1.138127088546753 39
1711710394078 1.1083006858825684 40
1711710394349 1.1537554264068604 41
1711710394646 1.056313395500183 42
1711710394915 1.0550776720046997 43
1711710395150 1.0188429355621338 44
1711710395425 0.974197506904602 45
1711710395690 0.9351704716682434 46
1711710396018 0.8852797150611877 47
1711710396288 0.8709169626235962 48
1711710396554 0.8224642276763916 49
