1711959206376 6275.51220703125 0
1711959206650 674.5889282226562 1
1711959206921 145.77325439453125 2
1711959207196 78.26177978515625 3
1711959207466 43.01978302001953 4
1711959207735 25.1718692779541 5
1711959208005 17.02402114868164 6
1711959208267 12.568495750427246 7
1711959208539 9.303692817687988 8
1711959208807 7.38748025894165 9
1711959209073 5.981285095214844 10
1711959209359 5.062359809875488 11
1711959209624 4.620080947875977 12
1711959209904 4.217611789703369 13
1711959210173 3.836395740509033 14
1711959210455 3.601882219314575 15
1711959210721 3.3808891773223877 16
1711959210952 3.165921926498413 17
1711959211216 3.1880903244018555 18
1711959211446 2.9945130348205566 19
1711959211709 2.9436445236206055 20
1711959211977 2.6732418537139893 21
1711959212246 2.6007864475250244 22
1711959212479 2.4861037731170654 23
1711959212744 2.383112668991089 24
1711959212973 2.1839563846588135 25
1711959213256 2.0407865047454834 26
1711959213520 2.0393033027648926 27
1711959213782 2.0386083126068115 28
1711959214060 1.8571089506149292 29
1711959214312 1.8342877626419067 30
1711959214575 1.867149829864502 31
1711959214842 1.711846947669983 32
1711959215089 1.6360124349594116 33
1711959215354 1.622533917427063 34
