1711959206376 60.84019470214844 0
1711959206650 19.575159072875977 1
1711959206921 8.471444129943848 2
1711959207196 5.8338093757629395 3
1711959207466 4.293174743652344 4
1711959207735 3.3616342544555664 5
1711959208005 2.8317883014678955 6
1711959208267 2.4519548416137695 7
1711959208539 2.1120126247406006 8
1711959208807 1.903740406036377 9
1711959209073 1.7402124404907227 10
1711959209359 1.6201099157333374 11
1711959209624 1.5629956722259521 12
1711959209904 1.504808783531189 13
1711959210173 1.4426127672195435 14
1711959210455 1.4008914232254028 15
1711959210721 1.370815396308899 16
1711959210952 1.3235514163970947 17
1711959211216 1.3414393663406372 18
1711959211446 1.2977160215377808 19
1711959211709 1.2930530309677124 20
1711959211977 1.235303282737732 21
1711959212246 1.2129429578781128 22
1711959212479 1.18683660030365 23
1711959212744 1.1721667051315308 24
1711959212973 1.118116855621338 25
1711959213256 1.0807703733444214 26
1711959213520 1.079838514328003 27
1711959213782 1.0819976329803467 28
1711959214060 1.03325617313385 29
1711959214312 1.0319314002990723 30
1711959214575 1.035601258277893 31
1711959214842 0.9925632476806641 32
1711959215089 0.9681923389434814 33
1711959215354 0.9650624394416809 34
