1711708301587 5549.578125 0
1711708301856 664.5604248046875 1
1711708302126 126.53618621826172 2
1711708302394 64.33698272705078 3
1711708302655 38.419071197509766 4
1711708302924 28.525726318359375 5
1711708303188 22.20669937133789 6
1711708303453 18.238508224487305 7
1711708303715 14.74178409576416 8
1711708303982 10.914341926574707 9
1711708304247 8.85202407836914 10
1711708304530 6.988234996795654 11
1711708304802 6.004332065582275 12
1711708305066 5.321908473968506 13
1711708305335 4.722860813140869 14
1711708305598 4.376836776733398 15
1711708305865 4.110167503356934 16
1711708306128 3.739396095275879 17
1711708306356 3.8096611499786377 18
1711708306619 3.340388298034668 19
1711708306852 3.2871875762939453 20
1711708307114 3.129441261291504 21
1711708307342 2.8982584476470947 22
1711708307607 2.668562889099121 23
1711708307868 2.5289556980133057 24
1711708308198 2.43532657623291 25
1711708308467 2.2836451530456543 26
1711708308729 2.05535626411438 27
1711708308959 2.051272392272949 28
1711708309224 1.9462502002716064 29
1711708309489 1.9288755655288696 30
1711708309753 1.7402775287628174 31
1711708309987 1.7143330574035645 32
1711708310250 1.6245903968811035 33
1711708310515 1.416651725769043 34
1711708310775 1.3448266983032227 35
1711708311010 1.3556896448135376 36
1711708311270 1.1569691896438599 37
1711708311534 1.0462990999221802 38
1711708311800 0.9851628541946411 39
1711708312064 1.157850980758667 40
1711708312294 0.9183997511863708 41
1711708312558 0.8748946189880371 42
1711708312785 0.8263018131256104 43
1711708313015 0.7664915323257446 44
