1711708301587 57.11497497558594 0
1711708301856 19.417940139770508 1
1711708302126 7.621845722198486 2
1711708302394 5.1946635246276855 3
1711708302655 4.144338607788086 4
1711708302924 3.7177820205688477 5
1711708303188 3.3566579818725586 6
1711708303453 3.085789680480957 7
1711708303715 2.7971856594085693 8
1711708303982 2.398829221725464 9
1711708304247 2.1738193035125732 10
1711708304530 1.942745327949524 11
1711708304802 1.8176735639572144 12
1711708305066 1.717227816581726 13
1711708305335 1.6248141527175903 14
1711708305598 1.5642801523208618 15
1711708305865 1.5169755220413208 16
1711708306128 1.4493995904922485 17
1711708306356 1.4659481048583984 18
1711708306619 1.366673231124878 19
1711708306852 1.3619719743728638 20
1711708307114 1.3250929117202759 21
1711708307342 1.2722135782241821 22
1711708307607 1.2209423780441284 23
1711708307868 1.184569239616394 24
1711708308198 1.1625945568084717 25
1711708308467 1.1246473789215088 26
1711708308729 1.069679617881775 27
1711708308959 1.07615065574646 28
1711708309224 1.0459487438201904 29
1711708309489 1.0368223190307617 30
1711708309753 0.9933766722679138 31
1711708309987 0.9840179681777954 32
1711708310250 0.9642419219017029 33
1711708310515 0.8946491479873657 34
1711708310775 0.8719106316566467 35
1711708311010 0.8792711496353149 36
1711708311270 0.8101590275764465 37
1711708311534 0.7644291520118713 38
1711708311800 0.7452536225318909 39
1711708312064 0.8099586367607117 40
1711708312294 0.7183818221092224 41
1711708312558 0.7071344256401062 42
1711708312785 0.6843358874320984 43
1711708313015 0.656613290309906 44
