1711707880229 5697.3583984375 0
1711707880499 718.1851196289062 1
1711707880765 159.61981201171875 2
1711707881031 91.3660659790039 3
1711707881309 52.63756561279297 4
1711707881567 30.872852325439453 5
1711707881833 21.297813415527344 6
1711707882097 15.58556842803955 7
1711707882362 12.130034446716309 8
1711707882626 9.447422981262207 9
1711707882889 7.588243007659912 10
1711707883157 6.068050861358643 11
1711707883420 5.1864824295043945 12
1711707883684 4.426988124847412 13
1711707883952 3.9744131565093994 14
1711707884242 3.7110326290130615 15
1711707884507 3.4789676666259766 16
1711707884781 3.2566633224487305 17
1711707885043 3.011850118637085 18
1711707885309 2.839954137802124 19
1711707885569 2.7252914905548096 20
1711707885836 2.5632975101470947 21
1711707886066 2.447293996810913 22
1711707886330 2.2139525413513184 23
1711707886590 2.1299431324005127 24
1711707886856 1.9503475427627563 25
1711707887135 1.8607820272445679 26
1711707887395 1.7049063444137573 27
1711707887661 1.7898954153060913 28
1711707887921 1.5836355686187744 29
1711707888157 1.446811318397522 30
1711707888387 1.6399102210998535 31
1711707888649 1.3058439493179321 32
1711707888910 1.209627628326416 33
1711707889173 1.3364450931549072 34
1711707889438 1.12692391872406 35
1711707889669 1.0522879362106323 36
1711707889946 1.0983211994171143 37
1711707890206 0.9852004051208496 38
1711707890439 1.0058679580688477 39
1711707890703 0.9287708401679993 40
1711707890966 0.970860481262207 41
1711707891195 0.9067467451095581 42
1711707891455 0.8666523098945618 43
