1711707880229 57.871639251708984 0
1711707880499 20.46621322631836 1
1711707880765 8.689217567443848 2
1711707881031 6.264245510101318 3
1711707881309 4.5919508934021 4
1711707881567 3.5994718074798584 5
1711707881833 3.1332449913024902 6
1711707882097 2.749573230743408 7
1711707882362 2.4484663009643555 8
1711707882626 2.1551618576049805 9
1711707882889 1.9492080211639404 10
1711707883157 1.7496294975280762 11
1711707883420 1.638440728187561 12
1711707883684 1.5202281475067139 13
1711707883952 1.446291208267212 14
1711707884242 1.4140901565551758 15
1711707884507 1.3764266967773438 16
1711707884781 1.3390876054763794 17
1711707885043 1.2810746431350708 18
1711707885309 1.2441233396530151 19
1711707885569 1.2254451513290405 20
1711707885836 1.193771481513977 21
1711707886066 1.1652582883834839 22
1711707886330 1.1166856288909912 23
1711707886590 1.0931885242462158 24
1711707886856 1.0432878732681274 25
1711707887135 1.0231881141662598 26
1711707887395 0.9808670878410339 27
1711707887661 1.0086780786514282 28
1711707887921 0.9475119113922119 29
1711707888157 0.901790976524353 30
1711707888387 0.9674625396728516 31
1711707888649 0.8615948557853699 32
1711707888910 0.8313885927200317 33
1711707889173 0.8750729560852051 34
1711707889438 0.7989838719367981 35
1711707889669 0.7682677507400513 36
1711707889946 0.7981749773025513 37
1711707890206 0.7493880391120911 38
1711707890439 0.7615586519241333 39
1711707890703 0.7297987937927246 40
1711707890966 0.7524302005767822 41
1711707891195 0.7246055006980896 42
1711707891455 0.7077968716621399 43
