1711714196630 60.03453063964844 0
1711714196908 21.5463924407959 1
1711714197187 7.493313789367676 2
1711714197463 5.257772445678711 3
1711714197735 4.167126655578613 4
1711714198010 3.6782400608062744 5
1711714198304 3.2929880619049072 6
1711714198576 2.9329469203948975 7
1711714198846 2.7060165405273438 8
1711714199119 2.440211296081543 9
1711714199389 2.2048087120056152 10
1711714199661 2.0961437225341797 11
1711714199939 1.952690601348877 12
1711714200209 1.896390438079834 13
1711714200520 1.8063411712646484 14
1711714200806 1.7332602739334106 15
1711714201045 1.673517107963562 16
1711714201334 1.6845805644989014 17
1711714201608 1.6099522113800049 18
1711714201840 1.6060378551483154 19
1711714202098 1.51795494556427 20
1711714202367 1.5220937728881836 21
1711714202637 1.4982753992080688 22
1711714202871 1.4432647228240967 23
1711714203186 1.4627293348312378 24
1711714203455 1.4386111497879028 25
1711714203725 1.3884649276733398 26
1711714203961 1.4376283884048462 27
1711714204230 1.3613353967666626 28
1711714204469 1.3618137836456299 29
1711714204736 1.3033771514892578 30
1711714204977 1.285369873046875 31
1711714205246 1.2238788604736328 32
1711714205518 1.2539873123168945 33
1711714205752 1.229616641998291 34
1711714206017 1.2225733995437622 35
1711714206257 1.165313959121704 36
1711714206522 1.1520012617111206 37
1711714206759 1.088291049003601 38
1711714206995 1.1423370838165283 39
1711714207265 1.0645670890808105 40
1711714207500 1.0282820463180542 41
1711714207771 0.9956150054931641 42
1711714208038 0.9862959980964661 43
1711714208365 0.9255409836769104 44
1711714208641 0.9132036566734314 45
1711714208878 0.9333100318908691 46
1711714209147 0.8594646453857422 47
1711714209416 0.8580944538116455 48
1711714209685 0.8599112033843994 49
