1711714196630 6103.3564453125 0
1711714196908 785.594970703125 1
1711714197187 125.39246368408203 2
1711714197463 68.35372924804688 3
1711714197735 42.531532287597656 4
1711714198010 30.632776260375977 5
1711714198304 23.42088508605957 6
1711714198576 18.391895294189453 7
1711714198846 15.264710426330566 8
1711714199119 12.215264320373535 9
1711714199389 10.006013870239258 10
1711714199661 8.79306411743164 11
1711714199939 7.597886562347412 12
1711714200209 6.951478481292725 13
1711714200520 6.296385288238525 14
1711714200806 5.794806480407715 15
1711714201045 5.376860618591309 16
1711714201334 5.300429821014404 17
1711714201608 4.856943130493164 18
1711714201840 4.817840099334717 19
1711714202098 4.385744571685791 20
1711714202367 4.354485511779785 21
1711714202637 4.229891300201416 22
1711714202871 3.9973011016845703 23
1711714203186 4.007997035980225 24
1711714203455 3.8802080154418945 25
1711714203725 3.652944803237915 26
1711714203961 3.837900400161743 27
1711714204230 3.4878089427948 28
1711714204469 3.3961353302001953 29
1711714204736 3.141199827194214 30
1711714204977 3.0206832885742188 31
1711714205246 2.759037494659424 32
1711714205518 2.8753833770751953 33
1711714205752 2.727482318878174 34
1711714206017 2.720325231552124 35
1711714206257 2.5018367767333984 36
1711714206522 2.4079644680023193 37
1711714206759 2.184621810913086 38
1711714206995 2.335360050201416 39
1711714207265 2.087380886077881 40
1711714207500 1.9479681253433228 41
1711714207771 1.8388582468032837 42
1711714208038 1.7736334800720215 43
1711714208365 1.606313943862915 44
1711714208641 1.5589592456817627 45
1711714208878 1.5818620920181274 46
1711714209147 1.368187427520752 47
1711714209416 1.3568446636199951 48
1711714209685 1.338295340538025 49
