1711710011419 5938.955078125 0
1711710011692 766.322265625 1
1711710011964 159.01751708984375 2
1711710012236 91.33062744140625 3
1711710012505 57.59049987792969 4
1711710012773 36.53973388671875 5
1711710013046 25.546110153198242 6
1711710013312 19.895280838012695 7
1711710013586 16.60625457763672 8
1711710013859 13.501790046691895 9
1711710014130 11.443564414978027 10
1711710014400 9.563223838806152 11
1711710014670 8.385727882385254 12
1711710014939 7.542635917663574 13
1711710015205 6.520279407501221 14
1711710015512 5.869779586791992 15
1711710015786 5.3603315353393555 16
1711710016054 4.883252143859863 17
1711710016289 4.486631870269775 18
1711710016554 4.145648002624512 19
1711710016822 3.847323417663574 20
1711710017062 3.6979618072509766 21
1711710017327 3.6162378787994385 22
1711710017600 3.3784120082855225 23
1711710017835 3.082491636276245 24
1711710018101 3.1054954528808594 25
1711710018338 2.858513593673706 26
1711710018606 2.8061530590057373 27
1711710018878 2.6132822036743164 28
1711710019116 2.514103651046753 29
1711710019381 2.4561662673950195 30
1711710019652 2.5011444091796875 31
1711710019887 2.335935354232788 32
1711710020122 2.195711374282837 33
1711710020386 2.1571967601776123 34
1711710020619 2.0220894813537598 35
1711710020887 1.8688641786575317 36
