1711710011419 59.09280776977539 0
1711710011692 21.170717239379883 1
1711710011964 8.924055099487305 2
1711710012236 6.401498794555664 3
1711710012505 5.053942680358887 4
1711710012773 4.011983394622803 5
1711710013046 3.461564064025879 6
1711710013312 3.1504549980163574 7
1711710013586 2.9221363067626953 8
1711710013859 2.6347033977508545 9
1711710014130 2.4331576824188232 10
1711710014400 2.2226288318634033 11
1711710014670 2.0804316997528076 12
1711710014939 1.9877160787582397 13
1711710015205 1.851952314376831 14
1711710015512 1.7643623352050781 15
1711710015786 1.694879412651062 16
1711710016054 1.6267277002334595 17
1711710016289 1.5647813081741333 18
1711710016554 1.508512020111084 19
1711710016822 1.4505350589752197 20
1711710017062 1.4335397481918335 21
1711710017327 1.4272232055664062 22
1711710017600 1.3656855821609497 23
1711710017835 1.30900239944458 24
1711710018101 1.309359073638916 25
1711710018338 1.257123589515686 26
1711710018606 1.2570891380310059 27
1711710018878 1.2034096717834473 28
1711710019116 1.1910749673843384 29
1711710019381 1.175026297569275 30
1711710019652 1.1849325895309448 31
1711710019887 1.1472002267837524 32
1711710020122 1.1073808670043945 33
1711710020386 1.1043263673782349 34
1711710020619 1.0655690431594849 35
1711710020887 1.0182216167449951 36
