1711958961976 6119.763671875 0
1711958962247 640.3617553710938 1
1711958962526 134.6919708251953 2
1711958962794 71.03408813476562 3
1711958963058 36.77682113647461 4
1711958963324 22.661861419677734 5
1711958963589 16.361412048339844 6
1711958963855 12.700440406799316 7
1711958964120 10.298754692077637 8
1711958964385 9.017108917236328 9
1711958964649 7.758565902709961 10
1711958964912 7.113086700439453 11
1711958965176 6.484093189239502 12
1711958965442 6.105616569519043 13
1711958965707 5.811265468597412 14
1711958965970 5.2852559089660645 15
1711958966240 5.097568988800049 16
1711958966504 4.9622087478637695 17
1711958966768 4.532934665679932 18
1711958966997 4.347946643829346 19
1711958967225 4.330410003662109 20
1711958967487 4.079891681671143 21
1711958967754 3.88553786277771 22
1711958967987 4.008729457855225 23
1711958968247 3.636852502822876 24
1711958968510 3.561105966567993 25
1711958968738 3.6382532119750977 26
1711958969000 3.299076795578003 27
1711958969228 3.1447691917419434 28
1711958969455 3.144639253616333 29
1711958969719 2.9790079593658447 30
1711958969947 3.1753435134887695 31
1711958970176 2.8021090030670166 32
1711958970441 2.702040910720825 33
1711958970679 2.740150213241577 34
1711958970912 2.5176713466644287 35
1711958971170 2.375072956085205 36
1711958971397 2.4300570487976074 37
1711958971626 2.2140450477600098 38
1711958971889 2.2753288745880127 39
1711958972117 2.1399335861206055 40
1711958972380 2.140899419784546 41
1711958972650 1.9411594867706299 42
1711958972912 1.8841938972473145 43
1711958973175 1.7365975379943848 44
1711958973443 1.6714134216308594 45
1711958973706 1.6958776712417603 46
1711958973969 1.507689118385315 47
1711958974198 1.4106254577636719 48
1711958974478 1.484957218170166 49
