1711958961976 59.66019058227539 0
1711958962247 19.028257369995117 1
1711958962526 7.933384418487549 2
1711958962794 5.500760555267334 3
1711958963058 3.8610246181488037 4
1711958963324 3.136716842651367 5
1711958963589 2.783704996109009 6
1711958963855 2.4989242553710938 7
1711958964120 2.272395372390747 8
1711958964385 2.159038543701172 9
1711958964649 2.0072925090789795 10
1711958964912 1.9407812356948853 11
1711958965176 1.859117031097412 12
1711958965442 1.8131431341171265 13
1711958965707 1.7843743562698364 14
1711958965970 1.6986973285675049 15
1711958966240 1.6754570007324219 16
1711958966504 1.6599775552749634 17
1711958966768 1.587662935256958 18
1711958966997 1.557363510131836 19
1711958967225 1.567669153213501 20
1711958967487 1.5179388523101807 21
1711958967754 1.4763633012771606 22
1711958967987 1.5037496089935303 23
1711958968247 1.4360198974609375 24
1711958968510 1.4115324020385742 25
1711958968738 1.4378362894058228 26
1711958969000 1.359917163848877 27
1711958969228 1.3306801319122314 28
1711958969455 1.327202320098877 29
1711958969719 1.2941498756408691 30
1711958969947 1.3472849130630493 31
1711958970176 1.2567967176437378 32
1711958970441 1.2391923666000366 33
1711958970679 1.2544273138046265 34
1711958970912 1.1960426568984985 35
1711958971170 1.1593515872955322 36
1711958971397 1.1770468950271606 37
1711958971626 1.1214381456375122 38
1711958971889 1.1378487348556519 39
1711958972117 1.1050405502319336 40
1711958972380 1.1024888753890991 41
1711958972650 1.0416748523712158 42
1711958972912 1.0369952917099 43
1711958973175 0.9908424019813538 44
1711958973443 0.9743629097938538 45
1711958973706 0.9834274053573608 46
1711958973969 0.929112434387207 47
1711958974198 0.895502507686615 48
1711958974478 0.9217477440834045 49
