1711712863261 5182.8544921875 0
1711712863538 461.8089599609375 1
1711712863812 96.29156494140625 2
1711712864086 38.878231048583984 3
1711712864353 20.980918884277344 4
1711712864623 13.948822021484375 5
1711712864892 10.9475736618042 6
1711712865164 8.777942657470703 7
1711712865438 7.620931625366211 8
1711712865709 6.89170503616333 9
1711712865976 6.082968235015869 10
1711712866247 5.321253776550293 11
1711712866519 4.955779075622559 12
1711712866792 4.562851428985596 13
1711712867059 4.3211259841918945 14
1711712867297 4.085389614105225 15
1711712867567 3.7600605487823486 16
1711712867799 3.5542843341827393 17
1711712868073 3.4865286350250244 18
1711712868304 3.417672872543335 19
1711712868572 3.145185947418213 20
1711712868841 3.0482614040374756 21
1711712869082 3.1479928493499756 22
1711712869350 2.8570826053619385 23
1711712869668 2.7290525436401367 24
1711712869934 2.7794439792633057 25
1711712870172 2.5892269611358643 26
1711712870438 2.457075595855713 27
1711712870675 2.3464438915252686 28
1711712870943 2.2596042156219482 29
1711712871218 2.4545109272003174 30
1711712871461 2.0779621601104736 31
1711712871700 2.1756837368011475 32
1711712871968 2.0918772220611572 33
1711712872203 1.9053586721420288 34
1711712872468 2.0692036151885986 35
1711712872739 1.821641445159912 36
1711712873008 1.7767930030822754 37
1711712873273 1.732583999633789 38
1711712873540 1.7635198831558228 39
1711712873809 1.4726699590682983 40
1711712874050 1.6896724700927734 41
1711712874320 1.518696665763855 42
1711712874577 1.4855297803878784 43
1711712874814 1.3912800550460815 44
1711712875101 1.2742407321929932 45
1711712875373 1.2080227136611938 46
1711712875645 1.2732254266738892 47
1711712875918 1.1546250581741333 48
1711712876161 1.137497067451477 49
