1711712863261 54.8156623840332 0
1711712863538 15.664589881896973 1
1711712863812 6.624999523162842 2
1711712864086 4.03355073928833 3
1711712864353 3.125556468963623 4
1711712864623 2.627474546432495 5
1711712864892 2.40879225730896 6
1711712865164 2.1699421405792236 7
1711712865438 2.0372941493988037 8
1711712865709 1.958396553993225 9
1711712865976 1.8436564207077026 10
1711712866247 1.7240278720855713 11
1711712866519 1.6708357334136963 12
1711712866792 1.5991476774215698 13
1711712867059 1.5643341541290283 14
1711712867297 1.5181794166564941 15
1711712867567 1.4550483226776123 16
1711712867799 1.41411292552948 17
1711712868073 1.4000784158706665 18
1711712868304 1.393068552017212 19
1711712868572 1.3285460472106934 20
1711712868841 1.3098021745681763 21
1711712869082 1.3391056060791016 22
1711712869350 1.270356297492981 23
1711712869668 1.2461079359054565 24
1711712869934 1.2545901536941528 25
1711712870172 1.2075283527374268 26
1711712870438 1.1794949769973755 27
1711712870675 1.1538119316101074 28
1711712870943 1.1364860534667969 29
1711712871218 1.1863441467285156 30
1711712871461 1.0835585594177246 31
1711712871700 1.1130280494689941 32
1711712871968 1.0986844301223755 33
1711712872203 1.0371079444885254 34
1711712872468 1.0885791778564453 35
1711712872739 1.0215575695037842 36
1711712873008 1.0094176530838013 37
1711712873273 1.0026878118515015 38
1711712873540 1.0116889476776123 39
1711712873809 0.9152840971946716 40
1711712874050 0.9858936667442322 41
1711712874320 0.9307084083557129 42
1711712874577 0.9184699654579163 43
1711712874814 0.8916893601417542 44
1711712875101 0.8508316278457642 45
1711712875373 0.8305885791778564 46
1711712875645 0.8567748069763184 47
1711712875918 0.8162277340888977 48
1711712876161 0.8117380738258362 49
