1711707897674 5668.81640625 0
1711707897946 604.3019409179688 1
1711707898217 127.16964721679688 2
1711707898486 73.9707260131836 3
1711707898750 45.478477478027344 4
1711707899016 31.172718048095703 5
1711707899281 24.122690200805664 6
1711707899546 19.483530044555664 7
1711707899809 16.33843994140625 8
1711707900070 13.730896949768066 9
1711707900360 11.370588302612305 10
1711707900620 9.201814651489258 11
1711707900888 8.066475868225098 12
1711707901152 6.757067680358887 13
1711707901423 5.889639854431152 14
1711707901709 5.484368324279785 15
1711707901973 4.99776554107666 16
1711707902255 4.7181267738342285 17
1711707902518 4.462997913360596 18
1711707902781 4.399133682250977 19
1711707903045 4.28783655166626 20
1711707903313 4.2259697914123535 21
1711707903541 4.071579456329346 22
1711707903808 3.9704089164733887 23
1711707904069 3.7671444416046143 24
1711707904337 3.797361135482788 25
1711707904601 3.564746856689453 26
1711707904863 3.6743624210357666 27
1711707905130 3.3971188068389893 28
1711707905393 2.6158549785614014 29
1711707905629 2.171194314956665 30
1711707905893 2.0290493965148926 31
1711707906123 1.7903434038162231 32
1711707906354 1.711442232131958 33
1711707906619 1.5119041204452515 34
1711707906850 1.5263359546661377 35
1711707907114 1.5791186094284058 36
1711707907403 1.4228739738464355 37
1711707907677 1.3302618265151978 38
1711707907940 1.2562029361724854 39
1711707908208 1.191206455230713 40
1711707908438 1.1824300289154053 41
1711707908702 1.260880947113037 42
