1711707897674 57.52006530761719 0
1711707897946 18.263771057128906 1
1711707898217 7.612002849578857 2
1711707898486 5.505037784576416 3
1711707898750 4.2999587059021 4
1711707899016 3.7050468921661377 5
1711707899281 3.391639471054077 6
1711707899546 3.077882766723633 7
1711707899809 2.858412981033325 8
1711707900070 2.621074914932251 9
1711707900360 2.383810043334961 10
1711707900620 2.1373507976531982 11
1711707900888 2.0188136100769043 12
1711707901152 1.8295550346374512 13
1711707901423 1.698468804359436 14
1711707901709 1.652404546737671 15
1711707901973 1.5757555961608887 16
1711707902255 1.525131106376648 17
1711707902518 1.4691938161849976 18
1711707902781 1.4822273254394531 19
1711707903045 1.4542289972305298 20
1711707903313 1.4380618333816528 21
1711707903541 1.416189193725586 22
1711707903808 1.3956164121627808 23
1711707904069 1.3367359638214111 24
1711707904337 1.3514667749404907 25
1711707904601 1.303362250328064 26
1711707904863 1.336320400238037 27
1711707905130 1.3062351942062378 28
1711707905393 1.1755132675170898 29
1711707905629 1.0762522220611572 30
1711707905893 1.0480759143829346 31
1711707906123 0.9837724566459656 32
1711707906354 0.9654945135116577 33
1711707906619 0.903871476650238 34
1711707906850 0.9158980250358582 35
1711707907114 0.9350948929786682 36
1711707907403 0.8886026740074158 37
1711707907677 0.8532136678695679 38
1711707907940 0.8311233520507812 39
1711707908208 0.8022615909576416 40
1711707908438 0.8075516819953918 41
1711707908702 0.8451137542724609 42
