1711708601356 6234.7900390625 0
1711708601622 817.4749755859375 1
1711708601901 146.36123657226562 2
1711708602168 81.74027252197266 3
1711708602437 44.47757339477539 4
1711708602703 24.309368133544922 5
1711708602970 16.825336456298828 6
1711708603238 13.033052444458008 7
1711708603506 10.630606651306152 8
1711708603772 8.997608184814453 9
1711708604037 7.414792537689209 10
1711708604304 6.511054992675781 11
1711708604571 5.5050129890441895 12
1711708604846 5.040432929992676 13
1711708605127 4.65549898147583 14
1711708605400 4.301887035369873 15
1711708605666 4.223029613494873 16
1711708605919 3.986762285232544 17
1711708606185 3.715538740158081 18
1711708606464 3.615318536758423 19
1711708606726 3.723127841949463 20
1711708606996 3.382676839828491 21
1711708607260 3.2616472244262695 22
1711708607494 3.1546146869659424 23
1711708607722 3.285900115966797 24
1711708607987 2.8230233192443848 25
1711708608314 2.701746702194214 26
1711708608588 2.617074489593506 27
1711708608819 2.475821018218994 28
1711708609084 2.268202066421509 29
