1711708601356 60.8544807434082 0
1711708601622 22.015941619873047 1
1711708601901 8.573020935058594 2
1711708602168 6.233606815338135 3
1711708602437 4.538322925567627 4
1711708602703 3.421058416366577 5
1711708602970 2.9636926651000977 6
1711708603238 2.6576969623565674 7
1711708603506 2.418424606323242 8
1711708603772 2.226522922515869 9
1711708604037 2.01921010017395 10
1711708604304 1.9035555124282837 11
1711708604571 1.7414182424545288 12
1711708604846 1.6817307472229004 13
1711708605127 1.6166106462478638 14
1711708605400 1.5404300689697266 15
1711708605666 1.535426139831543 16
1711708605919 1.4950203895568848 17
1711708606185 1.438089370727539 18
1711708606464 1.421226978302002 19
1711708606726 1.4522175788879395 20
1711708606996 1.3815264701843262 21
1711708607260 1.3446969985961914 22
1711708607494 1.327883243560791 23
1711708607722 1.369970679283142 24
1711708607987 1.2534434795379639 25
1711708608314 1.2253761291503906 26
1711708608588 1.2083330154418945 27
1711708608819 1.1749259233474731 28
1711708609084 1.1209594011306763 29
