1711714646951 5984.5126953125 0
1711714647235 696.7201538085938 1
1711714647506 135.7202606201172 2
1711714647779 64.66102600097656 3
1711714648050 34.537757873535156 4
1711714648321 23.601734161376953 5
1711714648642 18.9947566986084 6
1711714648913 14.684575080871582 7
1711714649184 12.488174438476562 8
1711714649472 10.390277862548828 9
1711714649744 8.802776336669922 10
1711714650015 7.444759845733643 11
1711714650290 6.737146377563477 12
1711714650557 6.052465915679932 13
1711714650795 5.45313835144043 14
1711714651068 4.79817008972168 15
1711714651366 4.232792377471924 16
1711714651605 3.739051580429077 17
1711714651877 3.6408915519714355 18
1711714652147 3.302783727645874 19
1711714652388 3.1699280738830566 20
1711714652656 2.846679210662842 21
1711714652928 2.8225486278533936 22
1711714653168 2.577239513397217 23
1711714653437 2.5813231468200684 24
1711714653707 2.459359645843506 25
1711714653944 2.3174240589141846 26
1711714654217 2.35953426361084 27
1711714654485 2.2259323596954346 28
1711714654722 2.0930354595184326 29
1711714654990 1.9067434072494507 30
1711714655261 2.062206506729126 31
1711714655502 1.8194191455841064 32
1711714655819 1.8922200202941895 33
1711714656090 1.7286639213562012 34
1711714656325 1.8332395553588867 35
1711714656596 1.7588155269622803 36
