1711714646951 58.86297607421875 0
1711714647235 20.199209213256836 1
1711714647506 7.97836446762085 2
1711714647779 5.205240249633789 3
1711714648050 3.880991220474243 4
1711714648321 3.4058265686035156 5
1711714648642 3.1483688354492188 6
1711714648913 2.790544033050537 7
1711714649184 2.60748291015625 8
1711714649472 2.380788564682007 9
1711714649744 2.189908504486084 10
1711714650015 2.0194668769836426 11
1711714650290 1.9330159425735474 12
1711714650557 1.8312798738479614 13
1711714650795 1.7408770322799683 14
1711714651068 1.6403154134750366 15
1711714651366 1.5457593202590942 16
1711714651605 1.4552017450332642 17
1711714651877 1.4447466135025024 18
1711714652147 1.3713618516921997 19
1711714652388 1.3512823581695557 20
1711714652656 1.27717924118042 21
1711714652928 1.2745715379714966 22
1711714653168 1.2153302431106567 23
1711714653437 1.2243661880493164 24
1711714653707 1.1982342004776 25
1711714653944 1.1608829498291016 26
1711714654217 1.168731689453125 27
1711714654485 1.138093113899231 28
1711714654722 1.1070305109024048 29
1711714654990 1.0489861965179443 30
1711714655261 1.0925217866897583 31
1711714655502 1.0290336608886719 32
1711714655819 1.0509768724441528 33
1711714656090 1.0028544664382935 34
1711714656325 1.0329103469848633 35
1711714656596 1.010226845741272 36
