1711714466022 6062.2626953125 0
1711714466295 822.677490234375 1
1711714466566 125.41411590576172 2
1711714466838 69.70474243164062 3
1711714467109 44.96674728393555 4
1711714467377 32.47420883178711 5
1711714467648 24.796728134155273 6
1711714467917 18.847206115722656 7
1711714468186 14.334882736206055 8
1711714468461 11.545171737670898 9
1711714468725 9.613303184509277 10
1711714468994 7.861324787139893 11
1711714469264 6.766980171203613 12
1711714469529 5.998303413391113 13
1711714469797 5.577169418334961 14
1711714470065 5.103297233581543 15
1711714470304 4.8609137535095215 16
1711714470576 4.248960018157959 17
1711714470882 4.181150436401367 18
1711714471122 4.1344895362854 19
1711714471390 3.606278419494629 20
1711714471659 3.4019341468811035 21
1711714471897 3.548110246658325 22
1711714472132 3.1577987670898438 23
1711714472400 3.1214373111724854 24
1711714472670 2.777794361114502 25
1711714472940 2.5796210765838623 26
1711714473209 2.633864641189575 27
1711714473444 2.471560478210449 28
1711714473714 2.339069128036499 29
1711714473979 2.347561836242676 30
1711714474248 2.175128936767578 31
1711714474516 2.0159146785736084 32
1711714474752 1.8944282531738281 33
1711714475022 2.002432107925415 34
