1711714466022 59.84343719482422 0
1711714466295 22.205419540405273 1
1711714466566 7.707632064819336 2
1711714466838 5.574863910675049 3
1711714467109 4.585371017456055 4
1711714467377 3.9975550174713135 5
1711714467648 3.500109910964966 6
1711714467917 3.0193042755126953 7
1711714468186 2.6188881397247314 8
1711714468461 2.3451058864593506 9
1711714468725 2.1726996898651123 10
1711714468994 1.9538404941558838 11
1711714469264 1.8433878421783447 12
1711714469529 1.7478078603744507 13
1711714469797 1.708696722984314 14
1711714470065 1.6484038829803467 15
1711714470304 1.6249113082885742 16
1711714470576 1.505993127822876 17
1711714470882 1.5061553716659546 18
1711714471122 1.5183850526809692 19
1711714471390 1.3959366083145142 20
1711714471659 1.371376872062683 21
1711714471897 1.4015361070632935 22
1711714472132 1.3184610605239868 23
1711714472400 1.310969591140747 24
1711714472670 1.23593270778656 25
1711714472940 1.181605577468872 26
1711714473209 1.2100743055343628 27
1711714473444 1.1705029010772705 28
1711714473714 1.1363556385040283 29
1711714473979 1.1438900232315063 30
1711714474248 1.0970592498779297 31
1711714474516 1.0537493228912354 32
1711714474752 1.018500804901123 33
1711714475022 1.0550307035446167 34
