1711714772364 6249.66015625 0
1711714772639 852.6644287109375 1
1711714772923 132.79486083984375 2
1711714773190 78.82377624511719 3
1711714773461 50.3880500793457 4
1711714773732 34.476661682128906 5
1711714774005 25.86246681213379 6
1711714774270 21.358137130737305 7
1711714774541 18.321815490722656 8
1711714774818 16.647802352905273 9
1711714775093 14.49576473236084 10
1711714775359 13.153273582458496 11
1711714775633 11.779573440551758 12
1711714775897 10.322126388549805 13
1711714776171 9.76082706451416 14
1711714776402 8.73877239227295 15
1711714776696 7.5478973388671875 16
1711714776967 6.8752336502075195 17
1711714777199 6.351181507110596 18
1711714777470 5.724846363067627 19
1711714777738 5.160370349884033 20
1711714778004 4.720743179321289 21
1711714778273 4.527811050415039 22
1711714778541 4.38090705871582 23
1711714778808 4.14225959777832 24
1711714779077 3.984966993331909 25
1711714779310 3.602602958679199 26
1711714779626 3.558124542236328 27
1711714779862 3.283062219619751 28
1711714780131 3.085918426513672 29
1711714780370 3.0107593536376953 30
1711714780634 2.8261454105377197 31
1711714780901 3.258315324783325 32
1711714781135 2.8833324909210205 33
1711714781403 2.699449300765991 34
1711714781669 2.4287004470825195 35
1711714781908 2.44344425201416 36
1711714782138 2.48372483253479 37
