1711714772364 60.87705612182617 0
1711714772639 22.494043350219727 1
1711714772923 8.136250495910645 2
1711714773190 5.873368263244629 3
1711714773461 4.628352165222168 4
1711714773732 3.884753465652466 5
1711714774005 3.4793741703033447 6
1711714774270 3.235398769378662 7
1711714774541 3.042518377304077 8
1711714774818 2.9225165843963623 9
1711714775093 2.7343101501464844 10
1711714775359 2.617295980453491 11
1711714775633 2.4841411113739014 12
1711714775897 2.3372855186462402 13
1711714776171 2.2856688499450684 14
1711714776402 2.1621692180633545 15
1711714776696 2.0109477043151855 16
1711714776967 1.936936855316162 17
1711714777199 1.8724045753479004 18
1711714777470 1.782305121421814 19
1711714777738 1.6967178583145142 20
1711714778004 1.6268337965011597 21
1711714778273 1.5916416645050049 22
1711714778541 1.5828403234481812 23
1711714778808 1.5328112840652466 24
1711714779077 1.5010428428649902 25
1711714779310 1.4293932914733887 26
1711714779626 1.4208544492721558 27
1711714779862 1.3575413227081299 28
1711714780131 1.3115062713623047 29
1711714780370 1.3034567832946777 30
1711714780634 1.2586597204208374 31
1711714780901 1.3698395490646362 32
1711714781135 1.2746543884277344 33
1711714781403 1.2370264530181885 34
1711714781669 1.1700143814086914 35
1711714781908 1.1656877994537354 36
1711714782138 1.1883898973464966 37
