1711713076598 5802.9755859375 0
1711713076872 619.6326293945312 1
1711713077139 135.54940795898438 2
1711713077407 76.85720825195312 3
1711713077674 46.024658203125 4
1711713077940 28.195905685424805 5
1711713078211 18.69989013671875 6
1711713078478 13.31583309173584 7
1711713078742 9.7634859085083 8
1711713079012 7.690572738647461 9
1711713079281 6.189257621765137 10
1711713079553 5.152703762054443 11
1711713079821 4.517218112945557 12
1711713080086 4.102108001708984 13
1711713080355 3.806171178817749 14
1711713080623 3.5934066772460938 15
1711713080889 3.2901217937469482 16
1711713081160 3.1793971061706543 17
1711713081423 2.9336678981781006 18
1711713081660 2.6453070640563965 19
1711713081930 2.6109459400177 20
1711713082193 2.394315481185913 21
1711713082459 2.2484021186828613 22
1711713082727 2.015132188796997 23
1711713082963 1.9647040367126465 24
1711713083231 2.1047935485839844 25
1711713083501 1.7033288478851318 26
1711713083765 1.482184886932373 27
1711713084031 1.397795557975769 28
1711713084299 1.346980333328247 29
1711713084567 1.2709506750106812 30
1711713084874 1.0921801328659058 31
1711713085138 1.002726435661316 32
1711713085404 1.0346184968948364 33
1711713085639 0.9187224507331848 34
1711713085871 0.8454936742782593 35
1711713086139 0.7241190671920776 36
1711713086406 0.7237764596939087 37
1711713086647 0.6256091594696045 38
1711713086915 0.6104831695556641 39
