1711713076598 58.29753875732422 0
1711713076872 18.842172622680664 1
1711713077139 7.793015003204346 2
1711713077407 5.585461616516113 3
1711713077674 4.296328544616699 4
1711713077940 3.507730722427368 5
1711713078211 2.967958450317383 6
1711713078478 2.5617175102233887 7
1711713078742 2.2149808406829834 8
1711713079012 1.9925543069839478 9
1711713079281 1.804080605506897 10
1711713079553 1.6630682945251465 11
1711713079821 1.5570404529571533 12
1711713080086 1.4968410730361938 13
1711713080355 1.4521300792694092 14
1711713080623 1.4174855947494507 15
1711713080889 1.3548903465270996 16
1711713081160 1.3373253345489502 17
1711713081423 1.2881461381912231 18
1711713081660 1.221046805381775 19
1711713081930 1.2097535133361816 20
1711713082193 1.1658943891525269 21
1711713082459 1.123747706413269 22
1711713082727 1.06712007522583 23
1711713082963 1.053962230682373 24
1711713083231 1.1045308113098145 25
1711713083501 0.9843987226486206 26
1711713083765 0.9164273142814636 27
1711713084031 0.8881199955940247 28
1711713084299 0.8732671141624451 29
1711713084567 0.8521512746810913 30
1711713084874 0.7817472219467163 31
1711713085138 0.7498323917388916 32
1711713085404 0.7641530632972717 33
1711713085639 0.7203603386878967 34
1711713085871 0.6913375854492188 35
1711713086139 0.6367526650428772 36
1711713086406 0.6338312029838562 37
1711713086647 0.5924748182296753 38
1711713086915 0.5862095355987549 39
