1711958266807 6517.5263671875 0
1711958267098 776.1517944335938 1
1711958267404 135.27847290039062 2
1711958267690 65.65983581542969 3
1711958268056 34.25345230102539 4
1711958268351 22.338520050048828 5
1711958268629 17.152450561523438 6
1711958269546 13.984907150268555 7
1711958269940 11.501776695251465 8
1711958270220 9.412012100219727 9
1711958270493 8.138147354125977 10
1711958270772 6.516529083251953 11
1711958271061 5.977310657501221 12
1711958271352 5.0809736251831055 13
1711958271623 4.876053810119629 14
1711958271924 4.4848127365112305 15
1711958272163 4.05488395690918 16
1711958272434 3.930251359939575 17
1711958272701 3.642031192779541 18
1711958273018 3.4914889335632324 19
1711958273409 3.370422840118408 20
1711958273741 3.3605380058288574 21
1711958274026 3.1083853244781494 22
1711958274300 2.955019235610962 23
1711958274572 2.7486140727996826 24
1711958274808 2.6736466884613037 25
1711958275044 2.382204294204712 26
1711958275375 2.1535537242889404 27
1711958275648 2.129608631134033 28
1711958275916 2.0243453979492188 29
1711958276186 1.886572241783142 30
1711958276423 1.7724300622940063 31
1711958276704 1.9078136682510376 32
1711958276941 1.7795922756195068 33
1711958277208 1.5305463075637817 34
1711958277455 1.4049713611602783 35
1711958277728 1.3160661458969116 36
1711958277966 1.283522367477417 37
1711958278242 1.2703404426574707 38
1711958278514 1.2195523977279663 39
1711958278780 1.293536901473999 40
1711958279049 1.113783359527588 41
1711958279318 1.046860933303833 42
1711958279556 1.1525734663009644 43
1711958279819 0.93109130859375 44
1711958280057 0.8944107890129089 45
1711958280345 0.9417139887809753 46
1711958280617 0.903066098690033 47
1711958280855 0.8081069588661194 48
1711958281124 0.8216351270675659 49
