1711958266807 61.794578552246094 0
1711958267098 21.187828063964844 1
1711958267404 8.4147310256958 2
1711958267690 5.394646644592285 3
1711958268056 3.877017021179199 4
1711958268351 3.2651207447052 5
1711958268629 2.9607770442962646 6
1711958269546 2.6976795196533203 7
1711958269940 2.470552682876587 8
1711958270220 2.235466718673706 9
1711958270493 2.099947214126587 10
1711958270772 1.8727540969848633 11
1711958271061 1.8002169132232666 12
1711958271352 1.6670212745666504 13
1711958271623 1.6404019594192505 14
1711958271924 1.5742560625076294 15
1711958272163 1.4936158657073975 16
1711958272434 1.4787999391555786 17
1711958272701 1.4196219444274902 18
1711958273018 1.3974323272705078 19
1711958273409 1.3732638359069824 20
1711958273741 1.375151515007019 21
1711958274026 1.3196485042572021 22
1711958274300 1.2923189401626587 23
1711958274572 1.246591567993164 24
1711958274808 1.2336299419403076 25
1711958275044 1.160859227180481 26
1711958275375 1.106029987335205 27
1711958275648 1.1049562692642212 28
1711958275916 1.0723623037338257 29
1711958276186 1.0372686386108398 30
1711958276423 1.0038158893585205 31
1711958276704 1.0553174018859863 32
1711958276941 1.0063197612762451 33
1711958277208 0.9367979168891907 34
1711958277455 0.898235559463501 35
1711958277728 0.8699331879615784 36
1711958277966 0.8568962812423706 37
1711958278242 0.8511070013046265 38
1711958278514 0.8400362133979797 39
1711958278780 0.864292323589325 40
1711958279049 0.8025860786437988 41
1711958279318 0.7772471308708191 42
1711958279556 0.819315493106842 43
1711958279819 0.732108473777771 44
1711958280057 0.7180982232093811 45
1711958280345 0.744004487991333 46
1711958280617 0.7215410470962524 47
1711958280855 0.6758473515510559 48
1711958281124 0.6869347095489502 49
