1711709309682 5573.74560546875 0
1711709309956 576.187255859375 1
1711709310232 129.86297607421875 2
1711709310527 74.67548370361328 3
1711709310818 47.284339904785156 4
1711709311086 34.34081268310547 5
1711709311359 26.08039665222168 6
1711709311638 21.73531723022461 7
1711709311908 18.5205020904541 8
1711709312185 16.271812438964844 9
1711709312461 13.528185844421387 10
1711709312744 11.964716911315918 11
1711709313050 10.49670696258545 12
1711709313318 8.870049476623535 13
1711709313587 7.501155376434326 14
1711709313857 7.097211837768555 15
1711709314130 6.342060089111328 16
1711709314399 5.8449788093566895 17
1711709314667 5.728649139404297 18
1711709314901 5.421679973602295 19
1711709315169 5.15162467956543 20
1711709315458 5.076986789703369 21
1711709315708 4.544209957122803 22
1711709315982 4.515359878540039 23
1711709316253 4.215214252471924 24
1711709316521 3.978353261947632 25
1711709316757 3.7560765743255615 26
1711709317026 3.3993735313415527 27
1711709317259 3.2048206329345703 28
1711709317524 3.1936683654785156 29
1711709317763 3.074793815612793 30
1711709318029 2.758258104324341 31
1711709318297 2.617673635482788 32
1711709318564 2.460981845855713 33
1711709318830 2.1370015144348145 34
1711709319095 2.062420606613159 35
1711709319420 1.9742990732192993 36
1711709319662 1.8807393312454224 37
1711709319895 1.9473824501037598 38
1711709320169 1.7295705080032349 39
1711709320441 1.4257749319076538 40
1711709320706 1.4012689590454102 41
1711709320939 1.3012741804122925 42
1711709321204 1.1896941661834717 43
1711709321468 1.139430046081543 44
1711709321744 1.0780260562896729 45
1711709322018 1.0853866338729858 46
1711709322253 1.016707181930542 47
1711709322488 1.0719780921936035 48
