1711709309682 57.285240173339844 0
1711709309956 17.977968215942383 1
1711709310232 7.781533241271973 2
1711709310527 5.716119766235352 3
1711709310818 4.66067361831665 4
1711709311086 4.124073505401611 5
1711709311359 3.6577510833740234 6
1711709311638 3.3894948959350586 7
1711709311908 3.1529247760772705 8
1711709312185 2.962404251098633 9
1711709312461 2.69038462638855 10
1711709312744 2.533034563064575 11
1711709313050 2.367082357406616 12
1711709313318 2.159334897994995 13
1711709313587 1.991038203239441 14
1711709313857 1.9470572471618652 15
1711709314130 1.835564136505127 16
1711709314399 1.749545931816101 17
1711709314667 1.745519757270813 18
1711709314901 1.7022008895874023 19
1711709315169 1.6648672819137573 20
1711709315458 1.6535663604736328 21
1711709315708 1.556469202041626 22
1711709315982 1.5598769187927246 23
1711709316253 1.497343897819519 24
1711709316521 1.4586247205734253 25
1711709316757 1.4145797491073608 26
1711709317026 1.339898705482483 27
1711709317259 1.2959736585617065 28
1711709317524 1.303221583366394 29
1711709317763 1.28580904006958 30
1711709318029 1.2170560359954834 31
1711709318297 1.178406000137329 32
1711709318564 1.1489869356155396 33
1711709318830 1.0532729625701904 34
1711709319095 1.0488035678863525 35
1711709319420 1.029341220855713 36
1711709319662 1.009899616241455 37
1711709319895 1.0316721200942993 38
1711709320169 0.9679123163223267 39
1711709320441 0.8713310956954956 40
1711709320706 0.8649142384529114 41
1711709320939 0.8369659781455994 42
1711709321204 0.7951182126998901 43
1711709321468 0.7837392091751099 44
1711709321744 0.7623689770698547 45
1711709322018 0.7763543128967285 46
1711709322253 0.7478088736534119 47
1711709322488 0.7662500143051147 48
