1711958522212 6414.0166015625 0
1711958522485 982.4512329101562 1
1711958522749 166.1299285888672 2
1711958523013 86.07978057861328 3
1711958523278 48.23089599609375 4
1711958523540 31.069908142089844 5
1711958523802 23.155290603637695 6
1711958524064 17.693140029907227 7
1711958524331 13.599343299865723 8
1711958524592 10.71792984008789 9
1711958524855 8.37528133392334 10
1711958525117 6.871006011962891 11
1711958525378 5.976498603820801 12
1711958525638 5.092324733734131 13
1711958525898 4.730644226074219 14
1711958526159 4.226009845733643 15
1711958526439 3.779233455657959 16
1711958526700 3.496504783630371 17
1711958526960 3.127842426300049 18
1711958527187 2.9844329357147217 19
1711958527449 2.7496297359466553 20
1711958527711 2.5634355545043945 21
1711958527937 2.343735456466675 22
1711958528197 2.2736830711364746 23
1711958528459 2.1402852535247803 24
1711958528720 2.127321481704712 25
1711958528945 1.8802872896194458 26
1711958529205 1.9590346813201904 27
1711958529466 1.7369813919067383 28
1711958529695 1.8041776418685913 29
1711958529952 1.5647454261779785 30
1711958530213 1.4047801494598389 31
1711958530475 1.4210431575775146 32
1711958530700 1.4062798023223877 33
1711958530961 1.2479147911071777 34
1711958531224 1.2997429370880127 35
1711958531485 1.2452319860458374 36
1711958531746 1.1248455047607422 37
1711958532007 1.1155831813812256 38
1711958532273 0.9455193281173706 39
1711958532499 0.979007363319397 40
1711958532725 0.8800339698791504 41
1711958532985 0.834799587726593 42
1711958533211 0.8926069140434265 43
1711958533437 0.7693374156951904 44
1711958533697 0.9214948415756226 45
1711958533957 0.8014023303985596 46
1711958534218 0.731775164604187 47
1711958534443 0.6862233281135559 48
1711958534669 0.6460534930229187 49
