1711958522212 61.76423645019531 0
1711958522485 25.0208740234375 1
1711958522749 8.955397605895996 2
1711958523013 6.091230392456055 3
1711958523278 4.482314109802246 4
1711958523540 3.739544630050659 5
1711958523802 3.309741497039795 6
1711958524064 2.91090726852417 7
1711958524331 2.5555856227874756 8
1711958524592 2.290419101715088 9
1711958524855 2.027646064758301 10
1711958525117 1.8571653366088867 11
1711958525378 1.764672875404358 12
1711958525638 1.6315003633499146 13
1711958525898 1.5864108800888062 14
1711958526159 1.5062222480773926 15
1711958526439 1.4353259801864624 16
1711958526700 1.3819754123687744 17
1711958526960 1.3025249242782593 18
1711958527187 1.285056233406067 19
1711958527449 1.2333629131317139 20
1711958527711 1.1897727251052856 21
1711958527937 1.1349095106124878 22
1711958528197 1.1200029850006104 23
1711958528459 1.0937538146972656 24
1711958528720 1.0966640710830688 25
1711958528945 1.026424527168274 26
1711958529205 1.0550713539123535 27
1711958529466 0.9890457987785339 28
1711958529695 1.0192140340805054 29
1711958529952 0.9422470927238464 30
1711958530213 0.8816896677017212 31
1711958530475 0.9024341702461243 32
1711958530700 0.8962369561195374 33
1711958530961 0.8390920162200928 34
1711958531224 0.8626530170440674 35
1711958531485 0.8451443910598755 36
1711958531746 0.8052983283996582 37
1711958532007 0.7997336983680725 38
1711958532273 0.7335178852081299 39
1711958532499 0.7489112019538879 40
1711958532725 0.7103814482688904 41
1711958532985 0.6935125589370728 42
1711958533211 0.7195759415626526 43
1711958533437 0.6647933721542358 44
1711958533697 0.7329933047294617 45
1711958533957 0.6818479895591736 46
1711958534218 0.6530333161354065 47
1711958534443 0.6317707300186157 48
1711958534669 0.6136366128921509 49
