1711710117881 6271.71728515625 0
1711710118155 1007.360107421875 1
1711710118424 162.2758331298828 2
1711710118695 85.39115142822266 3
1711710118972 51.19591522216797 4
1711710119281 37.19602966308594 5
1711710119552 30.42025375366211 6
1711710119822 26.329641342163086 7
1711710120088 23.054105758666992 8
1711710120356 19.87486457824707 9
1711710120627 16.858179092407227 10
1711710120894 14.222161293029785 11
1711710121171 11.913665771484375 12
1711710121442 9.950002670288086 13
1711710121710 8.384106636047363 14
1711710121974 7.034298419952393 15
1711710122242 6.057685375213623 16
1711710122514 5.442691802978516 17
1711710122782 4.913656234741211 18
1711710123067 4.434909820556641 19
1711710123333 4.2354655265808105 20
1711710123599 4.030606746673584 21
1711710123840 3.929839611053467 22
1711710124108 3.6222097873687744 23
1711710124374 3.084824323654175 24
1711710124646 2.919065237045288 25
1711710124911 2.7315430641174316 26
1711710125148 2.525209426879883 27
1711710125416 2.195227861404419 28
1711710125682 2.045736312866211 29
1711710125919 1.9171879291534424 30
1711710126186 1.6936993598937988 31
1711710126453 1.7311702966690063 32
1711710126774 1.6873782873153687 33
1711710127027 1.5729488134384155 34
1711710127292 1.5266343355178833 35
1711710127528 1.4483964443206787 36
1711710127794 1.229910135269165 37
1711710128027 1.2541446685791016 38
1711710128296 1.2502202987670898 39
1711710128560 1.1968153715133667 40
1711710128798 1.2806180715560913 41
1711710129067 1.0848925113677979 42
1711710129298 1.0198498964309692 43
1711710129570 0.9839185476303101 44
1711710129813 1.061056137084961 45
1711710130123 1.0175213813781738 46
1711710130390 0.9429898262023926 47
1711710130647 0.9642221331596375 48
1711710130915 0.8887393474578857 49
