1711710117881 61.12857437133789 0
1711710118155 25.360515594482422 1
1711710118424 9.119693756103516 2
1711710118695 6.100759983062744 3
1711710118972 4.578429698944092 4
1711710119281 4.047911167144775 5
1711710119552 3.7863147258758545 6
1711710119822 3.6017906665802 7
1711710120088 3.3924217224121094 8
1711710120356 3.176018238067627 9
1711710120627 2.9236369132995605 10
1711710120894 2.6874451637268066 11
1711710121171 2.4538652896881104 12
1711710121442 2.260387897491455 13
1711710121710 2.075305700302124 14
1711710121974 1.903032660484314 15
1711710122242 1.779158115386963 16
1711710122514 1.7072992324829102 17
1711710122782 1.6220797300338745 18
1711710123067 1.5554407835006714 19
1711710123333 1.5285426378250122 20
1711710123599 1.5035313367843628 21
1711710123840 1.4832698106765747 22
1711710124108 1.4276500940322876 23
1711710124374 1.3155746459960938 24
1711710124646 1.2844547033309937 25
1711710124911 1.24677312374115 26
1711710125148 1.1976251602172852 27
1711710125416 1.108565092086792 28
1711710125682 1.0735515356063843 29
1711710125919 1.0358290672302246 30
1711710126186 0.9679245948791504 31
1711710126453 0.9844445586204529 32
1711710126774 0.9786801934242249 33
1711710127027 0.9457501173019409 34
1711710127292 0.9303833842277527 35
1711710127528 0.9032444357872009 36
1711710127794 0.8223735690116882 37
1711710128027 0.8408070802688599 38
1711710128296 0.8404873013496399 39
1711710128560 0.81786048412323 40
1711710128798 0.8549075126647949 41
1711710129067 0.78223717212677 42
1711710129298 0.7568637132644653 43
1711710129570 0.7438660264015198 44
1711710129813 0.773338258266449 45
1711710130123 0.7653387188911438 46
1711710130390 0.7352790236473083 47
1711710130647 0.7466244101524353 48
1711710130915 0.7127581834793091 49
