1711708159252 5288.77783203125 0
1711708159526 537.4816284179688 1
1711708159795 125.05109405517578 2
1711708160059 75.8893051147461 3
1711708160331 47.048736572265625 4
1711708160598 31.648954391479492 5
1711708160907 23.8223876953125 6
1711708161173 19.8835391998291 7
1711708161438 16.275758743286133 8
1711708161707 14.641764640808105 9
1711708161973 12.637773513793945 10
1711708162238 11.445880889892578 11
1711708162504 9.938969612121582 12
1711708162773 9.136455535888672 13
1711708163054 8.230855941772461 14
1711708163330 7.285579204559326 15
1711708163593 7.036472320556641 16
1711708163851 6.548774242401123 17
1711708164118 6.295941352844238 18
1711708164372 6.0474700927734375 19
1711708164638 5.498094081878662 20
1711708164902 5.51873779296875 21
1711708165168 5.207837104797363 22
1711708165403 5.451240062713623 23
1711708165668 5.1436004638671875 24
1711708165932 4.845335960388184 25
1711708166194 4.787301540374756 26
1711708166430 4.843705654144287 27
1711708166662 4.805136680603027 28
1711708166926 4.541317939758301 29
1711708167160 4.8045268058776855 30
1711708167391 4.560573101043701 31
