1711708159252 55.29688262939453 0
1711708159526 17.289182662963867 1
1711708159795 7.699263572692871 2
1711708160059 5.62748908996582 3
1711708160331 4.303624629974365 4
1711708160598 3.637246608734131 5
1711708160907 3.2642836570739746 6
1711708161173 3.0920944213867188 7
1711708161438 2.806969165802002 8
1711708161707 2.71077561378479 9
1711708161973 2.5393879413604736 10
1711708162238 2.4305169582366943 11
1711708162504 2.2661914825439453 12
1711708162773 2.1894941329956055 13
1711708163054 2.085947275161743 14
1711708163330 1.9390034675598145 15
1711708163593 1.9322046041488647 16
1711708163851 1.8688737154006958 17
1711708164118 1.8338032960891724 18
1711708164372 1.7963558435440063 19
1711708164638 1.7087563276290894 20
1711708164902 1.7217952013015747 21
1711708165168 1.66413152217865 22
1711708165403 1.710821509361267 23
1711708165668 1.6628391742706299 24
1711708165932 1.6002880334854126 25
1711708166194 1.5951894521713257 26
1711708166430 1.595243215560913 27
1711708166662 1.6006603240966797 28
1711708166926 1.5362657308578491 29
1711708167160 1.5989171266555786 30
1711708167391 1.5412273406982422 31
