1711712718171 6064.42626953125 0
1711712718484 958.399169921875 1
1711712718819 142.19313049316406 2
1711712719095 80.3404769897461 3
1711712719360 48.03117370605469 4
1711712719629 29.844274520874023 5
1711712719894 21.278093338012695 6
1711712720161 16.320327758789062 7
1711712720471 12.79685115814209 8
1711712720743 10.293728828430176 9
1711712721013 8.451778411865234 10
1711712721282 7.3049635887146 11
1711712721549 6.398796558380127 12
1711712721819 5.919670581817627 13
1711712722083 5.0657501220703125 14
1711712722348 4.671675682067871 15
1711712722585 4.435912609100342 16
1711712722849 4.186410903930664 17
1711712723083 3.749718427658081 18
1711712723349 3.682096242904663 19
1711712723618 3.511145830154419 20
1711712723881 3.2036054134368896 21
1711712724118 3.091503381729126 22
1711712724383 2.9959964752197266 23
1711712724612 2.8920793533325195 24
1711712724847 2.7127137184143066 25
1711712725108 2.6654231548309326 26
1711712725342 2.567962646484375 27
1711712725609 2.5070009231567383 28
1711712725861 2.256403923034668 29
1711712726140 2.2397546768188477 30
1711712726368 2.1296589374542236 31
1711712726634 1.9243667125701904 32
1711712726867 1.8685697317123413 33
1711712727135 1.9639668464660645 34
1711712727405 1.8299473524093628 35
1711712727670 1.7358274459838867 36
1711712727906 1.666282296180725 37
1711712728137 1.5700453519821167 38
1711712728399 1.5554951429367065 39
1711712728667 1.3850241899490356 40
1711712728931 1.4211283922195435 41
1711712729162 1.4185082912445068 42
1711712729423 1.3482258319854736 43
