1711712718171 59.61042404174805 0
1711712718484 25.03240203857422 1
1711712718819 8.146467208862305 2
1711712719095 5.870971202850342 3
1711712719360 4.4353251457214355 4
1711712719629 3.5576062202453613 5
1711712719894 3.134700059890747 6
1711712720161 2.799196243286133 7
1711712720471 2.497063398361206 8
1711712720743 2.26472806930542 9
1711712721013 2.0625672340393066 10
1711712721282 1.9398118257522583 11
1711712721549 1.8246744871139526 12
1711712721819 1.773332953453064 13
1711712722083 1.63278329372406 14
1711712722348 1.5855485200881958 15
1711712722585 1.5565848350524902 16
1711712722849 1.5187448263168335 17
1711712723083 1.4251703023910522 18
1711712723349 1.4296334981918335 19
1711712723618 1.4001330137252808 20
1711712723881 1.3349882364273071 21
1711712724118 1.3132245540618896 22
1711712724383 1.2944365739822388 23
1711712724612 1.2771199941635132 24
1711712724847 1.2420133352279663 25
1711712725108 1.2254302501678467 26
1711712725342 1.2131468057632446 27
1711712725609 1.1983505487442017 28
1711712725861 1.1380735635757446 29
1711712726140 1.1354551315307617 30
1711712726368 1.1077189445495605 31
1711712726634 1.047837495803833 32
1711712726867 1.0331496000289917 33
1711712727135 1.0684049129486084 34
1711712727405 1.0348920822143555 35
1711712727670 1.0053861141204834 36
1711712727906 0.9857019782066345 37
1711712728137 0.9597924947738647 38
1711712728399 0.9498496651649475 39
1711712728667 0.8935341238975525 40
1711712728931 0.9083842039108276 41
1711712729162 0.9101282954216003 42
1711712729423 0.8891912698745728 43
