1711958429005 5786.21923828125 0
1711958429365 624.181640625 1
1711958429631 142.14283752441406 2
1711958429896 84.65958404541016 3
1711958430158 54.41060256958008 4
1711958430419 37.02345657348633 5
1711958430680 25.94272232055664 6
1711958430943 19.777217864990234 7
1711958431206 15.633834838867188 8
1711958431470 12.820296287536621 9
1711958431732 10.721465110778809 10
1711958432001 9.215285301208496 11
1711958432293 7.907158851623535 12
1711958432556 6.913211345672607 13
1711958432925 6.246435165405273 14
1711958433187 5.5317230224609375 15
1711958433449 5.386839866638184 16
1711958433722 4.643040180206299 17
1711958433985 4.308053970336914 18
1711958434245 3.998457908630371 19
1711958434507 4.037066459655762 20
1711958434735 3.5031087398529053 21
1711958434996 3.4537808895111084 22
1711958435259 3.133280038833618 23
1711958435521 3.097391128540039 24
1711958435748 2.9735422134399414 25
1711958436010 2.747009754180908 26
1711958436274 2.6353862285614014 27
1711958436535 2.413372039794922 28
1711958436796 2.235518455505371 29
1711958437065 2.065046548843384 30
1711958437328 2.1267776489257812 31
1711958437555 1.8565114736557007 32
1711958437816 1.8465008735656738 33
1711958438043 1.6659635305404663 34
1711958438305 1.5512712001800537 35
1711958438532 1.4763987064361572 36
1711958438792 1.5889936685562134 37
1711958439055 1.2717097997665405 38
1711958439317 1.3106458187103271 39
1711958439587 1.098084568977356 40
1711958439840 1.0831706523895264 41
1711958440100 1.0669386386871338 42
1711958440327 0.955939531326294 43
1711958440589 0.864998459815979 44
1711958440851 0.9819273948669434 45
1711958441114 0.9222452044487 46
1711958441375 0.7984199523925781 47
1711958441602 0.7693920135498047 48
1711958441863 0.6860165596008301 49
