1711958429005 57.825748443603516 0
1711958429365 18.99509620666504 1
1711958429631 8.119582176208496 2
1711958429896 6.052805423736572 3
1711958430158 4.844592571258545 4
1711958430419 4.061955451965332 5
1711958430680 3.455723762512207 6
1711958430943 3.0932629108428955 7
1711958431206 2.7643356323242188 8
1711958431470 2.5276682376861572 9
1711958431732 2.3269591331481934 10
1711958432001 2.160208225250244 11
1711958432293 2.017754316329956 12
1711958432556 1.8976025581359863 13
1711958432925 1.813855767250061 14
1711958433187 1.711330533027649 15
1711958433449 1.708770513534546 16
1711958433722 1.5848277807235718 17
1711958433985 1.5344569683074951 18
1711958434245 1.4781880378723145 19
1711958434507 1.5012096166610718 20
1711958434735 1.3846156597137451 21
1711958434996 1.3798859119415283 22
1711958435259 1.3081786632537842 23
1711958435521 1.3121205568313599 24
1711958435748 1.2866159677505493 25
1711958436010 1.2335126399993896 26
1711958436274 1.208651065826416 27
1711958436535 1.1581600904464722 28
1711958436796 1.1150970458984375 29
1711958437065 1.0695394277572632 30
1711958437328 1.0948550701141357 31
1711958437555 1.0106860399246216 32
1711958437816 1.0229206085205078 33
1711958438043 0.9601101875305176 34
1711958438305 0.923273503780365 35
1711958438532 0.9015882611274719 36
1711958438792 0.94158536195755 37
1711958439055 0.841157853603363 38
1711958439317 0.8523245453834534 39
1711958439587 0.7771843075752258 40
1711958439840 0.7756543159484863 41
1711958440100 0.7710732817649841 42
1711958440327 0.7245575189590454 43
1711958440589 0.6905728578567505 44
1711958440851 0.743682861328125 45
1711958441114 0.7204630374908447 46
1711958441375 0.6652013659477234 47
1711958441602 0.6541768908500671 48
1711958441863 0.6162760257720947 49
