1711712483453 5899.21728515625 0
1711712483730 691.04736328125 1
1711712484002 140.90762329101562 2
1711712484271 84.44265747070312 3
1711712484540 56.46805191040039 4
1711712484808 38.91488265991211 5
1711712485086 28.654922485351562 6
1711712485355 21.490053176879883 7
1711712485625 17.33441925048828 8
1711712485889 14.598603248596191 9
1711712486160 12.668869972229004 10
1711712486430 10.92683219909668 11
1711712486695 9.543310165405273 12
1711712486966 8.773558616638184 13
1711712487234 7.884045600891113 14
1711712487469 6.990200996398926 15
1711712487739 6.206991672515869 16
1711712488002 5.9257707595825195 17
1711712488341 5.517459392547607 18
1711712488610 4.950193405151367 19
1711712488877 4.631269454956055 20
1711712489151 4.366512298583984 21
1711712489420 4.055977821350098 22
1711712489689 3.7948949337005615 23
1711712489952 3.518547296524048 24
1711712490218 3.4884321689605713 25
1711712490453 3.071418285369873 26
1711712490720 2.9951090812683105 27
1711712490990 2.826885223388672 28
1711712491257 2.652026653289795 29
1711712491526 2.3523454666137695 30
1711712491759 2.3277788162231445 31
1711712492031 2.253948211669922 32
1711712492297 2.0708301067352295 33
1711712492536 2.125903367996216 34
1711712492803 1.9437549114227295 35
1711712493035 1.692323088645935 36
1711712493304 1.4602181911468506 37
1711712493568 1.4569340944290161 38
1711712493835 1.4428092241287231 39
1711712494114 1.4218018054962158 40
1711712494385 1.335875153541565 41
1711712494661 1.1850388050079346 42
1711712494893 0.9453211426734924 43
1711712495130 1.017519235610962 44
