1711712483453 58.93315124511719 0
1711712483730 19.89663314819336 1
1711712484002 8.338667869567871 2
1711712484271 6.262253284454346 3
1711712484540 5.100085258483887 4
1711712484808 4.268539905548096 5
1711712485086 3.7511942386627197 6
1711712485355 3.309683084487915 7
1711712485625 3.025859832763672 8
1711712485889 2.803581953048706 9
1711712486160 2.6212873458862305 10
1711712486430 2.438692331314087 11
1711712486695 2.2723894119262695 12
1711712486966 2.184669017791748 13
1711712487234 2.077040910720825 14
1711712487469 1.933597445487976 15
1711712487739 1.8224130868911743 16
1711712488002 1.7880024909973145 17
1711712488341 1.7303005456924438 18
1711712488610 1.634050965309143 19
1711712488877 1.5781707763671875 20
1711712489151 1.5370851755142212 21
1711712489420 1.4808870553970337 22
1711712489689 1.4431160688400269 23
1711712489952 1.3727796077728271 24
1711712490218 1.3817905187606812 25
1711712490453 1.2924576997756958 26
1711712490720 1.2835198640823364 27
1711712490990 1.2471587657928467 28
1711712491257 1.2085448503494263 29
1711712491526 1.1298444271087646 30
1711712491759 1.136626958847046 31
1711712492031 1.1260873079299927 32
1711712492297 1.0724042654037476 33
1711712492536 1.093973159790039 34
1711712492803 1.0438882112503052 35
1711712493035 0.9721269607543945 36
1711712493304 0.8930665850639343 37
1711712493568 0.8963870406150818 38
1711712493835 0.9020839333534241 39
1711712494114 0.9014512896537781 40
1711712494385 0.8707861304283142 41
1711712494661 0.8144745826721191 42
1711712494893 0.7228495478630066 43
1711712495130 0.7537885308265686 44
