1711713984422 5571.6318359375 0
1711713984698 672.896728515625 1
1711713984976 140.96096801757812 2
1711713985246 76.63345336914062 3
1711713985514 43.716854095458984 4
1711713985785 26.404613494873047 5
1711713986055 18.042083740234375 6
1711713986324 13.979570388793945 7
1711713986593 11.553318977355957 8
1711713986865 9.45809268951416 9
1711713987134 7.828162670135498 10
1711713987404 6.6666765213012695 11
1711713987675 5.85067892074585 12
1711713987944 4.988404750823975 13
1711713988214 4.468465805053711 14
1711713988451 4.0964813232421875 15
1711713988683 3.7188174724578857 16
1711713989018 3.394199848175049 17
1711713989292 3.1812267303466797 18
1711713989561 2.872243642807007 19
1711713989798 2.685112237930298 20
1711713990068 2.531522512435913 21
1711713990339 2.286893367767334 22
1711713990608 2.0694358348846436 23
1711713990877 2.0826234817504883 24
1711713991184 1.8479646444320679 25
1711713991454 1.6977392435073853 26
1711713991695 1.6823644638061523 27
1711713991965 1.594035267829895 28
1711713992233 1.4346680641174316 29
1711713992464 1.3645551204681396 30
1711713992701 1.2938395738601685 31
