1711713984422 56.7922248840332 0
1711713984698 19.703609466552734 1
1711713984976 8.349259376525879 2
1711713985246 5.8334174156188965 3
1711713985514 4.370907306671143 4
1711713985785 3.4725606441497803 5
1711713986055 2.9597361087799072 6
1711713986324 2.6850078105926514 7
1711713986593 2.4688963890075684 8
1711713986865 2.248530387878418 9
1711713987134 2.057492256164551 10
1711713987404 1.8984214067459106 11
1711713987675 1.7917836904525757 12
1711713987944 1.6524543762207031 13
1711713988214 1.570745587348938 14
1711713988451 1.4995540380477905 15
1711713988683 1.4320074319839478 16
1711713989018 1.374467134475708 17
1711713989292 1.3344308137893677 18
1711713989561 1.2686293125152588 19
1711713989798 1.2198666334152222 20
1711713990068 1.1913081407546997 21
1711713990339 1.1296122074127197 22
1711713990608 1.078450083732605 23
1711713990877 1.0792604684829712 24
1711713991184 1.0185813903808594 25
1711713991454 0.9730401635169983 26
1711713991695 0.969845175743103 27
1711713991965 0.9468481540679932 28
1711713992233 0.9023972749710083 29
1711713992464 0.8745160102844238 30
1711713992701 0.8530831933021545 31
