1711713952760 6131.96923828125 0
1711713953050 843.61865234375 1
1711713953325 144.96070861816406 2
1711713953597 72.42706298828125 3
1711713953871 42.31367874145508 4
1711713954141 28.879899978637695 5
1711713954414 22.40859603881836 6
1711713954682 17.73556137084961 7
1711713954954 14.266684532165527 8
1711713955225 11.487046241760254 9
1711713955493 9.689990997314453 10
1711713955770 8.195789337158203 11
1711713956039 6.574681758880615 12
1711713956310 5.701958656311035 13
1711713956548 5.121275424957275 14
1711713956818 4.4145917892456055 15
1711713957088 3.9251530170440674 16
1711713957357 3.8057055473327637 17
1711713957639 3.476051092147827 18
1711713957908 3.1733999252319336 19
1711713958178 2.896177291870117 20
1711713958451 2.7965922355651855 21
1711713958690 2.6111202239990234 22
1711713958964 2.49910831451416 23
1711713959236 2.339435338973999 24
1711713959474 2.220792531967163 25
1711713959741 2.1868972778320312 26
1711713960014 2.040916919708252 27
1711713960281 1.9101749658584595 28
1711713960551 1.78419029712677 29
1711713960822 1.864190936088562 30
1711713961092 1.879130244255066 31
1711713961386 1.5750854015350342 32
1711713961657 1.4797005653381348 33
1711713961895 1.4793946743011475 34
1711713962165 1.4092397689819336 35
