1711713952760 59.90483093261719 0
1711713953050 22.753955841064453 1
1711713953325 8.317646980285645 2
1711713953597 5.385141372680664 3
1711713953871 4.17041015625 4
1711713954141 3.576443672180176 5
1711713954414 3.2628931999206543 6
1711713954682 2.937697649002075 7
1711713954954 2.6338136196136475 8
1711713955225 2.364331007003784 9
1711713955493 2.18611216545105 10
1711713955770 2.027207136154175 11
1711713956039 1.7875772714614868 12
1711713956310 1.6728017330169678 13
1711713956548 1.5991207361221313 14
1711713956818 1.488488793373108 15
1711713957088 1.4152592420578003 16
1711713957357 1.4202759265899658 17
1711713957639 1.366015911102295 18
1711713957908 1.3166168928146362 19
1711713958178 1.2577214241027832 20
1711713958451 1.245862364768982 21
1711713958690 1.2055160999298096 22
1711713958964 1.1856589317321777 23
1711713959236 1.1433767080307007 24
1711713959474 1.120332956314087 25
1711713959741 1.1105042695999146 26
1711713960014 1.0782300233840942 27
1711713960281 1.0442612171173096 28
1711713960551 1.0089918375015259 29
1711713960822 1.0312520265579224 30
1711713961092 1.0381405353546143 31
1711713961386 0.9459133744239807 32
1711713961657 0.920138955116272 33
1711713961895 0.9179012179374695 34
1711713962165 0.8967999219894409 35
