1711714829946 6515.8955078125 0
1711714830217 746.89501953125 1
1711714830492 133.8017120361328 2
1711714830765 78.19815826416016 3
1711714831041 49.97355270385742 4
1711714831347 32.425926208496094 5
1711714831620 22.72798728942871 6
1711714831889 18.371183395385742 7
1711714832168 14.607939720153809 8
1711714832441 12.178386688232422 9
1711714832714 9.896347999572754 10
1711714832985 8.600656509399414 11
1711714833255 7.035974025726318 12
1711714833526 5.926529407501221 13
1711714833797 5.451561450958252 14
1711714834073 4.767425060272217 15
1711714834343 4.4948835372924805 16
1711714834616 4.097783088684082 17
1711714834851 3.8607027530670166 18
1711714835122 3.5730631351470947 19
1711714835390 3.531085729598999 20
1711714835659 2.9730138778686523 21
1711714835896 3.001453161239624 22
1711714836131 2.71633243560791 23
