1711714829946 62.02248001098633 0
1711714830217 20.663694381713867 1
1711714830492 8.212621688842773 2
1711714830765 5.998261451721191 3
1711714831041 4.70322322845459 4
1711714831347 3.7738187313079834 5
1711714831620 3.229053020477295 6
1711714831889 2.9834213256835938 7
1711714832168 2.6846015453338623 8
1711714832441 2.4745802879333496 9
1711714832714 2.241990804672241 10
1711714832985 2.100163459777832 11
1711714833255 1.907114863395691 12
1711714833526 1.7535022497177124 13
1711714833797 1.6960442066192627 14
1711714834073 1.5940152406692505 15
1711714834343 1.5548559427261353 16
1711714834616 1.4931014776229858 17
1711714834851 1.4518380165100098 18
1711714835122 1.398682951927185 19
1711714835390 1.3980700969696045 20
1711714835659 1.2746412754058838 21
1711714835896 1.2915630340576172 22
1711714836131 1.2227087020874023 23
