1711711557821 5977.32861328125 0
1711711558092 714.3556518554688 1
1711711558368 140.86587524414062 2
1711711558637 64.01936340332031 3
1711711558904 32.85999298095703 4
1711711559172 22.101938247680664 5
1711711559440 18.131122589111328 6
1711711559709 15.501045227050781 7
1711711559972 13.279489517211914 8
1711711560304 11.452301979064941 9
1711711560597 9.905855178833008 10
1711711560864 8.975191116333008 11
1711711561132 7.793931484222412 12
1711711561402 7.170133590698242 13
1711711561670 6.629940509796143 14
1711711561937 6.207446575164795 15
1711711562171 5.891193866729736 16
1711711562440 5.601497173309326 17
1711711562711 5.299045562744141 18
1711711562978 5.1411967277526855 19
1711711563211 5.0347137451171875 20
1711711563443 5.0251922607421875 21
1711711563710 4.659907817840576 22
1711711563978 4.50137996673584 23
1711711564211 4.5951080322265625 24
1711711564478 4.408326148986816 25
1711711564712 4.914107322692871 26
1711711564976 4.120429515838623 27
1711711565212 4.027970790863037 28
1711711565441 4.2847490310668945 29
