1711711557821 59.28435516357422 0
1711711558092 20.491640090942383 1
1711711558368 8.205108642578125 2
1711711558637 5.121018409729004 3
1711711558904 3.7560529708862305 4
1711711559172 3.231018543243408 5
1711711559440 3.0366785526275635 6
1711711559709 2.838484287261963 7
1711711559972 2.6429195404052734 8
1711711560304 2.4760055541992188 9
1711711560597 2.3119778633117676 10
1711711560864 2.2107200622558594 11
1711711561132 2.0603365898132324 12
1711711561402 1.9799245595932007 13
1711711561670 1.919908881187439 14
1711711561937 1.8578057289123535 15
1711711562171 1.806565761566162 16
1711711562440 1.7583703994750977 17
1711711562711 1.71587336063385 18
1711711562978 1.6812670230865479 19
1711711563211 1.6689660549163818 20
1711711563443 1.6780253648757935 21
1711711563710 1.6067639589309692 22
1711711563978 1.569469928741455 23
1711711564211 1.5912418365478516 24
1711711564478 1.5640884637832642 25
1711711564712 1.6626514196395874 26
1711711564976 1.497512936592102 27
1711711565212 1.478912353515625 28
1711711565441 1.534182071685791 29
