1711712521797 6497.6298828125 0
1711712522075 780.6419067382812 1
1711712522345 137.84255981445312 2
1711712522613 79.46173858642578 3
1711712522880 49.078697204589844 4
1711712523167 31.026094436645508 5
1711712523431 21.515052795410156 6
1711712523700 15.997201919555664 7
1711712523972 12.495552062988281 8
1711712524244 9.926087379455566 9
1711712524512 8.276455879211426 10
1711712524820 6.664394378662109 11
1711712525109 5.661489486694336 12
1711712525374 5.040559768676758 13
1711712525664 4.607831001281738 14
1711712525934 4.1593780517578125 15
1711712526210 3.8841235637664795 16
1711712526480 3.6739208698272705 17
1711712526752 3.4627115726470947 18
1711712527017 3.4518046379089355 19
1711712527283 2.9289822578430176 20
1711712527554 2.775078773498535 21
1711712527786 2.8393049240112305 22
1711712528014 2.5490548610687256 23
1711712528285 2.369161605834961 24
1711712528548 2.36683988571167 25
1711712528786 2.2120206356048584 26
1711712529055 2.046276569366455 27
1711712529286 1.8573012351989746 28
1711712529554 1.6383252143859863 29
1711712529825 1.6171320676803589 30
1711712530093 1.4763178825378418 31
1711712530357 1.4313265085220337 32
1711712530623 1.3769654035568237 33
1711712530892 1.3591822385787964 34
1711712531122 1.1455827951431274 35
1711712531388 1.2829933166503906 36
