1711712521797 61.89715576171875 0
1711712522075 21.666458129882812 1
1711712522345 8.074227333068848 2
1711712522613 5.883166313171387 3
1711712522880 4.567960739135742 4
1711712523167 3.685354709625244 5
1711712523431 3.174135446548462 6
1711712523700 2.8086163997650146 7
1711712523972 2.4946558475494385 8
1711712524244 2.2061398029327393 9
1711712524512 2.033823251724243 10
1711712524820 1.8212331533432007 11
1711712525109 1.6810157299041748 12
1711712525374 1.6018091440200806 13
1711712525664 1.552485704421997 14
1711712525934 1.4726343154907227 15
1711712526210 1.4340039491653442 16
1711712526480 1.4014326333999634 17
1711712526752 1.3704594373703003 18
1711712527017 1.379213809967041 19
1711712527283 1.2621521949768066 20
1711712527554 1.2352662086486816 21
1711712527786 1.2587740421295166 22
1711712528014 1.187630295753479 23
1711712528285 1.145873785018921 24
1711712528548 1.1573020219802856 25
1711712528786 1.1208031177520752 26
1711712529055 1.0715279579162598 27
1711712529286 1.0152771472930908 28
1711712529554 0.9519420266151428 29
1711712529825 0.9512828588485718 30
1711712530093 0.9023969769477844 31
1711712530357 0.8954848051071167 32
1711712530623 0.8791472315788269 33
1711712530892 0.8686463236808777 34
1711712531122 0.7958733439445496 35
1711712531388 0.8548598289489746 36
