1711958486528 5692.47607421875 0
1711958486800 678.3424072265625 1
1711958487075 132.74342346191406 2
1711958487343 76.09956359863281 3
1711958487613 46.235015869140625 4
1711958487880 32.03573226928711 5
1711958488145 24.511470794677734 6
1711958488413 19.080978393554688 7
1711958488680 15.55479621887207 8
1711958488946 13.860980987548828 9
1711958489215 10.779772758483887 10
1711958489483 8.547659873962402 11
1711958489749 7.139344692230225 12
1711958490019 5.83432149887085 13
1711958490285 4.776242733001709 14
1711958490555 4.134631156921387 15
1711958490789 3.582962989807129 16
1711958491055 3.3272502422332764 17
1711958491322 2.9532546997070312 18
1711958491586 2.7048962116241455 19
1711958491852 2.536728620529175 20
1711958492094 2.648731231689453 21
1711958492358 2.291139841079712 22
1711958492626 2.182164192199707 23
1711958492890 2.0832955837249756 24
1711958493155 1.8681859970092773 25
1711958493427 1.8630013465881348 26
1711958493671 1.7765096426010132 27
1711958493939 1.7514601945877075 28
1711958494217 1.6758959293365479 29
1711958494481 1.593387484550476 30
1711958494745 1.792143702507019 31
1711958495013 1.573837161064148 32
1711958495247 1.4548684358596802 33
1711958495511 1.3396629095077515 34
1711958495775 1.348298192024231 35
1711958496040 1.2569271326065063 36
1711958496273 1.3117589950561523 37
1711958496537 1.3565832376480103 38
