1711958486528 57.95289611816406 0
1711958486800 19.7401180267334 1
1711958487075 7.935357093811035 2
1711958487343 5.7004075050354 3
1711958487613 4.369575500488281 4
1711958487880 3.814371347427368 5
1711958488145 3.4405314922332764 6
1711958488413 3.0702741146087646 7
1711958488680 2.792574405670166 8
1711958488946 2.674691677093506 9
1711958489215 2.3510565757751465 10
1711958489483 2.1025404930114746 11
1711958489749 1.9246785640716553 12
1711958490019 1.753519058227539 13
1711958490285 1.5933518409729004 14
1711958490555 1.4974833726882935 15
1711958490789 1.3941645622253418 16
1711958491055 1.3548178672790527 17
1711958491322 1.276192307472229 18
1711958491586 1.2205628156661987 19
1711958491852 1.1960501670837402 20
1711958492094 1.229526400566101 21
1711958492358 1.133461356163025 22
1711958492626 1.1037912368774414 23
1711958492890 1.0855088233947754 24
1711958493155 1.0196219682693481 25
1711958493427 1.017541766166687 26
1711958493671 1.0003783702850342 27
1711958493939 0.9894242286682129 28
1711958494217 0.9708568453788757 29
1711958494481 0.9467220306396484 30
1711958494745 1.0136299133300781 31
1711958495013 0.9369836449623108 32
1711958495247 0.9067013263702393 33
1711958495511 0.865173876285553 34
1711958495775 0.8722999095916748 35
1711958496040 0.8398847579956055 36
1711958496273 0.8602084517478943 37
1711958496537 0.8715162873268127 38
