1711708828451 5672.67578125 0
1711708828722 730.8764038085938 1
1711708828994 148.54222106933594 2
1711708829267 81.36103820800781 3
1711708829533 48.02633285522461 4
1711708829803 31.90777015686035 5
1711708830071 23.784996032714844 6
1711708830340 19.321533203125 7
1711708830610 15.920428276062012 8
1711708830936 13.218530654907227 9
1711708831220 11.225443840026855 10
1711708831491 9.71848201751709 11
1711708831763 8.601862907409668 12
1711708832032 7.7041120529174805 13
1711708832299 7.137357711791992 14
1711708832566 6.55656623840332 15
1711708832839 6.33200740814209 16
1711708833072 6.012594223022461 17
1711708833342 5.6995439529418945 18
1711708833617 5.365174293518066 19
1711708833888 5.353139877319336 20
1711708834121 5.052928924560547 21
1711708834391 4.916668891906738 22
1711708834656 4.632314205169678 23
1711708834889 4.4827423095703125 24
1711708835150 4.378175735473633 25
1711708835385 4.374115467071533 26
1711708835647 3.903630018234253 27
1711708835879 3.7455646991729736 28
1711708836151 3.439871311187744 29
1711708836418 3.309241533279419 30
1711708836649 3.2836380004882812 31
1711708836915 2.899963617324829 32
1711708837179 2.6655349731445312 33
1711708837408 2.6162595748901367 34
1711708837672 2.373641014099121 35
1711708837941 2.125363826751709 36
1711708838214 1.8526849746704102 37
1711708838450 1.7143114805221558 38
1711708838714 1.6326992511749268 39
1711708838977 1.520531415939331 40
1711708839242 1.381429672241211 41
1711708839507 1.1859029531478882 42
1711708839738 1.1565924882888794 43
1711708840039 1.1256822347640991 44
1711708840304 1.0611026287078857 45
1711708840577 0.9354203343391418 46
1711708840842 0.8515474200248718 47
1711708841075 0.7673678398132324 48
1711708841356 0.7864989042282104 49
