1711708828451 57.59733581542969 0
1711708828722 20.814022064208984 1
1711708828994 8.416142463684082 2
1711708829267 5.731971263885498 3
1711708829533 4.387607097625732 4
1711708829803 3.7561721801757812 5
1711708830071 3.3518896102905273 6
1711708830340 3.0945281982421875 7
1711708830610 2.839024782180786 8
1711708830936 2.588543176651001 9
1711708831220 2.4075891971588135 10
1711708831491 2.2474570274353027 11
1711708831763 2.1197221279144287 12
1711708832032 2.0194740295410156 13
1711708832299 1.9508384466171265 14
1711708832566 1.8586921691894531 15
1711708832839 1.8390865325927734 16
1711708833072 1.7913731336593628 17
1711708833342 1.7504394054412842 18
1711708833617 1.68727445602417 19
1711708833888 1.6965370178222656 20
1711708834121 1.637510061264038 21
1711708834391 1.6220775842666626 22
1711708834656 1.5694472789764404 23
1711708834889 1.5452145338058472 24
1711708835150 1.53816819190979 25
1711708835385 1.5424904823303223 26
1711708835647 1.4459426403045654 27
1711708835879 1.4208931922912598 28
1711708836151 1.3559576272964478 29
1711708836418 1.340510368347168 30
1711708836649 1.3476704359054565 31
1711708836915 1.26053786277771 32
1711708837179 1.2046096324920654 33
1711708837408 1.1971125602722168 34
1711708837672 1.1481828689575195 35
1711708837941 1.0859532356262207 36
1711708838214 1.0062175989151 37
1711708838450 0.9650110602378845 38
1711708838714 0.9598264694213867 39
1711708838977 0.9237984418869019 40
1711708839242 0.8770378828048706 41
1711708839507 0.8158233761787415 42
1711708839738 0.8093487620353699 43
1711708840039 0.7956383228302002 44
1711708840304 0.7803131341934204 45
1711708840577 0.7309009432792664 46
1711708840842 0.7009537816047668 47
1711708841075 0.6636542677879333 48
1711708841356 0.676467776298523 49
