1711957909623 5878.8466796875 0
1711957909901 841.4078369140625 1
1711957910174 152.033203125 2
1711957910445 88.95520782470703 3
1711957910756 57.28749465942383 4
1711957911037 38.69754409790039 5
1711957911314 27.454078674316406 6
1711957911597 21.090126037597656 7
1711957911935 17.11770248413086 8
1711957912290 14.72220516204834 9
1711957912562 12.445091247558594 10
1711957912837 10.79563045501709 11
1711957913131 9.091636657714844 12
1711957913402 7.888623237609863 13
1711957913666 6.805546283721924 14
1711957913955 5.805146217346191 15
1711957914219 5.144710540771484 16
1711957914484 4.563921928405762 17
1711957914749 3.9357833862304688 18
1711957915013 3.536911725997925 19
1711957915279 3.2216951847076416 20
1711957915543 3.0497140884399414 21
1711957915777 2.9896817207336426 22
1711957916042 2.8484039306640625 23
1711957916340 2.5829248428344727 24
1711957916621 2.457942485809326 25
1711957916944 2.5245964527130127 26
1711957917307 2.2542591094970703 27
1711957917579 2.1263349056243896 28
1711957917924 1.9941259622573853 29
1711957918207 1.8880425691604614 30
1711957918483 1.7703486680984497 31
1711957918874 1.6825010776519775 32
1711957919147 1.7045053243637085 33
1711957919441 1.5906285047531128 34
1711957919722 1.589024305343628 35
1711957919971 1.5860730409622192 36
1711957920257 1.687581181526184 37
1711957920499 1.2866895198822021 38
1711957920765 1.3347489833831787 39
1711957921034 1.2341666221618652 40
1711957921273 1.2524988651275635 41
