1711957909623 58.691001892089844 0
1711957909901 22.61469078063965 1
1711957910174 8.712848663330078 2
1711957910445 6.376163005828857 3
1711957910756 5.058495998382568 4
1711957911037 4.203347682952881 5
1711957911314 3.628248691558838 6
1711957911597 3.2467782497406006 7
1711957911935 2.9542269706726074 8
1711957912290 2.752138137817383 9
1711957912562 2.5362563133239746 10
1711957912837 2.363746166229248 11
1711957913131 2.159975528717041 12
1711957913402 2.0193276405334473 13
1711957913666 1.8882685899734497 14
1711957913955 1.7485530376434326 15
1711957914219 1.6606069803237915 16
1711957914484 1.5647261142730713 17
1711957914749 1.4510821104049683 18
1711957915013 1.380548119544983 19
1711957915279 1.3232054710388184 20
1711957915543 1.2900023460388184 21
1711957915777 1.2887294292449951 22
1711957916042 1.2655892372131348 23
1711957916340 1.1988070011138916 24
1711957916621 1.1730413436889648 25
1711957916944 1.190821886062622 26
1711957917307 1.1223607063293457 27
1711957917579 1.0905629396438599 28
1711957917924 1.0547287464141846 29
1711957918207 1.0300275087356567 30
1711957918483 0.9912443161010742 31
1711957918874 0.9655237793922424 32
1711957919147 0.9786113500595093 33
1711957919441 0.9439875483512878 34
1711957919722 0.9479781985282898 35
1711957919971 0.9451217651367188 36
1711957920257 0.9804699420928955 37
1711957920499 0.8435733914375305 38
1711957920765 0.8658667206764221 39
1711957921034 0.8353446125984192 40
1711957921273 0.8426254987716675 41
