1711709845724 6422.8720703125 0
1711709845998 843.56103515625 1
1711709846274 138.03428649902344 2
1711709846545 71.82974243164062 3
1711709846810 43.52543640136719 4
1711709847082 31.070274353027344 5
1711709847346 24.598007202148438 6
1711709847615 19.90622329711914 7
1711709847934 16.754234313964844 8
1711709848209 13.417377471923828 9
1711709848481 10.248510360717773 10
1711709848745 8.053056716918945 11
1711709849016 6.374773979187012 12
1711709849284 5.409409999847412 13
1711709849552 4.791623592376709 14
1711709849822 4.196310997009277 15
1711709850090 3.795471668243408 16
1711709850323 3.623439073562622 17
1711709850589 3.339146137237549 18
1711709850870 3.113283634185791 19
1711709851110 3.057013750076294 20
1711709851381 2.9309041500091553 21
1711709851649 2.7895145416259766 22
1711709851913 2.661954164505005 23
1711709852149 2.385263204574585 24
1711709852417 2.14070987701416 25
1711709852684 2.1436264514923096 26
1711709852947 1.9602468013763428 27
1711709853219 1.9206255674362183 28
1711709853489 1.961267113685608 29
1711709853753 1.6808805465698242 30
1711709854023 1.6434717178344727 31
1711709854253 1.6219735145568848 32
1711709854520 1.3000675439834595 33
1711709854790 1.2555629014968872 34
1711709855058 1.2385292053222656 35
1711709855359 1.1415791511535645 36
1711709855644 1.1120871305465698 37
1711709855909 1.0394498109817505 38
1711709856177 1.0057193040847778 39
1711709856408 1.0211960077285767 40
1711709856678 0.9148342609405518 41
1711709856954 0.8694581389427185 42
1711709857190 0.8017736077308655 43
1711709857480 0.8527318239212036 44
1711709857748 0.7289299964904785 45
1711709857981 0.7083746194839478 46
1711709858233 0.7534686923027039 47
1711709858499 0.6816308498382568 48
1711709858767 0.7603635787963867 49
