1711709845724 61.458221435546875 0
1711709845998 22.40926742553711 1
1711709846274 8.134540557861328 2
1711709846545 5.60037899017334 3
1711709846810 4.399515151977539 4
1711709847082 3.844871759414673 5
1711709847346 3.495664119720459 6
1711709847615 3.1852173805236816 7
1711709847934 2.9391210079193115 8
1711709848209 2.636308431625366 9
1711709848481 2.295029401779175 10
1711709848745 2.0424866676330566 11
1711709849016 1.8170439004898071 12
1711709849284 1.6865675449371338 13
1711709849552 1.6086345911026 14
1711709849822 1.5229005813598633 15
1711709850090 1.4515453577041626 16
1711709850323 1.4241695404052734 17
1711709850589 1.3701341152191162 18
1711709850870 1.327404260635376 19
1711709851110 1.322200059890747 20
1711709851381 1.288882851600647 21
1711709851649 1.2639425992965698 22
1711709851913 1.2332868576049805 23
1711709852149 1.1650621891021729 24
1711709852417 1.0948940515518188 25
1711709852684 1.1037296056747437 26
1711709852947 1.0510683059692383 27
1711709853219 1.044608235359192 28
1711709853489 1.0613434314727783 29
1711709853753 0.975799560546875 30
1711709854023 0.9633787274360657 31
1711709854253 0.9651159644126892 32
1711709854520 0.8539336919784546 33
1711709854790 0.841657280921936 34
1711709855058 0.8421494364738464 35
1711709855359 0.8014646768569946 36
1711709855644 0.7982950210571289 37
1711709855909 0.7717685103416443 38
1711709856177 0.7563896775245667 39
1711709856408 0.7699836492538452 40
1711709856678 0.7259176969528198 41
1711709856954 0.7074939608573914 42
1711709857190 0.6795035004615784 43
1711709857480 0.6986433863639832 44
1711709857748 0.6447576284408569 45
1711709857981 0.6346453428268433 46
1711709858233 0.6583855748176575 47
1711709858499 0.624485194683075 48
1711709858767 0.6591854095458984 49
