1711958174263 61.05934143066406 0
1711958174560 21.702863693237305 1
1711958174847 7.583775043487549 2
1711958175160 5.0948333740234375 3
1711958175442 3.79255747795105 4
1711958175718 3.1792662143707275 5
1711958176010 2.8437118530273438 6
1711958176306 2.6650912761688232 7
1711958176578 2.5011544227600098 8
1711958176877 2.3574938774108887 9
1711958177178 2.2227609157562256 10
1711958177473 2.1804311275482178 11
1711958177746 2.015711784362793 12
1711958178015 1.9450116157531738 13
1711958178293 1.952147364616394 14
1711958178572 1.8316174745559692 15
1711958178860 1.8209363222122192 16
1711958179155 1.817169189453125 17
1711958179440 1.7539703845977783 18
1711958179705 1.7428346872329712 19
1711958179988 1.696388602256775 20
1711958180218 1.7142863273620605 21
1711958180482 1.6455053091049194 22
1711958180743 1.6543809175491333 23
1711958181006 1.6361515522003174 24
1711958181232 1.5889812707901 25
1711958181494 1.5727722644805908 26
1711958181730 1.5849483013153076 27
1711958182006 1.5383771657943726 28
1711958182240 1.5810195207595825 29
1711958182506 1.5303622484207153 30
1711958182772 1.5023950338363647 31
1711958183033 1.4648523330688477 32
1711958183262 1.462666392326355 33
1711958183524 1.4983716011047363 34
1711958183751 1.4343043565750122 35
1711958184015 1.3915350437164307 36
1711958184247 1.36522376537323 37
1711958184472 1.390873670578003 38
