1711958174263 6251.171875 0
1711958174560 798.1972045898438 1
1711958174847 119.2303237915039 2
1711958175160 58.32277297973633 3
1711958175442 31.753740310668945 4
1711958175718 20.749595642089844 5
1711958176010 15.718934059143066 6
1711958176306 13.319535255432129 7
1711958176578 11.69822883605957 8
1711958176877 10.2852201461792 9
1711958177178 9.091890335083008 10
1711958177473 8.683730125427246 11
1711958177746 7.412104606628418 12
1711958178015 6.889787673950195 13
1711958178293 6.8372931480407715 14
1711958178572 6.057529449462891 15
1711958178860 5.9766435623168945 16
1711958179155 5.861941814422607 17
1711958179440 5.576528549194336 18
1711958179705 5.455282211303711 19
1711958179988 5.139993667602539 20
1711958180218 5.259835720062256 21
1711958180482 4.859134674072266 22
1711958180743 4.894923686981201 23
1711958181006 4.796670913696289 24
1711958181232 4.542120933532715 25
1711958181494 4.450625419616699 26
1711958181730 4.525756359100342 27
1711958182006 4.260756492614746 28
1711958182240 4.473026752471924 29
1711958182506 4.225041389465332 30
1711958182772 4.0744476318359375 31
1711958183033 3.9074385166168213 32
1711958183262 3.900740623474121 33
1711958183524 4.053302764892578 34
1711958183751 3.7100467681884766 35
1711958184015 3.5206568241119385 36
1711958184247 3.3855347633361816 37
1711958184472 3.5387215614318848 38
