1711714328763 57.91929626464844 0
1711714329035 20.7968692779541 1
1711714329312 7.434706211090088 2
1711714329579 5.294860363006592 3
1711714329851 4.323623180389404 4
1711714330126 3.745847225189209 5
1711714330395 3.3114473819732666 6
1711714330664 2.9541518688201904 7
1711714330931 2.661240339279175 8
1711714331202 2.369007110595703 9
1711714331474 2.1774508953094482 10
1711714331741 1.9580161571502686 11
1711714332009 1.80103600025177 12
1711714332280 1.7237542867660522 13
1711714332545 1.6262438297271729 14
1711714332811 1.5640653371810913 15
1711714333080 1.5616734027862549 16
1711714333347 1.4633474349975586 17
1711714333673 1.4083267450332642 18
1711714333917 1.4319947957992554 19
1711714334183 1.3835556507110596 20
1711714334420 1.3589890003204346 21
1711714334659 1.2902084589004517 22
1711714334923 1.291774868965149 23
1711714335193 1.2680549621582031 24
1711714335461 1.2214853763580322 25
1711714335728 1.156091570854187 26
1711714335997 1.1549266576766968 27
1711714336266 1.1220180988311768 28
1711714336497 1.0940423011779785 29
1711714336766 1.1016335487365723 30
1711714337001 1.0294703245162964 31
1711714337238 1.062227487564087 32
1711714337506 0.9999313354492188 33
1711714337778 0.9645977020263672 34
1711714338043 0.937283456325531 35
1711714338276 0.922866940498352 36
1711714338543 0.903102695941925 37
1711714338810 0.9200023412704468 38
1711714339047 0.8572789430618286 39
1711714339316 0.8468669056892395 40
1711714339586 0.8871415257453918 41
1711714339822 0.8715204000473022 42
1711714340057 0.8803297877311707 43
1711714340325 0.7761794924736023 44
1711714340557 0.7659215927124023 45
1711714340798 0.797215461730957 46
1711714341085 0.7770510911941528 47
1711714341352 0.7334449291229248 48
1711714341588 0.7431376576423645 49
