1711714328763 5729.24755859375 0
1711714329035 724.9462890625 1
1711714329312 122.50501251220703 2
1711714329579 67.04191589355469 3
1711714329851 42.13797378540039 4
1711714330126 29.782222747802734 5
1711714330395 22.45608139038086 6
1711714330664 17.730085372924805 7
1711714330931 14.209108352661133 8
1711714331202 11.264914512634277 9
1711714331474 9.424617767333984 10
1711714331741 7.503671169281006 11
1711714332009 6.291790962219238 12
1711714332280 5.647740840911865 13
1711714332545 4.9249067306518555 14
1711714332811 4.5301313400268555 15
1711714333080 4.376202583312988 16
1711714333347 3.9522411823272705 17
1711714333673 3.6314656734466553 18
1711714333917 3.716583728790283 19
1711714334183 3.438023328781128 20
1711714334420 3.328031063079834 21
1711714334659 3.02790904045105 22
1711714334923 2.9667279720306396 23
1711714335193 2.888353109359741 24
1711714335461 2.6873793601989746 25
1711714335728 2.425344228744507 26
1711714335997 2.381476879119873 27
1711714336266 2.2682411670684814 28
1711714336497 2.162076473236084 29
1711714336766 2.168919324874878 30
1711714337001 1.933223009109497 31
1711714337238 1.9971002340316772 32
1711714337506 1.7996759414672852 33
1711714337778 1.6736806631088257 34
1711714338043 1.5810245275497437 35
1711714338276 1.5299381017684937 36
1711714338543 1.4627678394317627 37
1711714338810 1.4893850088119507 38
1711714339047 1.3169212341308594 39
1711714339316 1.284315586090088 40
1711714339586 1.3731637001037598 41
1711714339822 1.3407180309295654 42
1711714340057 1.3498741388320923 43
1711714340325 1.0673201084136963 44
1711714340557 1.0446233749389648 45
1711714340798 1.1068549156188965 46
1711714341085 1.058740258216858 47
1711714341352 0.9515127539634705 48
1711714341588 0.9771338105201721 49
