1711708083109 59.47898483276367 0
1711708083375 22.85191535949707 1
1711708083641 7.853020191192627 2
1711708083916 5.739828109741211 3
1711708084180 4.410709857940674 4
1711708084489 3.681594133377075 5
1711708084755 3.231050968170166 6
1711708085019 2.87675142288208 7
1711708085282 2.668910503387451 8
1711708085545 2.403341293334961 9
1711708085808 2.2174317836761475 10
1711708086071 2.078798294067383 11
1711708086334 1.92815363407135 12
1711708086598 1.7878227233886719 13
1711708086878 1.6785141229629517 14
1711708087147 1.6158592700958252 15
1711708087409 1.570361852645874 16
1711708087656 1.5275198221206665 17
1711708087919 1.4483914375305176 18
1711708088157 1.4747698307037354 19
1711708088422 1.3839471340179443 20
1711708088684 1.3631432056427002 21
1711708088920 1.3042596578598022 22
1711708089183 1.271872639656067 23
1711708089414 1.2639737129211426 24
1711708089640 1.2087109088897705 25
