1711708083109 5956.734375 0
1711708083375 880.3901977539062 1
1711708083641 130.43019104003906 2
1711708083916 74.0096664428711 3
1711708084180 44.90230941772461 4
1711708084489 29.518394470214844 5
1711708084755 21.4796199798584 6
1711708085019 16.497596740722656 7
1711708085282 13.692951202392578 8
1711708085545 11.040197372436523 9
1711708085808 9.147019386291504 10
1711708086071 7.8817138671875 11
1711708086334 6.75549840927124 12
1711708086598 5.787330150604248 13
1711708086878 5.034148693084717 14
1711708087147 4.614916801452637 15
1711708087409 4.338922500610352 16
1711708087656 4.101076126098633 17
1711708087919 3.7157626152038574 18
1711708088157 3.8229947090148926 19
1711708088422 3.376866102218628 20
1711708088684 3.2906081676483154 21
1711708088920 3.0303471088409424 22
1711708089183 2.8791325092315674 23
1711708089414 2.8425915241241455 24
1711708089640 2.6032211780548096 25
