1711713060781 5954.93994140625 0
1711713061100 671.5513305664062 1
1711713061374 107.75525665283203 2
1711713061651 53.85382843017578 3
1711713061921 33.8657341003418 4
1711713062192 24.2313289642334 5
1711713062462 18.318157196044922 6
1711713062736 14.050251960754395 7
1711713063005 10.424141883850098 8
1711713063272 8.412817001342773 9
1711713063541 6.776628494262695 10
1711713063828 5.7934675216674805 11
1711713064102 5.0397515296936035 12
1711713064383 4.622065544128418 13
1711713064665 4.000596046447754 14
1711713064936 3.5954041481018066 15
1711713065227 3.1742095947265625 16
1711713065464 2.885028600692749 17
1711713065735 2.7082831859588623 18
1711713066004 2.509819507598877 19
1711713066270 2.243788242340088 20
1711713066543 2.273245096206665 21
1711713066812 1.9380815029144287 22
1711713067049 1.8857609033584595 23
1711713067317 1.7251558303833008 24
1711713067586 1.6487383842468262 25
1711713067856 1.6347180604934692 26
1711713068124 1.4639997482299805 27
1711713068362 1.2986729145050049 28
1711713068629 1.2700369358062744 29
1711713068898 1.2205380201339722 30
1711713069135 1.1518760919570923 31
1711713069425 1.121922492980957 32
