1711713060781 58.98358154296875 0
1711713061100 19.688034057617188 1
1711713061374 6.8211350440979 2
1711713061651 4.619629859924316 3
1711713061921 3.851830244064331 4
1711713062192 3.366492748260498 5
1711713062462 2.9730844497680664 6
1711713062736 2.6136138439178467 7
1711713063005 2.236159563064575 8
1711713063272 2.033991813659668 9
1711713063541 1.843736171722412 10
1711713063828 1.7260690927505493 11
1711713064102 1.6160004138946533 12
1711713064383 1.5711978673934937 13
1711713064665 1.463502049446106 14
1711713064936 1.398010015487671 15
1711713065227 1.30420982837677 16
1711713065464 1.2451266050338745 17
1711713065735 1.213008999824524 18
1711713066004 1.1679410934448242 19
1711713066270 1.100815773010254 20
1711713066543 1.1260823011398315 21
1711713066812 1.023612380027771 22
1711713067049 1.017183780670166 23
1711713067317 0.971187949180603 24
1711713067586 0.9495587348937988 25
1711713067856 0.9541153907775879 26
1711713068124 0.901079535484314 27
1711713068362 0.8415011167526245 28
1711713068629 0.8420312404632568 29
1711713068898 0.8315831422805786 30
1711713069135 0.8035234808921814 31
1711713069425 0.7947601079940796 32
