1711958900838 6178.70361328125 0
1711958901149 701.3366088867188 1
1711958901430 157.40431213378906 2
1711958901732 88.522705078125 3
1711958902014 54.3796272277832 4
1711958902313 35.44878387451172 5
1711958902591 24.05099868774414 6
1711958902885 17.055784225463867 7
1711958903162 12.859821319580078 8
1711958903467 10.281242370605469 9
1711958903794 8.539276123046875 10
1711958904068 7.331425189971924 11
1711958904339 6.79567289352417 12
1711958904610 5.886603355407715 13
1711958904891 5.5483198165893555 14
1711958905163 5.053987979888916 15
1711958905404 4.852612495422363 16
1711958905676 4.644686698913574 17
1711958905925 4.504180431365967 18
1711958906191 4.461209774017334 19
1711958906459 4.377395153045654 20
1711958906727 4.23491096496582 21
1711958907022 3.8996479511260986 22
1711958907264 3.948686122894287 23
1711958907500 3.8918681144714355 24
1711958907766 3.981606960296631 25
1711958908002 3.726503849029541 26
1711958908238 3.6816654205322266 27
