1711958900838 60.4462890625 0
1711958901149 20.180110931396484 1
1711958901430 9.083931922912598 2
1711958901732 6.277669906616211 3
1711958902014 4.840883731842041 4
1711958902313 3.9903666973114014 5
1711958902591 3.4009358882904053 6
1711958902885 2.933373212814331 7
1711958903162 2.597369909286499 8
1711958903467 2.3329696655273438 9
1711958903794 2.1417839527130127 10
1711958904068 1.9954982995986938 11
1711958904339 1.9317054748535156 12
1711958904610 1.797263741493225 13
1711958904891 1.7523152828216553 14
1711958905163 1.6768938302993774 15
1711958905404 1.6426368951797485 16
1711958905676 1.6151119470596313 17
1711958905925 1.5847514867782593 18
1711958906191 1.579041600227356 19
1711958906459 1.5634959936141968 20
1711958906727 1.5359318256378174 21
1711958907022 1.47695791721344 22
1711958907264 1.4879119396209717 23
1711958907500 1.4786220788955688 24
1711958907766 1.499725103378296 25
1711958908002 1.444636583328247 26
1711958908238 1.4409444332122803 27
