1711711728345 5726.7607421875 0
1711711728626 668.2590942382812 1
1711711728899 137.3413543701172 2
1711711729168 76.70785522460938 3
1711711729439 43.824275970458984 4
1711711729712 28.847265243530273 5
1711711729980 21.532794952392578 6
1711711730251 16.392555236816406 7
1711711730522 13.3046875 8
1711711730789 10.066557884216309 9
1711711731054 8.097662925720215 10
1711711731321 6.902007579803467 11
1711711731592 5.550142288208008 12
1711711731860 4.783679008483887 13
1711711732126 4.223431587219238 14
1711711732396 3.8121020793914795 15
1711711732664 3.7235891819000244 16
1711711732932 3.089033603668213 17
1711711733164 2.9423294067382812 18
1711711733435 2.8182790279388428 19
1711711733670 2.538889169692993 20
1711711733935 2.476139545440674 21
1711711734264 2.2469277381896973 22
1711711734497 2.116161823272705 23
1711711734761 2.076380968093872 24
1711711734997 1.8415939807891846 25
1711711735266 1.70059072971344 26
1711711735530 1.6069735288619995 27
1711711735798 1.5727368593215942 28
1711711736037 1.5230175256729126 29
1711711736312 1.3748323917388916 30
1711711736551 1.31155264377594 31
1711711736817 1.2942172288894653 32
1711711737051 1.1989623308181763 33
1711711737325 1.1150273084640503 34
1711711737591 1.0911048650741577 35
1711711737859 0.9620242118835449 36
1711711738093 0.9830906987190247 37
1711711738359 1.0214968919754028 38
1711711738631 0.8612847924232483 39
1711711738870 0.8041743040084839 40
1711711739133 0.8305374383926392 41
1711711739366 0.7962409257888794 42
1711711739604 0.8072838187217712 43
