1711711728345 57.69065856933594 0
1711711728626 19.542659759521484 1
1711711728899 8.235475540161133 2
1711711729168 5.754798889160156 3
1711711729439 4.244531631469727 4
1711711729712 3.5649425983428955 5
1711711729980 3.210034132003784 6
1711711730251 2.8304080963134766 7
1711711730522 2.579089879989624 8
1711711730789 2.2428014278411865 9
1711711731054 2.0117862224578857 10
1711711731321 1.8921494483947754 11
1711711731592 1.6966896057128906 12
1711711731860 1.5911362171173096 13
1711711732126 1.5090702772140503 14
1711711732396 1.4383430480957031 15
1711711732664 1.4409996271133423 16
1711711732932 1.3027729988098145 17
1711711733164 1.2756909132003784 18
1711711733435 1.2565934658050537 19
1711711733670 1.1961393356323242 20
1711711733935 1.1831672191619873 21
1711711734264 1.123335361480713 22
1711711734497 1.092847466468811 23
1711711734761 1.0910987854003906 24
1711711734997 1.0168696641921997 25
1711711735266 0.9824286103248596 26
1711711735530 0.9561193585395813 27
1711711735798 0.9455813765525818 28
1711711736037 0.9326736330986023 29
1711711736312 0.8895158767700195 30
1711711736551 0.8613696098327637 31
1711711736817 0.8687407374382019 32
1711711737051 0.8289912343025208 33
1711711737325 0.7957577109336853 34
1711711737591 0.7925304174423218 35
1711711737859 0.7405045628547668 36
1711711738093 0.7494688034057617 37
1711711738359 0.7713043093681335 38
1711711738631 0.7077681422233582 39
1711711738870 0.6800556778907776 40
1711711739133 0.6943961977958679 41
1711711739366 0.6783773899078369 42
1711711739604 0.688664972782135 43
