1711714090716 6046.01220703125 0
1711714090995 700.6861572265625 1
1711714091264 132.72879028320312 2
1711714091580 72.8751220703125 3
1711714091847 38.622459411621094 4
1711714092123 24.366703033447266 5
1711714092394 18.53103256225586 6
1711714092664 14.62157917022705 7
1711714092937 12.219544410705566 8
1711714093209 10.099803924560547 9
1711714093501 8.490514755249023 10
1711714093769 7.475956916809082 11
1711714094038 6.529378414154053 12
1711714094307 5.855538845062256 13
1711714094578 5.428675651550293 14
1711714094847 5.0834503173828125 15
1711714095084 4.760646343231201 16
1711714095353 4.456027507781982 17
1711714095624 4.466881275177002 18
1711714095857 4.057660102844238 19
1711714096146 4.007082462310791 20
1711714096419 3.7564051151275635 21
1711714096690 3.826768398284912 22
1711714096925 3.78814697265625 23
1711714097197 3.5855677127838135 24
