1711714090716 59.58007049560547 0
1711714090995 19.968599319458008 1
1711714091264 8.036630630493164 2
1711714091580 5.622039318084717 3
1711714091847 4.026986122131348 4
1711714092123 3.3299436569213867 5
1711714092394 3.014586925506592 6
1711714092664 2.7257139682769775 7
1711714092937 2.5325510501861572 8
1711714093209 2.3217127323150635 9
1711714093501 2.137416362762451 10
1711714093769 2.0187084674835205 11
1711714094038 1.887546420097351 12
1711714094307 1.7945404052734375 13
1711714094578 1.7382181882858276 14
1711714094847 1.6822631359100342 15
1711714095084 1.6348375082015991 16
1711714095353 1.5746742486953735 17
1711714095624 1.5903607606887817 18
1711714095857 1.508004069328308 19
1711714096146 1.5031828880310059 20
1711714096419 1.4566289186477661 21
1711714096690 1.4642448425292969 22
1711714096925 1.4703885316848755 23
1711714097197 1.4097284078598022 24
