1711712136817 5333.8515625 0
1711712137088 559.4214477539062 1
1711712137361 132.79541015625 2
1711712137628 63.741912841796875 3
1711712137895 36.040557861328125 4
1711712138165 24.649578094482422 5
1711712138433 19.5378475189209 6
1711712138748 15.972308158874512 7
1711712139021 12.91517448425293 8
1711712139288 10.48291015625 9
1711712139554 9.114516258239746 10
1711712139824 7.246385097503662 11
1711712140135 5.7655348777771 12
1711712140398 4.661925315856934 13
1711712140687 4.268590450286865 14
1711712140929 3.8148245811462402 15
1711712141202 3.3038179874420166 16
1711712141477 2.998615026473999 17
1711712141741 2.9261913299560547 18
1711712141980 2.769601821899414 19
1711712142247 2.549715280532837 20
1711712142511 2.5682668685913086 21
1711712142778 2.566554546356201 22
1711712143015 2.290473699569702 23
1711712143283 2.1331088542938232 24
1711712143512 2.007600784301758 25
1711712143747 2.1401290893554688 26
1711712144017 2.0900211334228516 27
1711712144285 2.001415252685547 28
1711712144547 1.9267771244049072 29
1711712144814 1.763005018234253 30
1711712145049 1.7020976543426514 31
1711712145316 1.634156584739685 32
1711712145555 1.6525644063949585 33
1711712145788 1.5922973155975342 34
