1711712136817 55.525535583496094 0
1711712137088 17.728429794311523 1
1711712137361 7.952944278717041 2
1711712137628 5.060161590576172 3
1711712137895 3.8606526851654053 4
1711712138165 3.3453209400177 5
1711712138433 3.068197011947632 6
1711712138748 2.816866874694824 7
1711712139021 2.5528552532196045 8
1711712139288 2.3058059215545654 9
1711712139554 2.183321237564087 10
1711712139824 1.941440463066101 11
1711712140135 1.7381821870803833 12
1711712140398 1.5716654062271118 13
1711712140687 1.5158880949020386 14
1711712140929 1.4432004690170288 15
1711712141202 1.33623468875885 16
1711712141477 1.2824524641036987 17
1711712141741 1.2763181924819946 18
1711712141980 1.2495450973510742 19
1711712142247 1.1944228410720825 20
1711712142511 1.2078485488891602 21
1711712142778 1.2055442333221436 22
1711712143015 1.1419613361358643 23
1711712143283 1.1021078824996948 24
1711712143512 1.068324327468872 25
1711712143747 1.1113533973693848 26
1711712144017 1.09535813331604 27
1711712144285 1.0732147693634033 28
1711712144547 1.0551286935806274 29
1711712144814 1.0135078430175781 30
1711712145049 0.9915022850036621 31
1711712145316 0.9710049629211426 32
1711712145555 0.9773605465888977 33
1711712145788 0.9606769680976868 34
