1711709751280 5508.2138671875 0
1711709751553 551.23779296875 1
1711709751823 132.0558319091797 2
1711709752089 72.4136962890625 3
1711709752360 42.087345123291016 4
1711709752627 29.466995239257812 5
1711709752905 23.809181213378906 6
1711709753177 19.032978057861328 7
1711709753449 15.5471773147583 8
1711709753719 12.569214820861816 9
1711709753985 10.330635070800781 10
1711709754255 8.646199226379395 11
1711709754521 7.32808256149292 12
1711709754787 6.416567802429199 13
1711709755054 5.159234046936035 14
1711709755318 4.609513282775879 15
1711709755620 4.300510883331299 16
1711709755850 3.6844100952148438 17
1711709756121 3.25415301322937 18
1711709756387 2.913785696029663 19
1711709756650 2.5898654460906982 20
1711709756962 2.418717622756958 21
1711709757230 2.3209972381591797 22
1711709757459 2.16855525970459 23
1711709757729 1.960324764251709 24
1711709757961 1.9036234617233276 25
1711709758225 1.7109901905059814 26
1711709758497 1.563477635383606 27
1711709758764 1.4403716325759888 28
1711709759031 1.429755449295044 29
1711709759299 1.238345980644226 30
1711709759631 1.2760889530181885 31
1711709759889 1.1387449502944946 32
1711709760121 1.0646038055419922 33
1711709760387 1.0180106163024902 34
1711709760655 1.0487772226333618 35
1711709760921 0.9309841990470886 36
1711709761151 0.9813492894172668 37
1711709761419 0.7971802949905396 38
1711709761650 0.8397995829582214 39
1711709761884 0.7342526316642761 40
1711709762150 0.6715258359909058 41
1711709762417 0.6838417053222656 42
1711709762650 0.6545712351799011 43
1711709762916 0.6672347187995911 44
1711709763202 0.8828369975090027 45
1711709763474 0.6581271290779114 46
1711709763705 0.6343165636062622 47
1711709763967 0.5150395631790161 48
1711709764236 0.4907669126987457 49
