1711709751280 56.1911506652832 0
1711709751553 17.776653289794922 1
1711709751823 7.658947944641113 2
1711709752089 5.428532600402832 3
1711709752360 4.24786901473999 4
1711709752627 3.7090983390808105 5
1711709752905 3.4014060497283936 6
1711709753177 3.0556814670562744 7
1711709753449 2.7687439918518066 8
1711709753719 2.497891902923584 9
1711709753985 2.2649877071380615 10
1711709754255 2.089167833328247 11
1711709754521 1.9322820901870728 12
1711709754787 1.8252657651901245 13
1711709755054 1.6388226747512817 14
1711709755318 1.5609116554260254 15
1711709755620 1.5337733030319214 16
1711709755850 1.4082964658737183 17
1711709756121 1.3296574354171753 18
1711709756387 1.2546825408935547 19
1711709756650 1.1850353479385376 20
1711709756962 1.1500391960144043 21
1711709757230 1.1410847902297974 22
1711709757459 1.1006989479064941 23
1711709757729 1.040804386138916 24
1711709757961 1.0390468835830688 25
1711709758225 0.9745890498161316 26
1711709758497 0.9310953617095947 27
1711709758764 0.8895354270935059 28
1711709759031 0.8952441215515137 29
1711709759299 0.8264520168304443 30
1711709759631 0.8536467552185059 31
1711709759889 0.8012067675590515 32
1711709760121 0.7721138000488281 33
1711709760387 0.7621921300888062 34
1711709760655 0.7750706076622009 35
1711709760921 0.7280763387680054 36
1711709761151 0.7589729428291321 37
1711709761419 0.6768708825111389 38
1711709761650 0.6979926824569702 39
1711709761884 0.652008593082428 40
1711709762150 0.6225435137748718 41
1711709762417 0.6324563026428223 42
1711709762650 0.6179923415184021 43
1711709762916 0.6229631304740906 44
1711709763202 0.7111080288887024 45
1711709763474 0.6247385740280151 46
1711709763705 0.6162502765655518 47
1711709763967 0.5468173027038574 48
1711709764236 0.536798894405365 49
