1711711673409 5975.53955078125 0
1711711673683 958.1151123046875 1
1711711673958 155.3141326904297 2
1711711674228 92.91983795166016 3
1711711674499 61.0171012878418 4
1711711674769 39.799312591552734 5
1711711675037 27.7619686126709 6
1711711675304 21.283920288085938 7
1711711675574 16.818782806396484 8
1711711675845 13.627071380615234 9
1711711676119 11.28665828704834 10
1711711676451 9.58820629119873 11
1711711676722 8.285584449768066 12
1711711676994 7.400335311889648 13
1711711677264 6.693971157073975 14
1711711677531 6.034949779510498 15
1711711677800 5.372233867645264 16
1711711678072 4.927761554718018 17
1711711678341 4.712802886962891 18
1711711678608 4.526759147644043 19
1711711678877 4.210752487182617 20
1711711679150 3.8549201488494873 21
1711711679381 3.740394353866577 22
1711711679653 3.7265145778656006 23
1711711679922 3.313176155090332 24
1711711680154 3.2915380001068115 25
1711711680423 3.1428823471069336 26
1711711680691 3.1392757892608643 27
1711711680926 2.8625357151031494 28
1711711681160 2.7929654121398926 29
1711711681429 2.7456178665161133 30
1711711681698 2.8257710933685303 31
1711711681935 2.548713445663452 32
1711711682202 2.5993053913116455 33
1711711682438 2.5620012283325195 34
1711711682704 2.4681472778320312 35
1711711682939 2.368304967880249 36
1711711683177 2.2897331714630127 37
1711711683450 2.2397241592407227 38
1711711683727 2.14457631111145 39
1711711683995 2.1210222244262695 40
1711711684231 2.038093090057373 41
1711711684474 2.0686593055725098 42
