1711711673409 59.431583404541016 0
1711711673683 24.84200668334961 1
1711711673958 8.41712474822998 2
1711711674228 6.337804317474365 3
1711711674499 5.076813697814941 4
1711711674769 4.097479820251465 5
1711711675037 3.4784317016601562 6
1711711675304 3.133876323699951 7
1711711675574 2.8359313011169434 8
1711711675845 2.5724167823791504 9
1711711676119 2.3501248359680176 10
1711711676451 2.1809024810791016 11
1711711676722 2.0409350395202637 12
1711711676994 1.9523506164550781 13
1711711677264 1.8694449663162231 14
1711711677531 1.7871028184890747 15
1711711677800 1.6857086420059204 16
1711711678072 1.625456690788269 17
1711711678341 1.5960904359817505 18
1711711678608 1.5808801651000977 19
1711711678877 1.5225086212158203 20
1711711679150 1.4597629308700562 21
1711711679381 1.4323325157165527 22
1711711679653 1.4319819211959839 23
1711711679922 1.3491864204406738 24
1711711680154 1.3465276956558228 25
1711711680423 1.3164145946502686 26
1711711680691 1.3249831199645996 27
1711711680926 1.2565107345581055 28
1711711681160 1.2386536598205566 29
1711711681429 1.232292890548706 30
1711711681698 1.2615208625793457 31
1711711681935 1.1862231492996216 32
1711711682202 1.2125102281570435 33
1711711682438 1.1943480968475342 34
1711711682704 1.1749119758605957 35
1711711682939 1.1463791131973267 36
1711711683177 1.1302345991134644 37
1711711683450 1.1221122741699219 38
1711711683727 1.0916776657104492 39
1711711683995 1.0893672704696655 40
1711711684231 1.0647941827774048 41
1711711684474 1.077494740486145 42
