1711709735111 59.6937370300293 0
1711709735384 23.734939575195312 1
1711709735658 8.40399169921875 2
1711709735924 6.137864589691162 3
1711709736195 5.00533390045166 4
1711709736462 4.1893110275268555 5
1711709736729 3.60026478767395 6
1711709736998 3.17966365814209 7
1711709737268 2.74983549118042 8
1711709737536 2.450627088546753 9
1711709737816 2.185877799987793 10
1711709738084 1.9585747718811035 11
1711709738358 1.7656443119049072 12
1711709738624 1.6310548782348633 13
1711709738891 1.585570216178894 14
1711709739155 1.5148634910583496 15
1711709739427 1.4993654489517212 16
1711709739695 1.4526335000991821 17
1711709739965 1.4069209098815918 18
1711709740232 1.3699835538864136 19
1711709740500 1.410747766494751 20
1711709740732 1.3355013132095337 21
1711709740999 1.2555052042007446 22
1711709741267 1.2568737268447876 23
1711709741497 1.253227949142456 24
1711709741769 1.2502895593643188 25
1711709742001 1.1887707710266113 26
1711709742268 1.1509243249893188 27
1711709742533 1.169075608253479 28
1711709742766 1.1475770473480225 29
1711709743032 1.0929638147354126 30
1711709743343 1.0542336702346802 31
1711709743606 1.0364140272140503 32
1711709743874 0.9892025589942932 33
1711709744139 0.981859028339386 34
1711709744406 0.9676114916801453 35
1711709744638 1.0202744007110596 36
1711709744868 1.0051500797271729 37
