1711709735111 6019.646484375 0
1711709735384 898.1158447265625 1
1711709735658 146.248046875 2
1711709735924 85.22293853759766 3
1711709736195 56.021183013916016 4
1711709736462 38.0093879699707 5
1711709736729 27.12591552734375 6
1711709736998 20.48688507080078 7
1711709737268 15.4205322265625 8
1711709737536 12.086223602294922 9
1711709737816 9.597602844238281 10
1711709738084 7.621436595916748 11
1711709738358 6.145103454589844 12
1711709738624 5.141489028930664 13
1711709738891 4.76248025894165 14
1711709739155 4.274653911590576 15
1711709739427 4.121153831481934 16
1711709739695 3.826096296310425 17
1711709739965 3.601276397705078 18
1711709740232 3.3876192569732666 19
1711709740500 3.5116569995880127 20
1711709740732 3.182626247406006 21
1711709740999 2.850918769836426 22
1711709741267 2.829977512359619 23
1711709741497 2.8060920238494873 24
1711709741769 2.7333545684814453 25
1711709742001 2.4923653602600098 26
1711709742268 2.3566150665283203 27
1711709742533 2.386983871459961 28
1711709742766 2.3092596530914307 29
1711709743032 2.098733425140381 30
1711709743343 1.955168604850769 31
1711709743606 1.8677558898925781 32
1711709743874 1.727049708366394 33
1711709744139 1.7004201412200928 34
1711709744406 1.6319639682769775 35
1711709744638 1.784393072128296 36
1711709744868 1.7147934436798096 37
