1711709714809 5766.03857421875 0
1711709715079 560.3583374023438 1
1711709715347 119.86512756347656 2
1711709715620 70.13198852539062 3
1711709715887 42.99208068847656 4
1711709716155 28.500303268432617 5
1711709716418 22.567970275878906 6
1711709716684 19.139942169189453 7
1711709716952 16.75345230102539 8
1711709717218 14.614877700805664 9
1711709717485 12.818486213684082 10
1711709717719 11.244739532470703 11
1711709717984 10.091385841369629 12
1711709718250 8.926972389221191 13
1711709718514 7.900080680847168 14
1711709718780 7.237775802612305 15
1711709719045 6.592952728271484 16
1711709719314 5.982996940612793 17
1711709719668 5.344638824462891 18
1711709719948 4.965424537658691 19
1711709720184 4.602232933044434 20
1711709720448 4.412820339202881 21
1711709720718 4.316137790679932 22
1711709720950 3.6712112426757812 23
1711709721215 3.7490103244781494 24
1711709721479 3.2950963973999023 25
1711709721717 3.3035078048706055 26
1711709721982 2.8222579956054688 27
1711709722247 2.5732901096343994 28
1711709722511 2.3968632221221924 29
1711709722775 2.1564574241638184 30
1711709723044 2.069371223449707 31
1711709723277 1.840922236442566 32
1711709723540 1.7907698154449463 33
1711709723801 1.6460914611816406 34
1711709724070 1.5555094480514526 35
1711709724335 1.4494625329971313 36
1711709724597 1.230665683746338 37
1711709724866 1.1507725715637207 38
1711709725132 1.2680861949920654 39
1711709725397 1.0471500158309937 40
1711709725662 1.031309723854065 41
1711709725924 0.9753857254981995 42
1711709726158 0.8633476495742798 43
1711709726422 0.7664104104042053 44
1711709726706 0.6851299405097961 45
1711709726970 0.6926327347755432 46
1711709727205 0.6760120391845703 47
1711709727486 0.8142971992492676 48
1711709727794 0.653911292552948 49
