1711709714809 57.88978576660156 0
1711709715079 17.37189292907715 1
1711709715347 7.486196517944336 2
1711709715620 5.496936798095703 3
1711709715887 4.319125175476074 4
1711709716155 3.648831844329834 5
1711709716418 3.3451247215270996 6
1711709716684 3.1358416080474854 7
1711709716952 2.964641809463501 8
1711709717218 2.7799618244171143 9
1711709717485 2.6117119789123535 10
1711709717719 2.460827112197876 11
1711709717984 2.3325445652008057 12
1711709718250 2.2022969722747803 13
1711709718514 2.0700418949127197 14
1711709718780 1.9848980903625488 15
1711709719045 1.9003301858901978 16
1711709719314 1.8079828023910522 17
1711709719668 1.7086219787597656 18
1711709719948 1.6463065147399902 19
1711709720184 1.5867295265197754 20
1711709720448 1.565539002418518 21
1711709720718 1.5533947944641113 22
1711709720950 1.4170465469360352 23
1711709721215 1.4489260911941528 24
1711709721479 1.3405005931854248 25
1711709721717 1.352879285812378 26
1711709721982 1.2451908588409424 27
1711709722247 1.1874927282333374 28
1711709722511 1.1403545141220093 29
1711709722775 1.0848205089569092 30
1711709723044 1.0677525997161865 31
1711709723277 1.0018681287765503 32
1711709723540 0.9942803978919983 33
1711709723801 0.9562368988990784 34
1711709724070 0.9337038397789001 35
1711709724335 0.9057643413543701 36
1711709724597 0.8275130987167358 37
1711709724866 0.8062436580657959 38
1711709725132 0.8512275218963623 39
1711709725397 0.7695576548576355 40
1711709725662 0.7663854360580444 41
1711709725924 0.7484044432640076 42
1711709726158 0.699074387550354 43
1711709726422 0.6567895412445068 44
1711709726706 0.6186214685440063 45
1711709726970 0.6287732720375061 46
1711709727205 0.6192089319229126 47
1711709727486 0.6805667877197266 48
1711709727794 0.6129814386367798 49
