1711713846302 5437.67626953125 0
1711713846577 512.6068115234375 1
1711713846858 131.37454223632812 2
1711713847131 78.01165008544922 3
1711713847405 48.319271087646484 4
1711713847673 32.343692779541016 5
1711713847945 24.523099899291992 6
1711713848218 18.46823501586914 7
1711713848486 14.484692573547363 8
1711713848814 11.67231273651123 9
1711713849094 9.63602352142334 10
1711713849361 7.99700927734375 11
1711713849633 6.674126148223877 12
1711713849898 6.045934677124023 13
1711713850169 4.931196689605713 14
1711713850437 4.470859050750732 15
1711713850707 3.919959306716919 16
1711713850941 3.708184003829956 17
1711713851212 3.312394142150879 18
1711713851477 3.150620698928833 19
1711713851752 2.7831664085388184 20
1711713852021 2.5656487941741943 21
1711713852301 2.5731277465820312 22
1711713852574 2.3683979511260986 23
1711713852841 2.1680212020874023 24
1711713853133 2.079721689224243 25
1711713853398 1.9113208055496216 26
1711713853638 1.8057187795639038 27
1711713853903 1.8443822860717773 28
1711713854172 1.676027536392212 29
1711713854411 1.5973572731018066 30
1711713854676 1.613853931427002 31
1711713854944 1.4511207342147827 32
1711713855213 1.514527440071106 33
1711713855482 1.318215012550354 34
1711713855722 1.246647596359253 35
1711713855988 1.2692382335662842 36
1711713856256 1.2974945306777954 37
1711713856492 1.2289663553237915 38
1711713856728 1.1350898742675781 39
