1711713846302 56.00507736206055 0
1711713846577 16.852500915527344 1
1711713846858 7.699650764465332 2
1711713847131 5.715855121612549 3
1711713847405 4.4996018409729 4
1711713847673 3.8028173446655273 5
1711713847945 3.413494110107422 6
1711713848218 2.954144239425659 7
1711713848486 2.621689558029175 8
1711713848814 2.362901210784912 9
1711713849094 2.1864824295043945 10
1711713849361 1.996192216873169 11
1711713849633 1.8433074951171875 12
1711713849898 1.7819501161575317 13
1711713850169 1.6007119417190552 14
1711713850437 1.5416873693466187 15
1711713850707 1.4494417905807495 16
1711713850941 1.4210261106491089 17
1711713851212 1.3460946083068848 18
1711713851477 1.3275444507598877 19
1711713851752 1.239135503768921 20
1711713852021 1.186152458190918 21
1711713852301 1.2085093259811401 22
1711713852574 1.1485663652420044 23
1711713852841 1.1019457578659058 24
1711713853133 1.084190011024475 25
1711713853398 1.0375863313674927 26
1711713853638 1.0118122100830078 27
1711713853903 1.0288294553756714 28
1711713854172 0.9810317158699036 29
1711713854411 0.958277702331543 30
1711713854676 0.9630997776985168 31
1711713854944 0.9166675806045532 32
1711713855213 0.9381158351898193 33
1711713855482 0.8742350339889526 34
1711713855722 0.8442716598510742 35
1711713855988 0.858210027217865 36
1711713856256 0.8697425127029419 37
1711713856492 0.8503818511962891 38
1711713856728 0.8107852935791016 39
