1711712986210 6231.06103515625 0
1711712986487 867.4864501953125 1
1711712986759 150.5867919921875 2
1711712987028 88.13636779785156 3
1711712987297 57.21764373779297 4
1711712987567 37.606056213378906 5
1711712987834 24.09195327758789 6
1711712988106 17.54458999633789 7
1711712988371 13.746282577514648 8
1711712988642 11.472445487976074 9
1711712988910 9.993261337280273 10
1711712989183 8.417813301086426 11
1711712989450 7.449230194091797 12
1711712989721 6.55787992477417 13
1711712989987 5.843634605407715 14
1711712990254 5.388609409332275 15
1711712990523 4.687395095825195 16
1711712990800 4.513376712799072 17
1711712991065 3.8617162704467773 18
1711712991332 3.6273021697998047 19
1711712991622 3.374688148498535 20
1711712991887 3.1921074390411377 21
1711712992155 2.9720404148101807 22
1711712992388 2.811648368835449 23
1711712992656 2.635843276977539 24
1711712992890 2.436580181121826 25
1711712993155 2.2940120697021484 26
1711712993421 2.1514198780059814 27
1711712993687 2.1196184158325195 28
1711712993925 2.010472297668457 29
1711712994193 1.8955096006393433 30
1711712994456 1.7268247604370117 31
1711712994738 1.7062002420425415 32
1711712995008 1.5817389488220215 33
1711712995239 1.4775633811950684 34
1711712995504 1.426737666130066 35
1711712995774 1.3990428447723389 36
1711712996003 1.4283078908920288 37
1711712996270 1.271396517753601 38
1711712996545 1.1927709579467773 39
1711712996808 1.2617326974868774 40
1711712997045 1.1674327850341797 41
1711712997309 1.0162283182144165 42
1711712997576 1.1038442850112915 43
1711712997844 0.9135130047798157 44
1711712998110 0.9180683493614197 45
1711712998339 1.133143663406372 46
1711712998607 0.8868312835693359 47
1711712998873 0.8594714403152466 48
1711712999112 0.9836094975471497 49
