1711712986210 60.786964416503906 0
1711712986487 23.137372970581055 1
1711712986759 8.70273494720459 2
1711712987028 6.335067272186279 3
1711712987297 5.090416431427002 4
1711712987567 4.095261096954346 5
1711712987834 3.245424747467041 6
1711712988106 2.87451434135437 7
1711712988371 2.6023197174072266 8
1711712988642 2.394162893295288 9
1711712988910 2.2544264793395996 10
1711712989183 2.076702356338501 11
1711712989450 1.9633270502090454 12
1711712989721 1.8451244831085205 13
1711712989987 1.7524431943893433 14
1711712990254 1.6946414709091187 15
1711712990523 1.5880125761032104 16
1711712990800 1.5700502395629883 17
1711712991065 1.4424519538879395 18
1711712991332 1.409151315689087 19
1711712991622 1.3581621646881104 20
1711712991887 1.3237675428390503 21
1711712992155 1.2837833166122437 22
1711712992388 1.2525553703308105 23
1711712992656 1.2133216857910156 24
1711712992890 1.1604492664337158 25
1711712993155 1.125406265258789 26
1711712993421 1.0965608358383179 27
1711712993687 1.0890079736709595 28
1711712993925 1.0633232593536377 29
1711712994193 1.030985951423645 30
1711712994456 0.9823355078697205 31
1711712994738 0.9813846945762634 32
1711712995008 0.9465064406394958 33
1711712995239 0.9148446917533875 34
1711712995504 0.8938124775886536 35
1711712995774 0.884745180606842 36
1711712996003 0.9056385159492493 37
1711712996270 0.8497402667999268 38
1711712996545 0.8210281133651733 39
1711712996808 0.8440514206886292 40
1711712997045 0.8165080547332764 41
1711712997309 0.7565537095069885 42
1711712997576 0.7901713848114014 43
1711712997844 0.7178550958633423 44
1711712998110 0.7221245765686035 45
1711712998339 0.8050439953804016 46
1711712998607 0.7084625363349915 47
1711712998873 0.6978476047515869 48
1711712999112 0.7499793767929077 49
