1711713521601 59.17731857299805 0
1711713521996 21.076528549194336 1
1711713522386 8.119806289672852 2
1711713522732 5.893677234649658 3
1711713523002 4.426004886627197 4
1711713523271 3.605502128601074 5
1711713523545 3.0229597091674805 6
1711713523812 2.704587936401367 7
1711713524077 2.435703754425049 8
1711713524347 2.2140800952911377 9
1711713524659 2.02843976020813 10
1711713524928 1.8729708194732666 11
1711713525197 1.7385950088500977 12
1711713525464 1.6301305294036865 13
1711713525733 1.5365309715270996 14
1711713526004 1.4712493419647217 15
1711713526270 1.4263098239898682 16
1711713526533 1.3672560453414917 17
1711713526800 1.343924641609192 18
1711713527038 1.2803454399108887 19
1711713527303 1.2443464994430542 20
1711713527576 1.198914647102356 21
1711713527840 1.1793113946914673 22
1711713528107 1.1163766384124756 23
1711713528340 1.1398310661315918 24
1711713528610 1.0734716653823853 25
1711713528875 0.9977976679801941 26
1711713529141 0.9376797676086426 27
1711713529408 0.8986994624137878 28
1711713529676 0.8862788081169128 29
1711713529942 0.8326733112335205 30
1711713530211 0.8021389245986938 31
1711713530440 0.7743179798126221 32
1711713530709 0.7677225470542908 33
1711713530973 0.7495520114898682 34
1711713531211 0.7144433856010437 35
1711713531474 0.6728677749633789 36
1711713531710 0.6591724157333374 37
1711713532033 0.6263697743415833 38
1711713532277 0.6204086542129517 39
1711713532545 0.6046241521835327 40
