1711713521601 5957.421875 0
1711713521996 751.4290771484375 1
1711713522386 144.67120361328125 2
1711713522732 83.56786346435547 3
1711713523002 48.248844146728516 4
1711713523271 30.2982120513916 5
1711713523545 20.290863037109375 6
1711713523812 15.24539566040039 7
1711713524077 11.97347354888916 8
1711713524347 9.6361722946167 9
1711713524659 8.085667610168457 10
1711713524928 6.82283878326416 11
1711713525197 5.819502830505371 12
1711713525464 5.076425075531006 13
1711713525733 4.485419750213623 14
1711713526004 4.0674543380737305 15
1711713526270 3.768057107925415 16
1711713526533 3.469660997390747 17
1711713526800 3.2887353897094727 18
1711713527038 2.9995334148406982 19
1711713527303 2.822021245956421 20
1711713527576 2.60541033744812 21
1711713527840 2.5401740074157715 22
1711713528107 2.257477283477783 23
1711713528340 2.317859649658203 24
1711713528610 2.0557336807250977 25
1711713528875 1.8023707866668701 26
1711713529141 1.6099956035614014 27
1711713529408 1.4705673456192017 28
1711713529676 1.4256705045700073 29
1711713529942 1.2662817239761353 30
1711713530211 1.1744661331176758 31
1711713530440 1.1022300720214844 32
1711713530709 1.0737379789352417 33
1711713530973 1.0098897218704224 34
1711713531211 0.9142528176307678 35
1711713531474 0.8265125751495361 36
1711713531710 0.783928394317627 37
1711713532033 0.7156360149383545 38
1711713532277 0.6949055194854736 39
1711713532545 0.6519497632980347 40
