1711712501609 61.32221221923828 0
1711712501879 23.788850784301758 1
1711712502153 8.427590370178223 2
1711712502422 5.716217517852783 3
1711712502689 4.4247002601623535 4
1711712502957 3.908158779144287 5
1711712503230 3.5558242797851562 6
1711712503494 3.257888078689575 7
1711712503763 3.0093846321105957 8
1711712504033 2.7430167198181152 9
1711712504304 2.486370086669922 10
1711712504572 2.2793750762939453 11
1711712504841 2.085820198059082 12
1711712505112 1.9981611967086792 13
1711712505381 1.8229339122772217 14
1711712505649 1.6878784894943237 15
1711712505914 1.6502736806869507 16
1711712506182 1.570614218711853 17
1711712506453 1.4508395195007324 18
1711712506718 1.4007076025009155 19
1711712506987 1.3967437744140625 20
1711712507255 1.3419095277786255 21
1711712507525 1.3058143854141235 22
1711712507789 1.2719062566757202 23
1711712508029 1.2259950637817383 24
1711712508294 1.2025583982467651 25
1711712508529 1.1840722560882568 26
1711712508796 1.1657907962799072 27
1711712509073 1.126653790473938 28
1711712509389 1.1005287170410156 29
1711712509659 1.0900732278823853 30
1711712509897 1.0909358263015747 31
1711712510163 1.0436584949493408 32
1711712510402 1.029153823852539 33
1711712510671 0.9954152703285217 34
1711712510908 1.0066012144088745 35
1711712511176 1.0033073425292969 36
1711712511411 0.9989072680473328 37
1711712511676 0.9790603518486023 38
1711712511947 0.9542821049690247 39
1711712512210 0.9260439872741699 40
1711712512445 0.9390028715133667 41
1711712512712 0.8782979249954224 42
1711712512979 0.9135534763336182 43
1711712513217 0.8491595387458801 44
1711712513449 0.8468567132949829 45
1711712513716 0.8274388313293457 46
1711712513984 0.7903546690940857 47
1711712514256 0.8142149448394775 48
1711712514488 0.798253059387207 49
