1711712501609 6284.3623046875 0
1711712501879 919.3424072265625 1
1711712502153 146.47817993164062 2
1711712502422 77.0171890258789 3
1711712502689 46.09130859375 4
1711712502957 32.76966857910156 5
1711712503230 25.708993911743164 6
1711712503494 20.9749698638916 7
1711712503763 17.825092315673828 8
1711712504033 14.77387523651123 9
1711712504304 12.13596248626709 10
1711712504572 10.151383399963379 11
1711712504841 8.392273902893066 12
1711712505112 7.569478988647461 13
1711712505381 6.25714111328125 14
1711712505649 5.352076053619385 15
1711712505914 4.994109630584717 16
1711712506182 4.472385406494141 17
1711712506453 3.8409786224365234 18
1711712506718 3.597583532333374 19
1711712506987 3.500009775161743 20
1711712507255 3.210744857788086 21
1711712507525 3.032590627670288 22
1711712507789 2.8482422828674316 23
1711712508029 2.6375808715820312 24
1711712508294 2.5543594360351562 25
1711712508529 2.4469149112701416 26
1711712508796 2.394315481185913 27
1711712509073 2.218198537826538 28
1711712509389 2.121077060699463 29
1711712509659 2.0635344982147217 30
1711712509897 2.057281732559204 31
1711712510163 1.9002768993377686 32
1711712510402 1.8421823978424072 33
1711712510671 1.7173646688461304 34
1711712510908 1.7716810703277588 35
1711712511176 1.743456244468689 36
1711712511411 1.7264176607131958 37
1711712511676 1.6571910381317139 38
1711712511947 1.5887919664382935 39
1711712512210 1.5014311075210571 40
1711712512445 1.5212934017181396 41
1711712512712 1.3414024114608765 42
1711712512979 1.4404635429382324 43
1711712513217 1.2511898279190063 44
1711712513449 1.2428781986236572 45
1711712513716 1.1755530834197998 46
1711712513984 1.086735486984253 47
1711712514256 1.1431843042373657 48
1711712514488 1.0988926887512207 49
