1711714076220 6127.9775390625 0
1711714076492 1004.4734497070312 1
1711714076765 155.1521759033203 2
1711714077035 87.64385986328125 3
1711714077310 53.331443786621094 4
1711714077623 34.25340270996094 5
1711714077892 24.381940841674805 6
1711714078165 17.36383056640625 7
1711714078429 12.441532135009766 8
1711714078700 9.410398483276367 9
1711714078969 7.333282947540283 10
1711714079238 6.0438456535339355 11
1711714079512 5.212867736816406 12
1711714079794 4.551348686218262 13
1711714080063 4.20148229598999 14
1711714080331 3.7036352157592773 15
1711714080600 3.4822962284088135 16
1711714080868 3.1004714965820312 17
1711714081136 3.0080628395080566 18
1711714081409 2.7529969215393066 19
1711714081677 2.6227493286132812 20
1711714081908 2.5793533325195312 21
1711714082145 2.398074150085449 22
1711714082414 2.3225350379943848 23
1711714082681 2.1342127323150635 24
1711714082914 1.901332974433899 25
1711714083180 1.861103892326355 26
1711714083414 1.6753143072128296 27
1711714083683 1.5869096517562866 28
1711714083918 1.6089814901351929 29
1711714084158 1.6958975791931152 30
