1711714076220 60.90424346923828 0
1711714076492 25.147363662719727 1
1711714076765 8.61084270477295 2
1711714077035 6.234007358551025 3
1711714077310 4.841557502746582 4
1711714077623 3.9269299507141113 5
1711714077892 3.392575263977051 6
1711714078165 2.92754864692688 7
1711714078429 2.521059989929199 8
1711714078700 2.212937593460083 9
1711714078969 1.9722269773483276 10
1711714079238 1.8028498888015747 11
1711714079512 1.6925926208496094 12
1711714079794 1.589306116104126 13
1711714080063 1.538356065750122 14
1711714080331 1.444219708442688 15
1711714080600 1.4106509685516357 16
1711714080868 1.3279553651809692 17
1711714081136 1.3140897750854492 18
1711714081409 1.2567157745361328 19
1711714081677 1.2308870553970337 20
1711714081908 1.2245553731918335 21
1711714082145 1.1754817962646484 22
1711714082414 1.1578640937805176 23
1711714082681 1.107075572013855 24
1711714082914 1.043885350227356 25
1711714083180 1.0308985710144043 26
1711714083414 0.9824805855751038 27
1711714083683 0.9560744166374207 28
1711714083918 0.9639853835105896 29
1711714084158 0.9918381571769714 30
