1711711078503 5492.60400390625 0
1711711078783 610.7456665039062 1
1711711079055 132.36026000976562 2
1711711079325 70.6010513305664 3
1711711079591 41.666168212890625 4
1711711079864 28.393707275390625 5
1711711080133 21.591279983520508 6
1711711080403 17.307424545288086 7
1711711080670 13.887216567993164 8
1711711080940 11.60427474975586 9
1711711081209 9.732673645019531 10
1711711081479 8.101033210754395 11
1711711081745 7.401020526885986 12
1711711082017 6.363912582397461 13
1711711082287 6.027212619781494 14
1711711082556 5.600890636444092 15
1711711082787 5.12162971496582 16
1711711083055 4.9599456787109375 17
1711711083295 4.684351444244385 18
1711711083562 4.484287738800049 19
1711711083801 4.457588195800781 20
1711711084069 4.149314880371094 21
