1711711078503 56.585689544677734 0
1711711078783 18.72149658203125 1
1711711079055 7.958890914916992 2
1711711079325 5.604197978973389 3
1711711079591 4.349679470062256 4
1711711079864 3.7216720581054688 5
1711711080133 3.3345417976379395 6
1711711080403 3.025315761566162 7
1711711080670 2.736024856567383 8
1711711080940 2.5124406814575195 9
1711711081209 2.2951714992523193 10
1711711081479 2.0953240394592285 11
1711711081745 2.0131192207336426 12
1711711082017 1.8604404926300049 13
1711711082287 1.8216361999511719 14
1711711082556 1.752523422241211 15
1711711082787 1.6843639612197876 16
1711711083055 1.6652883291244507 17
1711711083295 1.6163252592086792 18
1711711083562 1.589045763015747 19
1711711083801 1.5936444997787476 20
1711711084069 1.5319008827209473 21
