1711708319547 59.034034729003906 0
1711708319822 20.87982940673828 1
1711708320095 8.7855224609375 2
1711708320360 6.4270148277282715 3
1711708320627 4.836658954620361 4
1711708320897 3.677962303161621 5
1711708321201 3.1620066165924072 6
1711708321468 2.832953691482544 7
1711708321733 2.576148509979248 8
1711708322048 2.335550308227539 9
1711708322336 2.1058881282806396 10
1711708322602 1.9232347011566162 11
1711708322875 1.7638570070266724 12
1711708323155 1.621996283531189 13
1711708323421 1.5388047695159912 14
1711708323691 1.4693779945373535 15
1711708323957 1.4447722434997559 16
1711708324220 1.4131765365600586 17
1711708324486 1.3352731466293335 18
1711708324752 1.3013015985488892 19
1711708324989 1.2587147951126099 20
1711708325258 1.2155691385269165 21
1711708325520 1.1813385486602783 22
1711708325753 1.1627556085586548 23
1711708326019 1.120571255683899 24
1711708326284 1.1128920316696167 25
1711708326550 1.0933173894882202 26
1711708326816 1.022704005241394 27
1711708327049 0.9803454875946045 28
1711708327281 0.9642470479011536 29
1711708327543 0.9090731739997864 30
1711708327812 0.8803123235702515 31
1711708328075 0.8288768529891968 32
1711708328336 0.8008041977882385 33
1711708328572 0.7917882204055786 34
1711708328805 0.8613134026527405 35
1711708329070 0.7225944399833679 36
1711708329336 0.7529440522193909 37
1711708329565 0.7541691064834595 38
1711708329839 0.7049596905708313 39
