1711708319547 5849.8408203125 0
1711708319822 742.5858764648438 1
1711708320095 158.93125915527344 2
1711708320360 90.18110656738281 3
1711708320627 52.60554122924805 4
1711708320897 30.141284942626953 5
1711708321201 20.628555297851562 6
1711708321468 15.767875671386719 7
1711708321733 12.750650405883789 8
1711708322048 10.407858848571777 9
1711708322336 8.428455352783203 10
1711708322602 7.035092830657959 11
1711708322875 5.881011962890625 12
1711708323155 4.914755344390869 13
1711708323421 4.39372444152832 14
1711708323691 3.960085868835449 15
1711708323957 3.7881226539611816 16
1711708324220 3.588960886001587 17
1711708324486 3.1785717010498047 18
1711708324752 3.0336408615112305 19
1711708324989 2.838623046875 20
1711708325258 2.643383026123047 21
1711708325520 2.502474308013916 22
1711708325753 2.4130446910858154 23
1711708326019 2.2360825538635254 24
1711708326284 2.1825411319732666 25
1711708326550 2.0724477767944336 26
1711708326816 1.8375394344329834 27
1711708327049 1.6938449144363403 28
1711708327281 1.6238676309585571 29
1711708327543 1.4451324939727783 30
1711708327812 1.3486491441726685 31
1711708328075 1.2113856077194214 32
1711708328336 1.124725341796875 33
1711708328572 1.102107286453247 34
1711708328805 1.2830314636230469 35
1711708329070 0.9046742916107178 36
1711708329336 0.9614126682281494 37
1711708329565 0.9589072465896606 38
1711708329839 0.8546600341796875 39
