1711710779954 6051.978515625 0
1711710780231 874.813720703125 1
1711710780502 157.89260864257812 2
1711710780770 82.20726013183594 3
1711710781037 45.05574035644531 4
1711710781308 28.684843063354492 5
1711710781575 20.585615158081055 6
1711710781842 15.2714204788208 7
1711710782111 11.253684997558594 8
1711710782375 9.147563934326172 9
1711710782644 7.5083160400390625 10
1711710782916 6.563656330108643 11
1711710783182 5.53632926940918 12
1711710783450 4.856847763061523 13
1711710783718 4.295731544494629 14
1711710784062 4.006539821624756 15
1711710784332 3.546489953994751 16
1711710784622 3.394625425338745 17
1711710784891 3.0022430419921875 18
1711710785174 2.8746886253356934 19
1711710785411 2.7744452953338623 20
1711710785678 2.701289653778076 21
1711710785907 2.453033447265625 22
1711710786173 2.3973171710968018 23
1711710786444 2.085503101348877 24
1711710786711 1.9548590183258057 25
1711710786939 1.8832443952560425 26
1711710787210 1.9056296348571777 27
1711710787472 1.6983181238174438 28
1711710787709 1.751257061958313 29
1711710787972 1.559274435043335 30
1711710788239 1.570022702217102 31
1711710788473 1.3388323783874512 32
1711710788743 1.2442269325256348 33
