1711710779954 59.85855484008789 0
1711710780231 23.0181884765625 1
1711710780502 9.032992362976074 2
1711710780770 6.0635881423950195 3
1711710781037 4.313253402709961 4
1711710781308 3.5151078701019287 5
1711710781575 3.03525710105896 6
1711710781842 2.655475378036499 7
1711710782111 2.272775173187256 8
1711710782375 2.094628095626831 9
1711710782644 1.909212589263916 10
1711710782916 1.8173919916152954 11
1711710783182 1.6786710023880005 12
1711710783450 1.578604817390442 13
1711710783718 1.4982987642288208 14
1711710784062 1.4665489196777344 15
1711710784332 1.3753859996795654 16
1711710784622 1.363590955734253 17
1711710784891 1.2776002883911133 18
1711710785174 1.2626978158950806 19
1711710785411 1.2406926155090332 20
1711710785678 1.2319207191467285 21
1711710785907 1.1720269918441772 22
1711710786173 1.1591753959655762 23
1711710786444 1.0767829418182373 24
1711710786711 1.0460481643676758 25
1711710786939 1.0262144804000854 26
1711710787210 1.0357764959335327 27
1711710787472 0.9800707101821899 28
1711710787709 1.0063103437423706 29
1711710787972 0.9364905953407288 30
1711710788239 0.9493497610092163 31
1711710788473 0.8681184649467468 32
1711710788743 0.8373222351074219 33
