1711712000286 5809.32861328125 0
1711712000566 726.0474853515625 1
1711712000837 135.36758422851562 2
1711712001112 73.7221908569336 3
1711712001420 44.22888946533203 4
1711712001693 29.948854446411133 5
1711712001963 23.71868896484375 6
1711712002232 18.181724548339844 7
1711712002505 15.134075164794922 8
1711712002772 13.031054496765137 9
1711712003046 10.85389518737793 10
1711712003313 9.29168701171875 11
1711712003585 8.460057258605957 12
1711712003855 7.531922817230225 13
1711712004128 6.862718105316162 14
1711712004394 6.5975518226623535 15
1711712004665 6.3302226066589355 16
1711712004932 5.798772811889648 17
1711712005168 5.651815891265869 18
1711712005442 5.402791500091553 19
1711712005676 5.40090799331665 20
1711712005946 5.037511825561523 21
1711712006178 5.1314191818237305 22
1711712006448 4.979255199432373 23
1711712006679 4.886500835418701 24
1711712006947 5.285082817077637 25
1711712007184 4.903573989868164 26
1711712007417 4.676337718963623 27
1711712007684 4.666389465332031 28
1711712007924 4.608983039855957 29
1711712008193 4.443307876586914 30
