1711712000286 58.54798889160156 0
1711712000566 20.655807495117188 1
1711712000837 7.955699920654297 2
1711712001112 5.551844596862793 3
1711712001420 4.3204474449157715 4
1711712001693 3.678851366043091 5
1711712001963 3.4170191287994385 6
1711712002232 3.005976676940918 7
1711712002505 2.7889647483825684 8
1711712002772 2.6151363849639893 9
1711712003046 2.3804848194122314 10
1711712003313 2.20829176902771 11
1711712003585 2.1199827194213867 12
1711712003855 2.0070347785949707 13
1711712004128 1.9198291301727295 14
1711712004394 1.8847109079360962 15
1711712004665 1.855564832687378 16
1711712004932 1.7616312503814697 17
1711712005168 1.7486891746520996 18
1711712005442 1.7061779499053955 19
1711712005676 1.7111908197402954 20
1711712005946 1.639853835105896 21
1711712006178 1.651723027229309 22
1711712006448 1.6310524940490723 23
1711712006679 1.6191357374191284 24
1711712006947 1.6935408115386963 25
1711712007184 1.6253342628479004 26
1711712007417 1.5694798231124878 27
1711712007684 1.5666621923446655 28
1711712007924 1.5608465671539307 29
1711712008193 1.5184260606765747 30
