1711714018536 5867.0810546875 0
1711714018815 690.0333251953125 1
1711714019088 133.3285369873047 2
1711714019368 72.0721435546875 3
1711714019639 39.7590446472168 4
1711714019908 25.324424743652344 5
1711714020179 17.8917236328125 6
1711714020447 14.299970626831055 7
1711714020717 11.387377738952637 8
1711714020985 9.431836128234863 9
1711714021254 7.974747657775879 10
1711714021523 7.009493827819824 11
1711714021791 6.549135208129883 12
1711714022060 5.5687079429626465 13
1711714022329 5.2412590980529785 14
1711714022600 4.77029275894165 15
1711714022869 4.580249309539795 16
1711714023139 4.216305732727051 17
1711714023407 3.9284496307373047 18
1711714023678 3.705864191055298 19
1711714023908 3.5925862789154053 20
1711714024178 3.413187265396118 21
1711714024486 3.2946677207946777 22
1711714024757 3.1549248695373535 23
1711714025024 2.963902473449707 24
1711714025260 2.7000670433044434 25
1711714025494 2.6887781620025635 26
1711714025762 2.5225863456726074 27
1711714026000 2.3995471000671387 28
1711714026270 2.244194507598877 29
1711714026541 2.1748838424682617 30
1711714026809 2.0121798515319824 31
1711714027079 1.774949550628662 32
1711714027314 1.7243551015853882 33
1711714027583 1.606840968132019 34
1711714027852 1.429280161857605 35
1711714028123 1.5596160888671875 36
1711714028357 1.2784373760223389 37
1711714028625 1.2506866455078125 38
1711714028894 1.2227953672409058 39
1711714029131 1.1139296293258667 40
1711714029402 1.1910336017608643 41
1711714029673 1.0208923816680908 42
1711714029941 0.9926512837409973 43
1711714030178 0.9399031400680542 44
1711714030455 0.8481734991073608 45
1711714030724 0.8726184964179993 46
1711714030992 0.8666304349899292 47
1711714031231 0.799375057220459 48
1711714031643 0.7304056882858276 49
