1711714018536 58.63980484008789 0
1711714018815 19.93010711669922 1
1711714019088 7.929556369781494 2
1711714019368 5.5639190673828125 3
1711714019639 4.129645824432373 4
1711714019908 3.411050319671631 5
1711714020179 2.934664011001587 6
1711714020447 2.6744818687438965 7
1711714020717 2.408243179321289 8
1711714020985 2.2023983001708984 9
1711714021254 2.0394704341888428 10
1711714021523 1.9278762340545654 11
1711714021791 1.8841172456741333 12
1711714022060 1.7299537658691406 13
1711714022329 1.693385362625122 14
1711714022600 1.6127010583877563 15
1711714022869 1.5872321128845215 16
1711714023139 1.5274910926818848 17
1711714023407 1.4636414051055908 18
1711714023678 1.425892949104309 19
1711714023908 1.4133130311965942 20
1711714024178 1.369337558746338 21
1711714024486 1.3498644828796387 22
1711714024757 1.3225208520889282 23
1711714025024 1.2816884517669678 24
1711714025260 1.2136203050613403 25
1711714025494 1.2197710275650024 26
1711714025762 1.181178331375122 27
1711714026000 1.1597187519073486 28
1711714026270 1.1103721857070923 29
1711714026541 1.0971095561981201 30
1711714026809 1.0581332445144653 31
1711714027079 0.9935832619667053 32
1711714027314 0.975046694278717 33
1711714027583 0.9443427324295044 34
1711714027852 0.888029158115387 35
1711714028123 0.9384936690330505 36
1711714028357 0.8388009667396545 37
1711714028625 0.8348613977432251 38
1711714028894 0.8247667551040649 39
1711714029131 0.7879130840301514 40
1711714029402 0.8232851028442383 41
1711714029673 0.756249189376831 42
1711714029941 0.7416220903396606 43
1711714030178 0.7281846404075623 44
1711714030455 0.6864545941352844 45
1711714030724 0.7026476263999939 46
1711714030992 0.7004889249801636 47
1711714031231 0.6689080595970154 48
1711714031643 0.6440392732620239 49
