1711712413679 5743.01123046875 0
1711712413953 610.2859497070312 1
1711712414229 129.06996154785156 2
1711712414498 73.4473876953125 3
1711712414772 46.14189147949219 4
1711712415044 31.894346237182617 5
1711712415315 24.35617446899414 6
1711712415582 19.931856155395508 7
1711712415852 16.83893394470215 8
1711712416177 13.8066987991333 9
1711712416451 11.698628425598145 10
1711712416732 10.006720542907715 11
1711712417008 8.617247581481934 12
1711712417273 7.963400840759277 13
1711712417568 7.4987311363220215 14
1711712417834 6.861353397369385 15
1711712418076 6.632809162139893 16
1711712418346 6.156778335571289 17
1711712418611 6.264407634735107 18
1711712418883 5.405857563018799 19
1711712419149 5.139389514923096 20
1711712419419 4.638210296630859 21
1711712419686 4.711165904998779 22
1711712419950 4.250975608825684 23
1711712420223 3.8197286128997803 24
1711712420489 3.74176025390625 25
1711712420758 3.519843339920044 26
1711712420993 3.3024585247039795 27
1711712421260 3.1711807250976562 28
1711712421527 2.8926174640655518 29
1711712421760 2.676469087600708 30
1711712422026 2.488429546356201 31
1711712422260 2.4804792404174805 32
1711712422531 2.4958105087280273 33
1711712422798 2.2553563117980957 34
1711712423067 1.9331996440887451 35
1711712423300 1.9473588466644287 36
1711712423617 1.8322350978851318 37
1711712423892 1.6370489597320557 38
1711712424158 1.6027705669403076 39
1711712424429 1.3369227647781372 40
1711712424660 1.306715488433838 41
1711712424931 1.4299341440200806 42
1711712425199 1.1180684566497803 43
1711712425435 1.0907024145126343 44
1711712425669 1.1162164211273193 45
1711712425939 0.9807101488113403 46
1711712426207 0.9242749810218811 47
1711712426441 0.7889145612716675 48
1711712426707 0.8013404011726379 49
