1711712413679 57.98781204223633 0
1711712413953 18.354143142700195 1
1711712414229 7.913545608520508 2
1711712414498 5.72939395904541 3
1711712414772 4.560725688934326 4
1711712415044 3.913076877593994 5
1711712415315 3.5035767555236816 6
1711712415582 3.221156120300293 7
1711712415852 2.976046085357666 8
1711712416177 2.694241523742676 9
1711712416451 2.4755873680114746 10
1711712416732 2.2827889919281006 11
1711712417008 2.116070032119751 12
1711712417273 2.0464699268341064 13
1711712417568 2.000992774963379 14
1711712417834 1.9113342761993408 15
1711712418076 1.8932474851608276 16
1711712418346 1.825857162475586 17
1711712418611 1.8411669731140137 18
1711712418883 1.7069830894470215 19
1711712419149 1.6655811071395874 20
1711712419419 1.5804201364517212 21
1711712419686 1.6074892282485962 22
1711712419950 1.5271700620651245 23
1711712420223 1.4378020763397217 24
1711712420489 1.4279727935791016 25
1711712420758 1.3817321062088013 26
1711712420993 1.3420993089675903 27
1711712421260 1.3131176233291626 28
1711712421527 1.2517421245574951 29
1711712421760 1.190567135810852 30
1711712422026 1.1513683795928955 31
1711712422260 1.1606330871582031 32
1711712422531 1.1675045490264893 33
1711712422798 1.1069852113723755 34
1711712423067 1.0225874185562134 35
1711712423300 1.0299935340881348 36
1711712423617 1.0010789632797241 37
1711712423892 0.94014972448349 38
1711712424158 0.9347224831581116 39
1711712424429 0.8401283025741577 40
1711712424660 0.8418546319007874 41
1711712424931 0.8928670287132263 42
1711712425199 0.7736499309539795 43
1711712425435 0.7716638445854187 44
1711712425669 0.7890030145645142 45
1711712425939 0.7343941926956177 46
1711712426207 0.7183635234832764 47
1711712426441 0.653662383556366 48
1711712426707 0.6668335795402527 49
