1711713023001 61.74805450439453 0
1711713023277 21.472116470336914 1
1711713023546 7.5107502937316895 2
1711713023816 5.74799108505249 3
1711713024090 4.760648727416992 4
1711713024357 4.1545538902282715 5
1711713024626 3.3922367095947266 6
1711713024901 2.9221620559692383 7
1711713025169 2.589914560317993 8
1711713025438 2.3988099098205566 9
1711713025717 2.2151236534118652 10
1711713025984 2.0925776958465576 11
1711713026254 1.9402563571929932 12
1711713026532 1.8397084474563599 13
1711713026800 1.7439980506896973 14
1711713027068 1.6439815759658813 15
1711713027360 1.5668020248413086 16
1711713027629 1.4889723062515259 17
1711713027904 1.4835909605026245 18
1711713028170 1.433573603630066 19
1711713028438 1.3906280994415283 20
1711713028709 1.326841950416565 21
1711713028940 1.3482669591903687 22
1711713029207 1.2565197944641113 23
1711713029474 1.219721794128418 24
1711713029747 1.2009984254837036 25
1711713030045 1.1992167234420776 26
1711713030333 1.1423276662826538 27
1711713030567 1.1301966905593872 28
1711713030831 1.124725341796875 29
1711713031106 1.047188401222229 30
1711713031369 1.0409409999847412 31
1711713031610 0.9863706231117249 32
1711713031877 1.008833646774292 33
1711713032111 0.9619407057762146 34
1711713032379 0.917794406414032 35
1711713032614 0.9578091502189636 36
1711713032885 0.898040235042572 37
1711713033119 0.8799062371253967 38
1711713033384 0.8796039819717407 39
1711713033618 0.831112265586853 40
1711713033885 0.8381797671318054 41
