1711713023001 6441.62744140625 0
1711713023277 791.674560546875 1
1711713023546 125.10462188720703 2
1711713023816 74.8287124633789 3
1711713024090 50.635475158691406 4
1711713024357 36.74222946166992 5
1711713024626 25.085176467895508 6
1711713024901 18.425413131713867 7
1711713025169 14.292402267456055 8
1711713025438 11.778604507446289 9
1711713025717 9.8995943069458 10
1711713025984 8.622908592224121 11
1711713026254 7.397844314575195 12
1711713026532 6.617242813110352 13
1711713026800 5.905535697937012 14
1711713027068 5.276243209838867 15
1711713027360 4.742591381072998 16
1711713027629 4.2144856452941895 17
1711713027904 4.162374496459961 18
1711713028170 3.8383126258850098 19
1711713028438 3.550827980041504 20
1711713028709 3.2282495498657227 21
1711713028940 3.2715306282043457 22
1711713029207 2.876396894454956 23
1711713029474 2.6983532905578613 24
1711713029747 2.603529453277588 25
1711713030045 2.55387806892395 26
1711713030333 2.332819700241089 27
1711713030567 2.26676869392395 28
1711713030831 2.2090322971343994 29
1711713031106 1.9414705038070679 30
1711713031369 1.9094319343566895 31
1711713031610 1.7224851846694946 32
1711713031877 1.7867863178253174 33
1711713032111 1.6245282888412476 34
1711713032379 1.4805585145950317 35
1711713032614 1.6123319864273071 36
1711713032885 1.4239131212234497 37
1711713033119 1.3559736013412476 38
1711713033384 1.340213418006897 39
1711713033618 1.2129871845245361 40
1711713033885 1.2115017175674438 41
