1711709043690 5725.56787109375 0
1711709043962 589.1552124023438 1
1711709044234 121.45835876464844 2
1711709044503 64.89822387695312 3
1711709044774 38.01459503173828 4
1711709045038 24.714649200439453 5
1711709045310 18.5360164642334 6
1711709045579 15.04905891418457 7
1711709045847 13.052398681640625 8
1711709046116 11.151630401611328 9
1711709046386 9.281304359436035 10
1711709046651 8.001800537109375 11
1711709046922 7.2700700759887695 12
1711709047155 6.484856128692627 13
1711709047429 5.949496746063232 14
1711709047698 5.548999309539795 15
1711709047961 5.433802604675293 16
1711709048198 4.8581390380859375 17
1711709048465 4.734781265258789 18
1711709048775 4.842833042144775 19
1711709049040 4.4992594718933105 20
1711709049307 4.171406269073486 21
1711709049539 4.242555141448975 22
1711709049809 3.87392258644104 23
1711709050039 3.727571725845337 24
1711709050312 3.7793309688568115 25
1711709050541 3.562148332595825 26
1711709050810 3.719985008239746 27
1711709051077 3.4584593772888184 28
1711709051343 3.2630252838134766 29
1711709051605 3.379693031311035 30
1711709051836 3.154592990875244 31
1711709052104 3.491328477859497 32
1711709052374 2.9668869972229004 33
1711709052641 2.7968955039978027 34
1711709052908 2.8467836380004883 35
1711709053172 2.6898982524871826 36
1711709053403 2.763291120529175 37
1711709053668 2.403977155685425 38
1711709053905 2.331112861633301 39
1711709054171 2.3842382431030273 40
1711709054403 2.4426796436309814 41
1711709054668 2.1841108798980713 42
