1711709043690 57.818912506103516 0
1711709043962 18.023414611816406 1
1711709044234 7.634616851806641 2
1711709044503 5.325298309326172 3
1711709044774 4.086893081665039 4
1711709045038 3.4084603786468506 5
1711709045310 3.0539801120758057 6
1711709045579 2.811922311782837 7
1711709045847 2.64851975440979 8
1711709046116 2.4580893516540527 9
1711709046386 2.233999013900757 10
1711709046651 2.0816121101379395 11
1711709046922 1.9902329444885254 12
1711709047155 1.8812183141708374 13
1711709047429 1.8112117052078247 14
1711709047698 1.7462888956069946 15
1711709047961 1.7401779890060425 16
1711709048198 1.6391916275024414 17
1711709048465 1.61832857131958 18
1711709048775 1.6548699140548706 19
1711709049040 1.5821231603622437 20
1711709049307 1.5187376737594604 21
1711709049539 1.5436233282089233 22
1711709049809 1.4704420566558838 23
1711709050039 1.4428104162216187 24
1711709050312 1.4536958932876587 25
1711709050541 1.4072113037109375 26
1711709050810 1.446336030960083 27
1711709051077 1.3853477239608765 28
1711709051343 1.3479857444763184 29
1711709051605 1.3779432773590088 30
1711709051836 1.3288092613220215 31
1711709052104 1.4046984910964966 32
1711709052374 1.287558674812317 33
1711709052641 1.2515907287597656 34
1711709052908 1.2656173706054688 35
1711709053172 1.2301400899887085 36
1711709053403 1.2545641660690308 37
1711709053668 1.1573727130889893 38
1711709053905 1.1375694274902344 39
1711709054171 1.1593589782714844 40
1711709054403 1.1685218811035156 41
1711709054668 1.1029229164123535 42
