1711713883617 6010.4951171875 0
1711713883891 861.7871704101562 1
1711713884165 132.8671112060547 2
1711713884438 63.02619934082031 3
1711713884705 35.571266174316406 4
1711713884978 24.3966007232666 5
1711713885300 18.723644256591797 6
1711713885571 14.907809257507324 7
1711713885838 12.365038871765137 8
1711713886113 10.483433723449707 9
1711713886379 9.070841789245605 10
1711713886692 7.900491714477539 11
1711713886960 6.8395466804504395 12
1711713887230 6.1830573081970215 13
1711713887500 5.732069492340088 14
1711713887769 5.159579753875732 15
1711713888038 5.057240009307861 16
1711713888308 4.715315341949463 17
1711713888586 4.210059642791748 18
1711713888851 3.935267686843872 19
1711713889121 4.017787933349609 20
1711713889390 3.479318857192993 21
1711713889661 3.356091260910034 22
1711713889900 3.4713916778564453 23
1711713890166 2.873903512954712 24
1711713890403 2.951930046081543 25
1711713890672 2.7271461486816406 26
1711713890906 2.4341561794281006 27
1711713891174 2.3383638858795166 28
1711713891410 2.220421314239502 29
1711713891678 2.0491833686828613 30
1711713891947 1.7754579782485962 31
1711713892214 1.7806591987609863 32
1711713892453 1.759419560432434 33
1711713892721 1.7878365516662598 34
1711713892971 1.475645899772644 35
1711713893241 1.3294180631637573 36
1711713893480 1.2588913440704346 37
1711713893785 1.3282653093338013 38
1711713894021 1.1868033409118652 39
1711713894256 1.296059489250183 40
1711713894528 1.1372435092926025 41
1711713894793 0.913653552532196 42
1711713895050 0.9179837107658386 43
1711713895319 0.9041000604629517 44
1711713895571 0.9840307831764221 45
1711713895837 0.8090538382530212 46
1711713896076 0.8648081421852112 47
1711713896343 0.8493629097938538 48
1711713896573 0.7482076287269592 49
