1711713883617 59.69906997680664 0
1711713883891 22.83016586303711 1
1711713884165 8.085580825805664 2
1711713884438 5.221196174621582 3
1711713884705 3.9207284450531006 4
1711713884978 3.365334987640381 5
1711713885300 3.006641387939453 6
1711713885571 2.724907398223877 7
1711713885838 2.510859489440918 8
1711713886113 2.3277454376220703 9
1711713886379 2.181137800216675 10
1711713886692 2.048448085784912 11
1711713886960 1.9238214492797852 12
1711713887230 1.833557367324829 13
1711713887500 1.7810006141662598 14
1711713887769 1.6899642944335938 15
1711713888038 1.68122136592865 16
1711713888308 1.625868320465088 17
1711713888586 1.538730502128601 18
1711713888851 1.486820101737976 19
1711713889121 1.5090134143829346 20
1711713889390 1.3994907140731812 21
1711713889661 1.3715248107910156 22
1711713889900 1.4119806289672852 23
1711713890166 1.275330901145935 24
1711713890403 1.2911977767944336 25
1711713890672 1.2417553663253784 26
1711713890906 1.1681289672851562 27
1711713891174 1.149449110031128 28
1711713891410 1.1160964965820312 29
1711713891678 1.0738530158996582 30
1711713891947 0.9963377118110657 31
1711713892214 1.001693844795227 32
1711713892453 1.0041310787200928 33
1711713892721 1.0107619762420654 34
1711713892971 0.9046211838722229 35
1711713893241 0.869515061378479 36
1711713893480 0.8388420343399048 37
1711713893785 0.866611659526825 38
1711713894021 0.8199606537818909 39
1711713894256 0.8689132928848267 40
1711713894528 0.8118769526481628 41
1711713894793 0.7182403802871704 42
1711713895050 0.722815990447998 43
1711713895319 0.7179487347602844 44
1711713895571 0.7477214336395264 45
1711713895837 0.6839823126792908 46
1711713896076 0.7031355500221252 47
1711713896343 0.7003884315490723 48
1711713896573 0.6494079232215881 49
