1711709919962 60.362247467041016 0
1711709920241 25.121294021606445 1
1711709920512 8.85461139678955 2
1711709920783 6.242795467376709 3
1711709921051 4.5561676025390625 4
1711709921316 3.574293613433838 5
1711709921582 3.1698875427246094 6
1711709921852 2.914149045944214 7
1711709922120 2.6714587211608887 8
1711709922433 2.508821725845337 9
1711709922710 2.2630553245544434 10
1711709922978 2.1782474517822266 11
1711709923242 2.046743869781494 12
1711709923516 1.848691463470459 13
1711709923803 1.7661240100860596 14
1711709924071 1.6703661680221558 15
1711709924343 1.6365810632705688 16
1711709924618 1.5152949094772339 17
1711709924881 1.4529589414596558 18
1711709925147 1.4399596452713013 19
1711709925415 1.3720914125442505 20
1711709925680 1.3156287670135498 21
1711709925917 1.3084582090377808 22
1711709926183 1.2758421897888184 23
1711709926415 1.249572992324829 24
1711709926648 1.1982543468475342 25
1711709926925 1.121733546257019 26
1711709927195 1.122351884841919 27
1711709927424 1.0838383436203003 28
1711709927694 1.0356594324111938 29
1711709927927 1.013972520828247 30
1711709928189 0.9743921160697937 31
1711709928459 0.9288588166236877 32
1711709928727 0.9521359205245972 33
1711709928993 0.8864037990570068 34
1711709929230 0.8914865851402283 35
1711709929496 0.9094743728637695 36
1711709929790 0.9278743267059326 37
1711709930059 0.8731323480606079 38
1711709930326 0.8486561179161072 39
1711709930557 0.8177606463432312 40
1711709930820 0.7841741442680359 41
1711709931089 0.8637640476226807 42
1711709931357 0.805308997631073 43
1711709931590 0.7831923365592957 44
1711709931855 0.7561507225036621 45
