1711709919962 6196.53515625 0
1711709920241 970.7017822265625 1
1711709920512 160.9619598388672 2
1711709920783 87.4976577758789 3
1711709921051 48.114112854003906 4
1711709921316 28.432445526123047 5
1711709921582 20.674299240112305 6
1711709921852 16.85455894470215 7
1711709922120 13.93302059173584 8
1711709922433 12.099512100219727 9
1711709922710 9.912572860717773 10
1711709922978 8.911620140075684 11
1711709923242 7.783470153808594 12
1711709923516 6.399012088775635 13
1711709923803 5.729762077331543 14
1711709924071 5.082163333892822 15
1711709924343 4.8011250495910645 16
1711709924618 4.159885406494141 17
1711709924881 3.8079521656036377 18
1711709925147 3.6938424110412598 19
1711709925415 3.383218288421631 20
1711709925680 3.1099300384521484 21
1711709925917 3.0578432083129883 22
1711709926183 2.907985210418701 23
1711709926415 2.7796518802642822 24
1711709926648 2.554641008377075 25
1711709926925 2.2712438106536865 26
1711709927195 2.2316579818725586 27
1711709927424 2.1081318855285645 28
1711709927694 1.9216737747192383 29
1711709927927 1.8222094774246216 30
1711709928189 1.7252453565597534 31
1711709928459 1.5651441812515259 32
1711709928727 1.6077296733856201 33
1711709928993 1.4301462173461914 34
1711709929230 1.4161063432693481 35
1711709929496 1.4491891860961914 36
1711709929790 1.4940894842147827 37
1711709930059 1.359864354133606 38
1711709930326 1.2696435451507568 39
1711709930557 1.180903673171997 40
1711709930820 1.0887928009033203 41
1711709931089 1.2862842082977295 42
1711709931357 1.1367301940917969 43
1711709931590 1.0795577764511108 44
1711709931855 1.0109926462173462 45
