1711711653121 60.67644500732422 0
1711711653394 21.133811950683594 1
1711711653669 8.93348503112793 2
1711711653936 6.453939914703369 3
1711711654210 4.813642978668213 4
1711711654479 3.8932833671569824 5
1711711654751 3.3822643756866455 6
1711711655021 2.9845781326293945 7
1711711655286 2.6625449657440186 8
1711711655557 2.4119415283203125 9
1711711655827 2.161705255508423 10
1711711656096 2.0769853591918945 11
1711711656368 1.8644022941589355 12
1711711656636 1.7795804738998413 13
1711711656904 1.6452381610870361 14
1711711657143 1.5685527324676514 15
1711711657413 1.5294766426086426 16
1711711657684 1.4281365871429443 17
1711711657950 1.4311741590499878 18
1711711658219 1.3715044260025024 19
1711711658456 1.2997876405715942 20
1711711658728 1.2692487239837646 21
1711711658993 1.2360475063323975 22
1711711659234 1.2189937829971313 23
1711711659503 1.1294896602630615 24
1711711659771 1.0983220338821411 25
1711711660038 1.0642002820968628 26
1711711660307 1.0300592184066772 27
1711711660544 0.9630010724067688 28
1711711660855 0.9790089130401611 29
1711711661124 0.9319229125976562 30
1711711661393 0.9311671853065491 31
1711711661662 0.910764753818512 32
1711711661893 0.8818912506103516 33
1711711662164 0.8570280075073242 34
1711711662438 0.8325186967849731 35
1711711662709 0.8103757500648499 36
1711711662943 0.78135085105896 37
1711711663211 0.783880352973938 38
1711711663442 0.7373698353767395 39
1711711663710 0.7943410873413086 40
1711711663946 0.6728888154029846 41
1711711664211 0.6830195188522339 42
1711711664478 0.7507337927818298 43
1711711664715 0.7128423452377319 44
1711711664980 0.6446275115013123 45
1711711665282 0.6692591905593872 46
1711711665554 0.669053852558136 47
1711711665841 0.6222878098487854 48
1711711666079 0.617415189743042 49
