1711711653121 6189.43359375 0
1711711653394 751.3798828125 1
1711711653669 163.8318634033203 2
1711711653936 92.92787170410156 3
1711711654210 54.03803634643555 4
1711711654479 33.590518951416016 5
1711711654751 23.92075538635254 6
1711711655021 18.288434982299805 7
1711711655286 14.43465805053711 8
1711711655557 11.491914749145508 9
1711711655827 9.273927688598633 10
1711711656096 8.15925121307373 11
1711711656368 6.650667190551758 12
1711711656636 5.882266998291016 13
1711711656904 5.033843517303467 14
1711711657143 4.5086445808410645 15
1711711657413 4.200127124786377 16
1711711657684 3.709646701812744 17
1711711657950 3.635749101638794 18
1711711658219 3.333481788635254 19
1711711658456 3.0132484436035156 20
1711711658728 2.8533153533935547 21
1711711658993 2.7171249389648438 22
1711711659234 2.605452299118042 23
1711711659503 2.2800180912017822 24
1711711659771 2.1274678707122803 25
1711711660038 2.018065929412842 26
1711711660307 1.8864262104034424 27
1711711660544 1.6750036478042603 28
1711711660855 1.713071346282959 29
1711711661124 1.5330294370651245 30
1711711661393 1.530991792678833 31
1711711661662 1.446796178817749 32
1711711661893 1.3641250133514404 33
1711711662164 1.3011150360107422 34
1711711662438 1.2268733978271484 35
1711711662709 1.155544400215149 36
1711711662943 1.0866117477416992 37
1711711663211 1.0699585676193237 38
1711711663442 0.9682720899581909 39
1711711663710 1.0773597955703735 40
1711711663946 0.8077033162117004 41
1711711664211 0.8251438140869141 42
1711711664478 0.9575819969177246 43
1711711664715 0.8879179954528809 44
1711711664980 0.7282278537750244 45
1711711665282 0.7781779170036316 46
1711711665554 0.7677916884422302 47
1711711665841 0.676435649394989 48
1711711666079 0.6657899618148804 49
