1711713159748 6032.2666015625 0
1711713160089 889.9313354492188 1
1711713160407 135.57212829589844 2
1711713160712 66.90715789794922 3
1711713160978 38.75932693481445 4
1711713161253 25.0172176361084 5
1711713161518 18.347379684448242 6
1711713161793 13.665812492370605 7
1711713162062 10.964157104492188 8
1711713162298 8.994657516479492 9
1711713162599 7.507405757904053 10
1711713162867 6.458479881286621 11
1711713163139 5.7924909591674805 12
1711713163405 5.310801982879639 13
1711713163673 4.664262771606445 14
1711713163908 4.4715576171875 15
1711713164178 4.163417339324951 16
1711713164442 3.962657928466797 17
1711713164708 3.6074345111846924 18
1711713164951 3.2887892723083496 19
1711713165200 3.169074535369873 20
1711713165472 3.0984926223754883 21
1711713165712 2.655250310897827 22
1711713165974 2.747384786605835 23
1711713166241 2.299429416656494 24
1711713166475 2.1685705184936523 25
1711713166746 2.1000101566314697 26
1711713166980 1.8777250051498413 27
1711713167247 1.947141170501709 28
1711713167509 1.668420672416687 29
1711713167782 1.5936007499694824 30
1711713168044 1.6013667583465576 31
1711713168310 1.4651955366134644 32
1711713168546 1.5162997245788574 33
1711713168775 1.2961664199829102 34
1711713169040 1.1593976020812988 35
1711713169273 1.186278223991394 36
1711713169541 1.0587741136550903 37
1711713169804 1.0188089609146118 38
1711713170070 0.9689305424690247 39
1711713170335 0.9003810882568359 40
1711713170573 0.9809816479682922 41
1711713170898 0.9571361541748047 42
1711713171131 0.8041622638702393 43
1711713171392 0.7967891097068787 44
1711713171669 0.7264791131019592 45
1711713171907 0.695052981376648 46
1711713172170 0.690851628780365 47
