1711713159748 60.60042953491211 0
1711713160089 23.130727767944336 1
1711713160407 8.300492286682129 2
1711713160712 5.520164489746094 3
1711713160978 4.181031703948975 4
1711713161253 3.430346727371216 5
1711713161518 3.005356550216675 6
1711713161793 2.5963099002838135 7
1711713162062 2.3401436805725098 8
1711713162298 2.134373426437378 9
1711713162599 1.9515224695205688 10
1711713162867 1.8252474069595337 11
1711713163139 1.741387128829956 12
1711713163405 1.6803699731826782 13
1711713163673 1.5808838605880737 14
1711713163908 1.5530627965927124 15
1711713164178 1.5079067945480347 16
1711713164442 1.4702905416488647 17
1711713164708 1.4015562534332275 18
1711713164951 1.335398554801941 19
1711713165200 1.3181101083755493 20
1711713165472 1.3136301040649414 21
1711713165712 1.204484462738037 22
1711713165974 1.242280125617981 23
1711713166241 1.116322636604309 24
1711713166475 1.0923680067062378 25
1711713166746 1.0740069150924683 26
1711713166980 1.0155450105667114 27
1711713167247 1.0440244674682617 28
1711713167509 0.9616013765335083 29
1711713167782 0.939661979675293 30
1711713168044 0.9516145586967468 31
1711713168310 0.9070369601249695 32
1711713168546 0.9266625046730042 33
1711713168775 0.8544711470603943 34
1711713169040 0.8106573224067688 35
1711713169273 0.8229268193244934 36
1711713169541 0.7757473587989807 37
1711713169804 0.7635851502418518 38
1711713170070 0.7432675957679749 39
1711713170335 0.7210136651992798 40
1711713170573 0.7526935338973999 41
1711713170898 0.7467504739761353 42
1711713171131 0.6763947010040283 43
1711713171392 0.6734452247619629 44
1711713171669 0.6428296566009521 45
1711713171907 0.6311030983924866 46
1711713172170 0.6351845264434814 47
