1711712789106 60.63237762451172 0
1711712789383 25.620044708251953 1
1711712789655 8.502018928527832 2
1711712789926 5.8182830810546875 3
1711712790198 4.561132431030273 4
1711712790469 3.759331464767456 5
1711712790739 3.2942728996276855 6
1711712791010 2.9067466259002686 7
1711712791283 2.6298766136169434 8
1711712791558 2.3740808963775635 9
1711712791828 2.192622184753418 10
1711712792095 2.0889317989349365 11
1711712792368 2.020155429840088 12
1711712792637 1.9625900983810425 13
1711712792909 1.8787469863891602 14
1711712793175 1.8186780214309692 15
1711712793412 1.7623248100280762 16
1711712793686 1.8279539346694946 17
1711712793918 1.7463756799697876 18
1711712794186 1.6924878358840942 19
1711712794457 1.6369017362594604 20
1711712794724 1.638622522354126 21
1711712794963 1.6247049570083618 22
1711712795258 1.6142370700836182 23
1711712795527 1.651944637298584 24
1711712795814 1.5756722688674927 25
1711712796085 1.563111662864685 26
1711712796324 1.5672478675842285 27
1711712796638 1.4931095838546753 28
1711712796906 1.4523532390594482 29
1711712797174 1.3475303649902344 30
1711712797443 1.2752330303192139 31
1711712797712 1.243040919303894 32
1711712797983 1.2180628776550293 33
1711712798250 1.2380499839782715 34
1711712798489 1.1404529809951782 35
1711712798758 1.1460224390029907 36
1711712799023 1.0424644947052002 37
1711712799262 1.0502188205718994 38
1711712799530 0.986968457698822 39
1711712799799 1.013479232788086 40
1711712800066 0.9211309552192688 41
1711712800332 0.9385449290275574 42
1711712800562 0.9007084965705872 43
1711712800831 0.8837535381317139 44
1711712801071 0.8320791721343994 45
1711712801344 0.8485996127128601 46
