1711712789106 6255.4521484375 0
1711712789383 994.9066772460938 1
1711712789655 156.47044372558594 2
1711712789926 81.62406158447266 3
1711712790198 48.95964813232422 4
1711712790469 31.817344665527344 5
1711712790739 23.118989944458008 6
1711712791010 17.54109764099121 7
1711712791283 14.06782054901123 8
1711712791558 11.404952049255371 9
1711712791828 9.674934387207031 10
1711712792095 8.607522964477539 11
1711712792368 7.9131999015808105 12
1711712792637 7.409346580505371 13
1711712792909 6.748976707458496 14
1711712793175 6.321035861968994 15
1711712793412 5.9337310791015625 16
1711712793686 6.203456401824951 17
1711712793918 5.730957508087158 18
1711712794186 5.442791938781738 19
1711712794457 5.114102840423584 20
1711712794724 5.101931571960449 21
1711712794963 4.978637218475342 22
1711712795258 4.966862201690674 23
1711712795527 5.119863510131836 24
1711712795814 4.765038967132568 25
1711712796085 4.665761470794678 26
1711712796324 4.68481969833374 27
1711712796638 4.243368148803711 28
1711712796906 4.00102424621582 29
1711712797174 3.5122618675231934 30
1711712797443 3.1491382122039795 31
1711712797712 2.976187229156494 32
1711712797983 2.8215103149414062 33
1711712798250 2.827230930328369 34
1711712798489 2.4291014671325684 35
1711712798758 2.4357640743255615 36
1711712799023 2.0646257400512695 37
1711712799262 2.0523221492767334 38
1711712799530 1.8421939611434937 39
1711712799799 1.8882616758346558 40
1711712800066 1.5952942371368408 41
1711712800332 1.6131844520568848 42
1711712800562 1.4988532066345215 43
1711712800831 1.429510474205017 44
1711712801071 1.2825727462768555 45
1711712801344 1.3054810762405396 46
