1711958844962 6216.01611328125 0
1711958845229 757.6560668945312 1
1711958845495 163.2744903564453 2
1711958845758 97.89106750488281 3
1711958846021 60.66622543334961 4
1711958846340 36.353458404541016 5
1711958846608 24.60768699645996 6
1711958846870 19.132829666137695 7
1711958847132 15.916821479797363 8
1711958847395 13.332038879394531 9
1711958847665 11.504150390625 10
1711958847930 10.03349494934082 11
1711958848193 8.05588150024414 12
1711958848456 6.976022720336914 13
1711958848719 5.779048442840576 14
1711958848982 5.016368389129639 15
1711958849243 4.478337287902832 16
1711958849504 3.824605703353882 17
1711958849766 3.5442235469818115 18
1711958850031 3.2537264823913574 19
1711958850293 3.365565299987793 20
1711958850554 2.8468666076660156 21
1711958850815 2.616821765899658 22
1711958851042 2.584549903869629 23
1711958851304 2.2265474796295166 24
1711958851565 2.1728994846343994 25
1711958851826 2.1680028438568115 26
1711958852104 1.9334540367126465 27
1711958852366 1.8940026760101318 28
1711958852599 1.9503450393676758 29
1711958852862 1.6993240118026733 30
1711958853124 1.6492958068847656 31
1711958853357 1.6460425853729248 32
1711958853618 1.5349249839782715 33
1711958853845 1.4903217554092407 34
1711958854114 1.3790334463119507 35
1711958854353 1.3630410432815552 36
1711958854617 1.310227632522583 37
1711958854879 1.4317981004714966 38
1711958855104 1.2699611186981201 39
1711958855364 1.1537940502166748 40
