1711958844962 60.51676940917969 0
1711958845229 21.290193557739258 1
1711958845495 9.090264320373535 2
1711958845758 6.709185600280762 3
1711958846021 5.158555507659912 4
1711958846340 3.95615553855896 5
1711958846608 3.3541464805603027 6
1711958846870 3.0746161937713623 7
1711958847132 2.8768954277038574 8
1711958847395 2.6526832580566406 9
1711958847665 2.4864501953125 10
1711958847930 2.3226535320281982 11
1711958848193 2.0906546115875244 12
1711958848456 1.9454978704452515 13
1711958848719 1.7687034606933594 14
1711958848982 1.6613245010375977 15
1711958849243 1.5668386220932007 16
1711958849504 1.4499962329864502 17
1711958849766 1.4016470909118652 18
1711958850031 1.3406970500946045 19
1711958850293 1.374198079109192 20
1711958850554 1.256328821182251 21
1711958850815 1.2020316123962402 22
1711958851042 1.2038114070892334 23
1711958851304 1.1067206859588623 24
1711958851565 1.0966016054153442 25
1711958851826 1.100845456123352 26
1711958852104 1.0350452661514282 27
1711958852366 1.0233802795410156 28
1711958852599 1.0485221147537231 29
1711958852862 0.9745985865592957 30
1711958853124 0.963385820388794 31
1711958853357 0.966334342956543 32
1711958853618 0.9332623481750488 33
1711958853845 0.9187676906585693 34
1711958854114 0.88528972864151 35
1711958854353 0.8862788081169128 36
1711958854617 0.867304265499115 37
1711958854879 0.9154956936836243 38
1711958855104 0.8508888483047485 39
1711958855364 0.8220847845077515 40
