1711713322058 6193.55712890625 0
1711713322331 792.2381591796875 1
1711713322608 134.05596923828125 2
1711713322880 72.19347381591797 3
1711713323150 41.27363967895508 4
1711713323462 25.65909767150879 5
1711713323734 18.22775650024414 6
1711713324002 14.26048469543457 7
1711713324273 11.719660758972168 8
1711713324538 9.84420394897461 9
1711713324807 8.018086433410645 10
1711713325076 7.155492305755615 11
1711713325346 6.169055938720703 12
1711713325612 5.383518218994141 13
1711713325885 4.866461277008057 14
1711713326157 4.341215133666992 15
1711713326422 3.938331365585327 16
1711713326690 3.43597412109375 17
1711713326958 3.140620708465576 18
1711713327232 2.8603761196136475 19
1711713327501 2.5348434448242188 20
1711713327785 2.3070216178894043 21
1711713328018 2.1590216159820557 22
1711713328290 1.9310909509658813 23
1711713328555 1.926479458808899 24
1711713328791 1.753350853919983 25
1711713329028 1.7181036472320557 26
1711713329296 1.6149975061416626 27
1711713329533 1.505665898323059 28
1711713329803 1.3205616474151611 29
1711713330071 1.3052787780761719 30
1711713330304 1.221549153327942 31
1711713330571 1.1949183940887451 32
1711713330897 1.1744608879089355 33
1711713331167 1.0109401941299438 34
1711713331404 1.1861764192581177 35
1711713331673 1.009115219116211 36
1711713331944 0.9701426029205322 37
1711713332218 0.9172649383544922 38
1711713332446 0.9167380928993225 39
1711713332714 0.805585503578186 40
1711713332950 0.9602836966514587 41
1711713333224 0.8989318609237671 42
1711713333531 0.7558845281600952 43
1711713333802 0.7683311700820923 44
1711713334049 0.7595045566558838 45
1711713334313 0.670352578163147 46
1711713334552 0.784510612487793 47
1711713334835 0.915316641330719 48
1711713335072 0.6652421355247498 49
