1711713322058 60.597251892089844 0
1711713322331 21.561004638671875 1
1711713322608 7.852984428405762 2
1711713322880 5.5427165031433105 3
1711713323150 4.198358058929443 4
1711713323462 3.408252477645874 5
1711713323734 2.973503351211548 6
1711713324002 2.679450750350952 7
1711713324273 2.4656119346618652 8
1711713324538 2.2564120292663574 9
1711713324807 2.0232107639312744 10
1711713325076 1.9167671203613281 11
1711713325346 1.783422589302063 12
1711713325612 1.6674704551696777 13
1711713325885 1.6027036905288696 14
1711713326157 1.5061922073364258 15
1711713326422 1.4481226205825806 16
1711713326690 1.345483660697937 17
1711713326958 1.294968605041504 18
1711713327232 1.2396429777145386 19
1711713327501 1.1617231369018555 20
1711713327785 1.110489845275879 21
1711713328018 1.077501654624939 22
1711713328290 1.0192680358886719 23
1711713328555 1.0267966985702515 24
1711713328791 0.9760886430740356 25
1711713329028 0.9746660590171814 26
1711713329296 0.9537182450294495 27
1711713329533 0.9141658544540405 28
1711713329803 0.8522117137908936 29
1711713330071 0.8518037796020508 30
1711713330304 0.8238323926925659 31
1711713330571 0.8160037994384766 32
1711713330897 0.8068145513534546 33
1711713331167 0.7488090395927429 34
1711713331404 0.8258551955223083 35
1711713331673 0.7627551555633545 36
1711713331944 0.7401922941207886 37
1711713332218 0.722490668296814 38
1711713332446 0.7303513288497925 39
1711713332714 0.677849531173706 40
1711713332950 0.7420966625213623 41
1711713333224 0.7211186289787292 42
1711713333531 0.6587627530097961 43
1711713333802 0.6689464449882507 44
1711713334049 0.6637639999389648 45
1711713334313 0.6184406876564026 46
1711713334552 0.6754412055015564 47
1711713334835 0.733489453792572 48
1711713335072 0.6205661296844482 49
