1711708635571 6078.5537109375 0
1711708635842 687.0317993164062 1
1711708636116 155.84817504882812 2
1711708636386 88.41566467285156 3
1711708636654 53.72185516357422 4
1711708636917 35.322357177734375 5
1711708637184 25.97712516784668 6
1711708637501 20.88816261291504 7
1711708637765 17.63174819946289 8
1711708638032 15.177610397338867 9
1711708638300 12.959209442138672 10
1711708638551 11.01894760131836 11
1711708638816 9.425470352172852 12
1711708639049 8.25914192199707 13
1711708639311 7.505464553833008 14
1711708639580 6.302948474884033 15
1711708639846 5.865912914276123 16
1711708640112 5.364480495452881 17
1711708640377 4.767299652099609 18
1711708640645 4.457908630371094 19
1711708640908 4.283368110656738 20
1711708641176 3.9613683223724365 21
1711708641451 3.715684413909912 22
1711708641723 3.6335790157318115 23
1711708641989 3.466956853866577 24
1711708642251 3.1514480113983154 25
1711708642486 3.229529857635498 26
1711708642748 2.8967535495758057 27
1711708643013 2.7733514308929443 28
1711708643280 2.7914786338806152 29
1711708643512 2.534752130508423 30
1711708643778 2.5084915161132812 31
1711708644042 2.2855653762817383 32
1711708644308 2.19313907623291 33
1711708644581 2.4630770683288574 34
1711708644826 1.8739523887634277 35
1711708645092 1.8779913187026978 36
1711708645324 1.8277043104171753 37
1711708645834 1.6096017360687256 38
1711708646101 1.5099924802780151 39
1711708646363 1.5747100114822388 40
1711708646629 1.4060405492782593 41
1711708646892 1.341424822807312 42
1711708647173 1.3738903999328613 43
1711708647446 1.1795365810394287 44
1711708647675 1.1398003101348877 45
1711708647961 1.0658161640167236 46
1711708648225 1.1166751384735107 47
1711708648456 1.0727618932724 48
1711708651119 0.9540468454360962 49
