1711708635571 59.8347282409668 0
1711708635842 19.893632888793945 1
1711708636116 8.555570602416992 2
1711708636386 6.120199680328369 3
1711708636654 4.688360691070557 4
1711708636917 3.873744249343872 5
1711708637184 3.4244580268859863 6
1711708637501 3.1581532955169678 7
1711708637765 2.9673638343811035 8
1711708638032 2.793997049331665 9
1711708638300 2.5855109691619873 10
1711708638551 2.4072868824005127 11
1711708638816 2.2332656383514404 12
1711708639049 2.0989410877227783 13
1711708639311 2.005605697631836 14
1711708639580 1.853756070137024 15
1711708639846 1.7927465438842773 16
1711708640112 1.7238432168960571 17
1711708640377 1.625206708908081 18
1711708640645 1.5701491832733154 19
1711708640908 1.5460257530212402 20
1711708641176 1.4863507747650146 21
1711708641451 1.4399676322937012 22
1711708641723 1.4297221899032593 23
1711708641989 1.3867961168289185 24
1711708642251 1.322477102279663 25
1711708642486 1.3552794456481934 26
1711708642748 1.2713180780410767 27
1711708643013 1.2439820766448975 28
1711708643280 1.2559515237808228 29
1711708643512 1.1899619102478027 30
1711708643778 1.1897860765457153 31
1711708644042 1.1353853940963745 32
1711708644308 1.1053775548934937 33
1711708644581 1.192731499671936 34
1711708644826 1.0253080129623413 35
1711708645092 1.0360093116760254 36
1711708645324 1.0174716711044312 37
1711708645834 0.9510912895202637 38
1711708646101 0.9192904829978943 39
1711708646363 0.9485251903533936 40
1711708646629 0.8915943503379822 41
1711708646892 0.8681358098983765 42
1711708647173 0.8895745873451233 43
1711708647446 0.8172432780265808 44
1711708647675 0.8036194443702698 45
1711708647961 0.7763700485229492 46
1711708648225 0.8012713193893433 47
1711708648456 0.7878013849258423 48
1711708651119 0.7380757927894592 49
