1711709198510 58.83411407470703 0
1711709198784 20.7487850189209 1
1711709199055 7.146056175231934 2
1711709199321 4.962373733520508 3
1711709199593 4.182825088500977 4
1711709199860 3.753411054611206 5
1711709200182 3.396862506866455 6
1711709200457 3.113917350769043 7
1711709200728 2.873070001602173 8
1711709200995 2.6660959720611572 9
1711709201263 2.4670417308807373 10
1711709201530 2.3382866382598877 11
1711709201793 2.1482772827148438 12
1711709202060 2.0244882106781006 13
1711709202324 1.9113277196884155 14
1711709202596 1.8391683101654053 15
1711709202889 1.7182421684265137 16
1711709203180 1.6638754606246948 17
1711709203507 1.5957131385803223 18
1711709203793 1.5638521909713745 19
1711709204087 1.4378632307052612 20
1711709204377 1.4134268760681152 21
1711709204628 1.3875696659088135 22
1711709204914 1.3063946962356567 23
1711709205205 1.2736300230026245 24
1711709205472 1.2470091581344604 25
1711709205705 1.1995025873184204 26
1711709205985 1.1638829708099365 27
1711709206264 1.191592812538147 28
1711709206504 1.1056653261184692 29
1711709206980 1.0704634189605713 30
1711709207274 1.052466630935669 31
1711709207574 1.0742154121398926 32
1711709207850 1.0093039274215698 33
1711709208121 1.0368621349334717 34
1711709208380 0.9954748749732971 35
1711709208657 0.9642350077629089 36
1711709208933 0.9203779101371765 37
1711709209178 0.9359303712844849 38
1711709209408 0.8740805983543396 39
