1711709198510 5866.60107421875 0
1711709198784 739.8793334960938 1
1711709199055 109.01946258544922 2
1711709199321 57.240535736083984 3
1711709199593 37.718692779541016 4
1711709199860 28.471982955932617 5
1711709200182 22.6380558013916 6
1711709200457 18.64731788635254 7
1711709200728 15.68500804901123 8
1711709200995 13.312478065490723 9
1711709201263 11.422270774841309 10
1711709201530 10.149479866027832 11
1711709201793 8.643256187438965 12
1711709202060 7.6169939041137695 13
1711709202324 6.789343357086182 14
1711709202596 6.215322017669678 15
1711709202889 5.411381244659424 16
1711709203180 5.038773059844971 17
1711709203507 4.603219985961914 18
1711709203793 4.380339622497559 19
1711709204087 3.7527401447296143 20
1711709204377 3.588352918624878 21
1711709204628 3.408254623413086 22
1711709204914 3.0502755641937256 23
1711709205205 2.909548044204712 24
1711709205472 2.7685790061950684 25
1711709205705 2.568044424057007 26
1711709205985 2.4208686351776123 27
1711709206264 2.504991054534912 28
1711709206504 2.1746773719787598 29
1711709206980 2.051251173019409 30
1711709207274 1.9856797456741333 31
1711709207574 2.0569777488708496 32
1711709207850 1.8218683004379272 33
1711709208121 1.9099080562591553 34
1711709208380 1.758733868598938 35
1711709208657 1.654992938041687 36
1711709208933 1.519215703010559 37
1711709209178 1.5550963878631592 38
1711709209408 1.3594093322753906 39
