1711708266547 6665.94970703125 0
1711708266821 1106.1591796875 1
1711708267091 179.3079376220703 2
1711708267359 98.87240600585938 3
1711708267626 62.83350372314453 4
1711708267892 40.80435562133789 5
1711708268159 25.475608825683594 6
1711708268426 17.428369522094727 7
1711708268690 12.667596817016602 8
1711708268962 9.34450626373291 9
1711708269257 7.745500564575195 10
1711708269526 6.078272342681885 11
1711708269804 5.365816593170166 12
1711708270078 4.907156467437744 13
1711708270342 4.60931921005249 14
1711708270600 4.211033344268799 15
1711708270866 4.002820014953613 16
1711708271129 3.7480342388153076 17
1711708271366 3.6021037101745605 18
1711708271638 3.5093626976013184 19
1711708271901 3.299560308456421 20
1711708272168 3.2283244132995605 21
1711708272402 2.9572913646698 22
1711708272668 2.912278175354004 23
1711708272934 3.055532932281494 24
1711708273200 2.740952968597412 25
1711708273512 2.773155927658081 26
1711708273787 2.662508726119995 27
1711708274053 2.556636095046997 28
1711708274319 2.4610815048217773 29
1711708274584 2.349961280822754 30
1711708274855 2.37485933303833 31
1711708275122 2.16005277633667 32
1711708275388 2.233468770980835 33
1711708275618 2.1335933208465576 34
1711708275884 2.105437994003296 35
1711708276119 2.030332565307617 36
1711708276387 2.144345998764038 37
1711708276620 1.817517876625061 38
1711708276851 1.8597075939178467 39
