1711708266547 63.04523468017578 0
1711708266821 27.252172470092773 1
1711708267091 9.352540969848633 2
1711708267359 6.580280303955078 3
1711708267626 5.179381370544434 4
1711708267892 4.214163303375244 5
1711708268159 3.397221088409424 6
1711708268426 2.875896453857422 7
1711708268690 2.4864983558654785 8
1711708268962 2.1574602127075195 9
1711708269257 1.9889644384384155 10
1711708269526 1.768598198890686 11
1711708269804 1.6852235794067383 12
1711708270078 1.634498953819275 13
1711708270342 1.5906295776367188 14
1711708270600 1.532558798789978 15
1711708270866 1.4925835132598877 16
1711708271129 1.4515575170516968 17
1711708271366 1.4293022155761719 18
1711708271638 1.4037744998931885 19
1711708271901 1.3624355792999268 20
1711708272168 1.348205327987671 21
1711708272402 1.2946408987045288 22
1711708272668 1.2875354290008545 23
1711708272934 1.3201125860214233 24
1711708273200 1.2446489334106445 25
1711708273512 1.2554869651794434 26
1711708273787 1.2408571243286133 27
1711708274053 1.202368140220642 28
1711708274319 1.1827644109725952 29
1711708274584 1.1541190147399902 30
1711708274855 1.1642218828201294 31
1711708275122 1.1055750846862793 32
1711708275388 1.1275554895401 33
1711708275618 1.10324227809906 34
1711708275884 1.09120512008667 35
1711708276119 1.0684921741485596 36
1711708276387 1.1109892129898071 37
1711708276620 1.0108168125152588 38
1711708276851 1.029714584350586 39
