1711957961495 6134.490234375 0
1711957961778 666.2609252929688 1
1711957962057 117.95260620117188 2
1711957962329 69.16259765625 3
1711957962603 42.71015548706055 4
1711957962879 28.594860076904297 5
1711957963159 21.074127197265625 6
1711957963433 16.561670303344727 7
1711957963709 13.053605079650879 8
1711957963978 10.497701644897461 9
1711957964261 8.639016151428223 10
1711957964540 6.838244438171387 11
1711957964812 5.762996196746826 12
1711957965105 4.875916004180908 13
1711957965376 4.2967681884765625 14
1711957965643 3.8111722469329834 15
1711957965913 3.521395206451416 16
1711957966152 3.3435537815093994 17
1711957966425 3.1947734355926514 18
1711957966700 2.870041608810425 19
1711957966969 2.8881566524505615 20
1711957967207 2.625441789627075 21
1711957967476 2.4909822940826416 22
1711957967710 2.4313583374023438 23
1711957967982 2.220487117767334 24
1711957968249 2.2199621200561523 25
1711957968483 2.129253625869751 26
1711957968749 1.987553358078003 27
1711957969018 2.1262826919555664 28
1711957969253 2.0506322383880615 29
1711957969523 1.8532617092132568 30
1711957969759 1.7733157873153687 31
1711957969995 1.903002142906189 32
