1711957961495 60.38164138793945 0
1711957961778 19.399682998657227 1
1711957962057 7.27532958984375 2
1711957962329 5.293383598327637 3
1711957962603 4.130801200866699 4
1711957962879 3.5078890323638916 5
1711957963159 3.125908136367798 6
1711957963433 2.8147616386413574 7
1711957963709 2.5273778438568115 8
1711957963978 2.2649807929992676 9
1711957964261 2.0780892372131348 10
1711957964540 1.8473280668258667 11
1711957964812 1.7256685495376587 12
1711957965105 1.6000038385391235 13
1711957965376 1.5135589838027954 14
1711957965643 1.4322062730789185 15
1711957965913 1.3884682655334473 16
1711957966152 1.3538525104522705 17
1711957966425 1.337778091430664 18
1711957966700 1.2584563493728638 19
1711957966969 1.2683632373809814 20
1711957967207 1.2073891162872314 21
1711957967476 1.1756958961486816 22
1711957967710 1.166898488998413 23
1711957967982 1.1134421825408936 24
1711957968249 1.1154754161834717 25
1711957968483 1.0907440185546875 26
1711957968749 1.0537792444229126 27
1711957969018 1.088125467300415 28
1711957969253 1.0751304626464844 29
1711957969523 1.0216137170791626 30
1711957969759 1.0013697147369385 31
1711957969995 1.045167088508606 32
