1711711519271 58.363834381103516 0
1711711519541 21.458946228027344 1
1711711519812 8.853230476379395 2
1711711520083 5.907968997955322 3
1711711520355 4.266915798187256 4
1711711520622 3.3569557666778564 5
1711711520890 2.8414440155029297 6
1711711521157 2.45892071723938 7
1711711521426 2.226882219314575 8
1711711521696 2.0650386810302734 9
1711711521964 1.949676275253296 10
1711711522232 1.919922947883606 11
1711711522502 1.7650718688964844 12
1711711522769 1.706464409828186 13
1711711523036 1.6803760528564453 14
1711711523302 1.614368200302124 15
1711711523570 1.5809262990951538 16
1711711523950 1.559118390083313 17
1711711524302 1.5168287754058838 18
1711711524595 1.472353219985962 19
1711711524880 1.4197274446487427 20
1711711525147 1.4003914594650269 21
1711711525418 1.3544280529022217 22
1711711525684 1.2800211906433105 23
1711711525920 1.220899224281311 24
1711711526187 1.1642276048660278 25
1711711526421 1.1855868101119995 26
1711711526687 1.079691767692566 27
1711711526955 1.0669194459915161 28
1711711527222 1.0354586839675903 29
1711711527492 0.9860052466392517 30
1711711527759 1.0257599353790283 31
1711711527995 0.9294283986091614 32
1711711528270 0.891632080078125 33
1711711528506 0.9436132907867432 34
1711711528770 0.8869592547416687 35
1711711529004 0.8852123022079468 36
1711711529271 0.8487403392791748 37
1711711529538 0.7979468107223511 38
1711711529806 0.7996259927749634 39
1711711530036 0.7765878438949585 40
1711711530306 0.7806583046913147 41
1711711530575 0.7443843483924866 42
1711711530839 0.7546670436859131 43
1711711531108 0.7076963782310486 44
1711711531439 0.7553627490997314 45
1711711531707 0.723068118095398 46
1711711531975 0.6840479373931885 47
1711711532245 0.7017841935157776 48
1711711532514 0.6898014545440674 49
