1711711519271 5767.31982421875 0
1711711519541 763.3804931640625 1
1711711519812 158.97926330566406 2
1711711520083 81.61622619628906 3
1711711520355 43.742950439453125 4
1711711520622 25.423620223999023 5
1711711520890 16.62648582458496 6
1711711521157 11.732645988464355 7
1711711521426 9.211152076721191 8
1711711521696 7.791456699371338 9
1711711521964 6.813971996307373 10
1711711522232 6.520472526550293 11
1711711522502 5.548999309539795 12
1711711522769 5.177838325500488 13
1711711523036 5.00168514251709 14
1711711523302 4.628549098968506 15
1711711523570 4.409829616546631 16
1711711523950 4.253950595855713 17
1711711524302 4.031352996826172 18
1711711524595 3.7846407890319824 19
1711711524880 3.5458366870880127 20
1711711525147 3.442695379257202 21
1711711525418 3.191699504852295 22
1711711525684 2.8770954608917236 23
1711711525920 2.61535906791687 24
1711711526187 2.3911354541778564 25
1711711526421 2.447535514831543 26
1711711526687 2.0539889335632324 27
1711711526955 2.000985622406006 28
1711711527222 1.8762328624725342 29
1711711527492 1.706474781036377 30
1711711527759 1.8244374990463257 31
1711711527995 1.513055682182312 32
1711711528270 1.3996723890304565 33
1711711528506 1.5494072437286377 34
1711711528770 1.3633699417114258 35
1711711529004 1.3613650798797607 36
1711711529271 1.2605615854263306 37
1711711529538 1.1130229234695435 38
1711711529806 1.1153104305267334 39
1711711530036 1.0578677654266357 40
1711711530306 1.0387033224105835 41
1711711530575 0.975400984287262 42
1711711530839 1.0012481212615967 43
1711711531108 0.8716617822647095 44
1711711531439 0.977936327457428 45
1711711531707 0.9139630198478699 46
1711711531975 0.803760290145874 47
1711711532245 0.8452726006507874 48
1711711532514 0.8222193121910095 49
