1711959147416 5666.0439453125 0
1711959147694 796.6138916015625 1
1711959147959 157.15016174316406 2
1711959148229 91.0879135131836 3
1711959148501 58.400665283203125 4
1711959148766 40.595497131347656 5
1711959149067 31.215839385986328 6
1711959149333 25.403377532958984 7
1711959149595 20.502302169799805 8
1711959149906 16.686973571777344 9
1711959150183 12.668133735656738 10
1711959150483 9.258127212524414 11
1711959150768 7.09330415725708 12
1711959151055 5.383350372314453 13
1711959151479 4.483808994293213 14
1711959151867 3.8803539276123047 15
1711959152137 3.517791271209717 16
1711959152399 3.217695951461792 17
1711959152705 2.875931978225708 18
1711959152962 2.7436039447784424 19
1711959153231 2.461501359939575 20
1711959153523 2.2882306575775146 21
1711959153802 2.3156981468200684 22
1711959154070 2.0936760902404785 23
1711959154313 1.912290096282959 24
1711959154766 1.9121493101119995 25
1711959155058 1.790469765663147 26
1711959155380 1.744073748588562 27
1711959155664 1.657142162322998 28
1711959155950 1.5611977577209473 29
1711959156186 1.344128966331482 30
1711959156457 1.38921058177948 31
1711959156724 1.252385139465332 32
1711959157010 1.2007807493209839 33
1711959157284 1.1185435056686401 34
1711959157518 1.2098404169082642 35
1711959157787 1.0115717649459839 36
1711959158063 0.9826883673667908 37
1711959158395 0.9429847002029419 38
1711959158705 0.8570048213005066 39
1711959159053 0.8395165801048279 40
1711959159402 0.905651330947876 41
1711959159803 0.7869930267333984 42
1711959160061 0.7343245148658752 43
1711959160325 0.7269307374954224 44
1711959160596 0.8859730958938599 45
1711959160825 0.6154814958572388 46
1711959161056 0.7135077118873596 47
1711959161320 0.6921298503875732 48
1711959161547 0.6411173343658447 49
