1711959147416 58.03873062133789 0
1711959147694 21.75934410095215 1
1711959147959 8.678048133850098 2
1711959148229 6.330240249633789 3
1711959148501 5.135884761810303 4
1711959148766 4.3919172286987305 5
1711959149067 3.9789657592773438 6
1711959149333 3.6654391288757324 7
1711959149595 3.3159987926483154 8
1711959149906 2.9950361251831055 9
1711959150183 2.5894007682800293 10
1711959150483 2.2082324028015137 11
1711959150768 1.9224406480789185 12
1711959151055 1.6945114135742188 13
1711959151479 1.553815484046936 14
1711959151867 1.4461097717285156 15
1711959152137 1.3921384811401367 16
1711959152399 1.3307722806930542 17
1711959152705 1.2615292072296143 18
1711959152962 1.23830246925354 19
1711959153231 1.169337272644043 20
1711959153523 1.1321254968643188 21
1711959153802 1.1416099071502686 22
1711959154070 1.0814508199691772 23
1711959154313 1.0354971885681152 24
1711959154766 1.0453972816467285 25
1711959155058 1.006780743598938 26
1711959155380 1.0039507150650024 27
1711959155664 0.9635882377624512 28
1711959155950 0.9422224164009094 29
1711959156186 0.8702507615089417 30
1711959156457 0.8883029222488403 31
1711959156724 0.8416790962219238 32
1711959157010 0.8344155550003052 33
1711959157284 0.7987927198410034 34
1711959157518 0.8355690240859985 35
1711959157787 0.7594209909439087 36
1711959158063 0.7503059506416321 37
1711959158395 0.7349555492401123 38
1711959158705 0.7012905478477478 39
1711959159053 0.6942185759544373 40
1711959159402 0.7205118536949158 41
1711959159803 0.6708633899688721 42
1711959160061 0.6473714709281921 43
1711959160325 0.6497105360031128 44
1711959160596 0.7190696001052856 45
1711959160825 0.5952360033988953 46
1711959161056 0.6408443450927734 47
1711959161320 0.6348726749420166 48
1711959161547 0.610155463218689 49
