1711710457709 5958.6123046875 0
1711710457985 799.09521484375 1
1711710458261 142.94117736816406 2
1711710458531 68.99386596679688 3
1711710458798 30.752649307250977 4
1711710459066 18.332494735717773 5
1711710459341 13.535418510437012 6
1711710459614 10.449536323547363 7
1711710459882 8.102059364318848 8
1711710460151 6.563392162322998 9
1711710460420 5.425305366516113 10
1711710460689 4.5351738929748535 11
1711710460957 4.014904499053955 12
1711710461225 3.5855798721313477 13
1711710461501 3.421462059020996 14
1711710461769 3.135831356048584 15
1711710462005 2.980140447616577 16
1711710462273 2.770188093185425 17
1711710462508 2.546628713607788 18
1711710462773 2.5066187381744385 19
1711710463043 2.340367317199707 20
1711710463316 2.3416614532470703 21
1711710463549 2.0571789741516113 22
1711710463813 1.8695833683013916 23
1711710464083 2.020686626434326 24
1711710464354 1.744130253791809 25
1711710464627 1.5516176223754883 26
1711710464896 1.438870906829834 27
1711710465161 1.5460032224655151 28
1711710465428 1.3181284666061401 29
1711710465699 1.3176995515823364 30
1711710465963 1.171979546546936 31
1711710466230 1.1875097751617432 32
1711710466466 1.2124577760696411 33
1711710466701 1.1126885414123535 34
