1711710457709 59.18952941894531 0
1711710457985 22.248096466064453 1
1711710458261 8.20367431640625 2
1711710458531 5.3751983642578125 3
1711710458798 3.5521371364593506 4
1711710459066 2.869406223297119 5
1711710459341 2.541443347930908 6
1711710459614 2.2588720321655273 7
1711710459882 1.9836653470993042 8
1711710460151 1.804236650466919 9
1711710460420 1.6424674987792969 10
1711710460689 1.503050684928894 11
1711710460957 1.4246753454208374 12
1711710461225 1.3560882806777954 13
1711710461501 1.336948275566101 14
1711710461769 1.2898497581481934 15
1711710462005 1.264363408088684 16
1711710462273 1.2219940423965454 17
1711710462508 1.1705613136291504 18
1711710462773 1.1652311086654663 19
1711710463043 1.130605936050415 20
1711710463316 1.1341067552566528 21
1711710463549 1.071689486503601 22
1711710463813 1.006032109260559 23
1711710464083 1.0643938779830933 24
1711710464354 0.9781212210655212 25
1711710464627 0.9202168583869934 26
1711710464896 0.8845508694648743 27
1711710465161 0.926535964012146 28
1711710465428 0.8467803001403809 29
1711710465699 0.8533762693405151 30
1711710465963 0.7986571192741394 31
1711710466230 0.8141894936561584 32
1711710466466 0.831384539604187 33
1711710466701 0.7930787205696106 34
