1711957827779 5238.9794921875 0
1711957828010 455.5787048339844 1
1711957828240 118.34870910644531 2
1711957828468 71.26506042480469 3
1711957828695 43.908447265625 4
1711957828922 29.271406173706055 5
1711957829149 21.8858699798584 6
1711957829377 17.01624298095703 7
1711957829604 14.201567649841309 8
1711957829830 12.296128273010254 9
1711957830058 10.690491676330566 10
1711957830285 9.78804874420166 11
1711957830512 8.578407287597656 12
1711957830740 7.938375473022461 13
1711957830968 7.171582221984863 14
1711957831195 6.785704135894775 15
1711957831430 6.48840856552124 16
1711957831658 6.209432601928711 17
1711957831886 5.810093879699707 18
1711957832104 5.6280670166015625 19
1711957832332 5.457919597625732 20
1711957832560 5.130840301513672 21
1711957832792 5.037671089172363 22
1711957833019 4.662192344665527 23
1711957833247 4.5802388191223145 24
1711957833466 4.400269985198975 25
1711957833694 4.197403430938721 26
1711957833921 3.9471609592437744 27
1711957834141 3.9891862869262695 28
1711957834368 3.677746534347534 29
1711957834596 3.5081212520599365 30
1711957834816 3.4294190406799316 31
1711957835043 3.138803243637085 32
1711957835263 3.268112897872925 33
1711957835491 2.7920258045196533 34
1711957835710 2.55671763420105 35
1711957836018 2.7372171878814697 36
1711957836306 2.3465147018432617 37
1711957836690 2.498220682144165 38
1711957837020 2.0857458114624023 39
1711957837256 1.9586158990859985 40
1711957837517 1.966969609260559 41
1711957837758 1.7523890733718872 42
1711957837986 1.6460580825805664 43
1711957838217 1.548068642616272 44
1711957838436 1.5613720417022705 45
1711957838670 1.3294341564178467 46
1711957838901 1.3463932275772095 47
1711957839129 1.225659966468811 48
1711957839368 1.1960114240646362 49
