1711957827779 55.221736907958984 0
1711957828010 15.651321411132812 1
1711957828240 7.448891639709473 2
1711957828468 5.6153974533081055 3
1711957828695 4.392533302307129 4
1711957828922 3.6765947341918945 5
1711957829149 3.2529149055480957 6
1711957829377 2.8832664489746094 7
1711957829604 2.6590569019317627 8
1711957829830 2.492389678955078 9
1711957830058 2.3467726707458496 10
1711957830285 2.2625060081481934 11
1711957830512 2.122227907180786 12
1711957830740 2.0507121086120605 13
1711957830968 1.9443119764328003 14
1711957831195 1.9023420810699463 15
1711957831430 1.87043297290802 16
1711957831658 1.8428364992141724 17
1711957831886 1.7759180068969727 18
1711957832104 1.7483471632003784 19
1711957832332 1.7282240390777588 20
1711957832560 1.6740708351135254 21
1711957832792 1.6600502729415894 22
1711957833019 1.58828866481781 23
1711957833247 1.5803170204162598 24
1711957833466 1.5450599193572998 25
1711957833694 1.5061932802200317 26
1711957833921 1.4643231630325317 27
1711957834141 1.481169581413269 28
1711957834368 1.4124586582183838 29
1711957834596 1.3931893110275269 30
1711957834816 1.373906135559082 31
1711957835043 1.3129942417144775 32
1711957835263 1.3443729877471924 33
1711957835491 1.2307624816894531 34
1711957835710 1.1773771047592163 35
1711957836018 1.2321196794509888 36
1711957836306 1.1342984437942505 37
1711957836690 1.1839970350265503 38
1711957837020 1.0641449689865112 39
1711957837256 1.0324065685272217 40
1711957837517 1.043168306350708 41
1711957837758 0.9855348467826843 42
1711957837986 0.9554403424263 43
1711957838217 0.9273239374160767 44
1711957838436 0.9439164996147156 45
1711957838670 0.8561198115348816 46
1711957838901 0.8719217777252197 47
1711957839129 0.8330041766166687 48
1711957839368 0.8205966949462891 49
