1711713830192 60.23844909667969 0
1711713830457 23.146879196166992 1
1711713830729 8.796072959899902 2
1711713830996 6.080320835113525 3
1711713831262 4.667258262634277 4
1711713831532 3.792581796646118 5
1711713831801 3.368518829345703 6
1711713832071 3.0295042991638184 7
1711713832337 2.7733492851257324 8
1711713832607 2.5621016025543213 9
1711713832892 2.356004238128662 10
1711713833168 2.150484085083008 11
1711713833433 2.0159144401550293 12
1711713833702 1.863561749458313 13
1711713833974 1.758914589881897 14
1711713834204 1.706007957458496 15
1711713834520 1.6301789283752441 16
1711713834785 1.538711667060852 17
1711713835054 1.4951227903366089 18
1711713835323 1.4568089246749878 19
1711713835588 1.408889889717102 20
1711713835856 1.4714546203613281 21
1711713836137 1.412279486656189 22
1711713836413 1.3449164628982544 23
1711713836682 1.2921754121780396 24
1711713836949 1.3183759450912476 25
1711713837218 1.2821263074874878 26
1711713837495 1.2461198568344116 27
1711713837764 1.1796067953109741 28
1711713838031 1.1739124059677124 29
1711713838303 1.1207466125488281 30
1711713838572 1.1457322835922241 31
1711713838808 1.0378178358078003 32
1711713839076 1.0245190858840942 33
1711713839309 0.9915978908538818 34
1711713839543 0.9527566432952881 35
