1711713830192 6062.544921875 0
1711713830457 881.8383178710938 1
1711713830729 159.1930694580078 2
1711713830996 90.11974334716797 3
1711713831262 54.13047790527344 4
1711713831532 32.68739318847656 5
1711713831801 23.566240310668945 6
1711713832071 18.067821502685547 7
1711713832337 14.55167293548584 8
1711713832607 12.172194480895996 9
1711713832892 10.180001258850098 10
1711713833168 8.468090057373047 11
1711713833433 7.402829647064209 12
1711713833702 6.3336501121521 13
1711713833974 5.6413116455078125 14
1711713834204 5.21991491317749 15
1711713834520 4.749529838562012 16
1711713834785 4.242527484893799 17
1711713835054 3.9799327850341797 18
1711713835323 3.794746160507202 19
1711713835588 3.5744152069091797 20
1711713835856 3.826470136642456 21
1711713836137 3.5442850589752197 22
1711713836413 3.2774956226348877 23
1711713836682 3.0162718296051025 24
1711713836949 3.0642220973968506 25
1711713837218 2.953589916229248 26
1711713837495 2.7621099948883057 27
1711713837764 2.508526086807251 28
1711713838031 2.4858782291412354 29
1711713838303 2.2736902236938477 30
1711713838572 2.3599579334259033 31
1711713838808 1.945539951324463 32
1711713839076 1.8887646198272705 33
1711713839309 1.7720754146575928 34
1711713839543 1.6351529359817505 35
