1711708848632 61.01020050048828 0
1711708848903 24.506099700927734 1
1711708849178 9.280245780944824 2
1711708849447 6.773669242858887 3
1711708849713 5.364583969116211 4
1711708849984 4.5949387550354 5
1711708850251 3.8983845710754395 6
1711708850518 3.301905632019043 7
1711708850785 2.9125161170959473 8
1711708851054 2.648109197616577 9
1711708851322 2.4586498737335205 10
1711708851584 2.3344368934631348 11
1711708851851 2.1717023849487305 12
1711708852163 2.028261423110962 13
1711708852430 1.9137014150619507 14
1711708852731 1.7799869775772095 15
1711708852998 1.6608930826187134 16
1711708853265 1.5782289505004883 17
1711708853530 1.5248364210128784 18
1711708853793 1.494892954826355 19
1711708854025 1.4234968423843384 20
1711708854294 1.3690260648727417 21
1711708854558 1.2952375411987305 22
1711708854824 1.2591017484664917 23
1711708855086 1.2043391466140747 24
1711708855356 1.205548882484436 25
1711708855622 1.1629632711410522 26
1711708855854 1.1055172681808472 27
1711708856123 1.0757479667663574 28
1711708856389 1.0370078086853027 29
1711708856622 1.0558708906173706 30
1711708856888 0.9852628707885742 31
1711708857151 0.9685585498809814 32
1711708857387 0.9185108542442322 33
1711708857617 0.9774652123451233 34
