1711708848632 6265.23974609375 0
1711708848903 963.4329223632812 1
1711708849178 162.99301147460938 2
1711708849447 94.97099304199219 3
1711708849713 62.8029670715332 4
1711708849984 45.105377197265625 5
1711708850251 31.763778686523438 6
1711708850518 22.62032127380371 7
1711708850785 17.214963912963867 8
1711708851054 14.113912582397461 9
1711708851322 12.00167179107666 10
1711708851584 10.615277290344238 11
1711708851851 9.186919212341309 12
1711708852163 7.923191547393799 13
1711708852430 6.975810527801514 14
1711708852731 6.038527488708496 15
1711708852998 5.2916364669799805 16
1711708853265 4.688591480255127 17
1711708853530 4.321105003356934 18
1711708853793 4.11478328704834 19
1711708854025 3.706845998764038 20
1711708854294 3.392826795578003 21
1711708854558 3.069125175476074 22
1711708854824 2.8581345081329346 23
1711708855086 2.6206047534942627 24
1711708855356 2.5705273151397705 25
1711708855622 2.3945250511169434 26
1711708855854 2.173851728439331 27
1711708856123 2.053907871246338 28
1711708856389 1.9147692918777466 29
1711708856622 1.9509364366531372 30
1711708856888 1.724178671836853 31
1711708857151 1.650496006011963 32
1711708857387 1.4933863878250122 33
1711708857617 1.6427302360534668 34
