1711959237090 6057.56396484375 0
1711959237360 690.3692016601562 1
1711959237629 134.5795440673828 2
1711959237895 68.0687255859375 3
1711959238165 35.879940032958984 4
1711959238430 22.204769134521484 5
1711959238694 14.920662879943848 6
1711959238965 11.472636222839355 7
1711959239229 9.26687240600586 8
1711959239498 7.660029411315918 9
1711959239761 6.803301811218262 10
1711959240024 6.3031487464904785 11
1711959240289 5.802671432495117 12
1711959240552 5.388559341430664 13
1711959240817 5.149207592010498 14
1711959241111 5.049666881561279 15
1711959241376 4.782322406768799 16
1711959241641 4.486059665679932 17
1711959241871 4.290746212005615 18
1711959242146 4.160396099090576 19
1711959242399 4.1166205406188965 20
1711959242802 3.9756417274475098 21
1711959243056 3.791292428970337 22
1711959243320 3.6250159740448 23
1711959243584 3.4230196475982666 24
1711959243854 3.4014642238616943 25
1711959244080 3.156797409057617 26
1711959244311 3.084786891937256 27
1711959244575 2.8494558334350586 28
1711959244844 3.0567386150360107 29
1711959245125 2.713223695755005 30
1711959245390 2.6021947860717773 31
1711959245620 2.4071741104125977 32
1711959245883 2.1232235431671143 33
1711959246149 2.146857500076294 34
1711959246412 1.9972102642059326 35
1711959246674 1.9429842233657837 36
1711959246961 1.8118810653686523 37
1711959247314 1.6821098327636719 38
