1711959237090 59.57680892944336 0
1711959237360 19.842601776123047 1
1711959237629 8.10540771484375 2
1711959237895 5.455535411834717 3
1711959238165 3.9165141582489014 4
1711959238430 3.193174362182617 5
1711959238694 2.661524534225464 6
1711959238965 2.3927762508392334 7
1711959239229 2.1986465454101562 8
1711959239498 1.9934370517730713 9
1711959239761 1.8994206190109253 10
1711959240024 1.8406708240509033 11
1711959240289 1.7742942571640015 12
1711959240552 1.713544487953186 13
1711959240817 1.6863477230072021 14
1711959241111 1.6683540344238281 15
1711959241376 1.6293156147003174 16
1711959241641 1.5835705995559692 17
1711959241871 1.545339822769165 18
1711959242146 1.5218144655227661 19
1711959242399 1.5135598182678223 20
1711959242802 1.4897422790527344 21
1711959243056 1.4507588148117065 22
1711959243320 1.4236019849777222 23
1711959243584 1.3800134658813477 24
1711959243854 1.3767495155334473 25
1711959244080 1.3250751495361328 26
1711959244311 1.3176021575927734 27
1711959244575 1.2648032903671265 28
1711959244844 1.3162643909454346 29
1711959245125 1.2293187379837036 30
1711959245390 1.206878900527954 31
1711959245620 1.1535321474075317 32
1711959245883 1.0810507535934448 33
1711959246149 1.0872749090194702 34
1711959246412 1.0528584718704224 35
1711959246674 1.0430532693862915 36
1711959246961 0.9958775043487549 37
1711959247314 0.9597728252410889 38
