1711958356608 5812.91064453125 0
1711958356880 657.5264892578125 1
1711958357146 119.41752624511719 2
1711958357409 64.09190368652344 3
1711958357672 38.04542541503906 4
1711958357935 26.0062313079834 5
1711958358196 19.7354679107666 6
1711958358459 15.37792682647705 7
1711958358721 12.585502624511719 8
1711958358984 10.295530319213867 9
1711958359255 8.765939712524414 10
1711958359524 7.432002067565918 11
1711958359794 6.512444019317627 12
1711958360093 6.058325290679932 13
1711958360322 5.415416717529297 14
1711958360584 5.0848612785339355 15
1711958360917 4.758334159851074 16
1711958361144 4.649043560028076 17
1711958361406 4.272106647491455 18
1711958361667 4.467637062072754 19
1711958362095 4.009453296661377 20
1711958362326 3.755342721939087 21
1711958362589 3.5269103050231934 22
1711958362850 3.0684990882873535 23
1711958363112 2.731595754623413 24
1711958363374 2.5564796924591064 25
1711958363682 2.377084970474243 26
1711958363910 2.190805673599243 27
1711958364171 1.9434895515441895 28
1711958364433 1.7735676765441895 29
1711958364693 1.596173882484436 30
1711958364920 1.524082899093628 31
1711958365146 1.455374836921692 32
1711958365409 1.3411937952041626 33
1711958365693 1.2234572172164917 34
1711958365955 1.1449755430221558 35
1711958366215 1.0330944061279297 36
1711958366446 0.9958592653274536 37
1711958366709 1.032627820968628 38
1711958366975 0.9115058183670044 39
1711958367202 0.919127881526947 40
1711958367462 0.7757374048233032 41
