1711958356608 58.42789077758789 0
1711958356880 19.31322479248047 1
1711958357146 7.549675941467285 2
1711958357409 5.309180736541748 3
1711958357672 4.121153354644775 4
1711958357935 3.49991774559021 5
1711958358196 3.1159794330596924 6
1711958358459 2.775219440460205 7
1711958358721 2.5110018253326416 8
1711958358984 2.272380828857422 9
1711958359255 2.1005382537841797 10
1711958359524 1.936073660850525 11
1711958359794 1.826360821723938 12
1711958360093 1.7668448686599731 13
1711958360322 1.6750054359436035 14
1711958360584 1.6231390237808228 15
1711958360917 1.5715855360031128 16
1711958361144 1.5591187477111816 17
1711958361406 1.4947434663772583 18
1711958361667 1.5444746017456055 19
1711958362095 1.4566246271133423 20
1711958362326 1.4180800914764404 21
1711958362589 1.3672525882720947 22
1711958362850 1.2674020528793335 23
1711958363112 1.2016456127166748 24
1711958363374 1.1683365106582642 25
1711958363682 1.1186563968658447 26
1711958363910 1.0885945558547974 27
1711958364171 1.0260207653045654 28
1711958364433 0.9714693427085876 29
1711958364693 0.9199446439743042 30
1711958364920 0.9091379642486572 31
1711958365146 0.8846541047096252 32
1711958365409 0.8505399823188782 33
1711958365693 0.8065093755722046 34
1711958365955 0.7888529896736145 35
1711958366215 0.743388295173645 36
1711958366446 0.7368308305740356 37
1711958366709 0.7560548186302185 38
1711958366975 0.7093740701675415 39
1711958367202 0.7215869426727295 40
1711958367462 0.6551379561424255 41
