1711708000839 60.64059066772461 0
1711708001108 24.27024269104004 1
1711708001374 7.814223766326904 2
1711708001640 5.304194927215576 3
1711708001907 4.317367076873779 4
1711708002174 3.7559399604797363 5
1711708002435 3.3871848583221436 6
1711708002703 3.196584701538086 7
1711708002970 2.9007022380828857 8
1711708003236 2.629173517227173 9
1711708003503 2.4372780323028564 10
1711708003766 2.185218334197998 11
1711708004020 1.9962575435638428 12
1711708004285 1.8646643161773682 13
1711708004549 1.755141019821167 14
1711708004833 1.656420350074768 15
1711708005098 1.5794881582260132 16
1711708005347 1.5204007625579834 17
1711708005612 1.4298088550567627 18
1711708005843 1.3859553337097168 19
1711708006106 1.3933799266815186 20
1711708006338 1.3387973308563232 21
1711708006601 1.3101402521133423 22
1711708006937 1.2584500312805176 23
1711708007206 1.2454981803894043 24
1711708007471 1.1633869409561157 25
1711708007733 1.1584101915359497 26
1711708007997 1.134023904800415 27
1711708008232 1.0652250051498413 28
1711708008499 1.0823078155517578 29
1711708008763 1.005683422088623 30
1711708009028 1.0113366842269897 31
1711708009292 0.9987667798995972 32
1711708009522 0.9526582956314087 33
1711708009788 0.900111973285675 34
