1711708000839 6266.05419921875 0
1711708001108 922.2091674804688 1
1711708001374 131.47950744628906 2
1711708001640 68.48028564453125 3
1711708001907 42.627933502197266 4
1711708002174 29.535205841064453 5
1711708002435 23.0972957611084 6
1711708002703 19.6706600189209 7
1711708002970 16.2110538482666 8
1711708003236 13.432320594787598 9
1711708003503 11.533650398254395 10
1711708003766 9.296187400817871 11
1711708004020 7.727190017700195 12
1711708004285 6.6411614418029785 13
1711708004549 5.828518390655518 14
1711708004833 5.15798807144165 15
1711708005098 4.637408256530762 16
1711708005347 4.294025421142578 17
1711708005612 3.822482109069824 18
1711708005843 3.5288965702056885 19
1711708006106 3.5429203510284424 20
1711708006338 3.2339026927948 21
1711708006601 3.1023168563842773 22
1711708006937 2.858578681945801 23
1711708007206 2.781079053878784 24
1711708007471 2.4567337036132812 25
1711708007733 2.4153242111206055 26
1711708007997 2.314321756362915 27
1711708008232 2.0484867095947266 28
1711708008499 2.0902204513549805 29
1711708008763 1.8153631687164307 30
1711708009028 1.8241349458694458 31
1711708009292 1.7659897804260254 32
1711708009522 1.6112699508666992 33
1711708009788 1.4546442031860352 34
