1711711396336 5496.38330078125 0
1711711396614 680.0341796875 1
1711711396887 128.09963989257812 2
1711711397158 66.95445251464844 3
1711711397428 38.77848815917969 4
1711711397700 26.439388275146484 5
1711711397967 19.772214889526367 6
1711711398238 16.134496688842773 7
1711711398503 13.374947547912598 8
1711711398772 11.651925086975098 9
1711711399076 9.979581832885742 10
1711711399342 8.686863899230957 11
1711711399612 7.899984359741211 12
1711711399879 7.130857944488525 13
1711711400150 6.573173522949219 14
1711711400418 6.328183650970459 15
1711711400701 5.931634426116943 16
1711711400964 5.5802226066589355 17
1711711401203 5.396760940551758 18
1711711401468 4.857046604156494 19
1711711401735 4.769954204559326 20
1711711402006 4.610550403594971 21
1711711402275 4.615314960479736 22
1711711402542 4.155261516571045 23
1711711402811 4.0917205810546875 24
1711711403046 3.916964530944824 25
1711711403311 3.9529287815093994 26
1711711403581 3.650120735168457 27
1711711403812 3.322364330291748 28
1711711404080 3.1827499866485596 29
1711711404347 3.084249496459961 30
1711711404585 2.9522531032562256 31
1711711404852 2.5595614910125732 32
1711711405117 2.448965072631836 33
1711711405385 2.249786615371704 34
1711711405653 2.2409610748291016 35
1711711405886 2.0884029865264893 36
1711711406156 1.8751598596572876 37
1711711406420 1.7530016899108887 38
1711711406657 1.7412577867507935 39
1711711406932 1.6164156198501587 40
1711711407166 1.5070948600769043 41
1711711407496 1.4089072942733765 42
1711711407760 1.3861993551254272 43
1711711408003 1.3038251399993896 44
1711711408275 1.136012077331543 45
1711711408545 1.0545542240142822 46
1711711408797 0.991604208946228 47
1711711409063 1.0777877569198608 48
1711711409300 0.9363701343536377 49
