1711711396336 56.904388427734375 0
1711711396614 19.78936195373535 1
1711711396887 7.7149658203125 2
1711711397158 5.2010955810546875 3
1711711397428 4.002923965454102 4
1711711397700 3.477871894836426 5
1711711397967 3.075967788696289 6
1711711398238 2.811250686645508 7
1711711398503 2.579627275466919 8
1711711398772 2.4370667934417725 9
1711711399076 2.2569942474365234 10
1711711399342 2.1037399768829346 11
1711711399612 2.0254621505737305 12
1711711399879 1.9227755069732666 13
1711711400150 1.8568745851516724 14
1711711400418 1.8314275741577148 15
1711711400701 1.778804898262024 16
1711711400964 1.7282631397247314 17
1711711401203 1.7051931619644165 18
1711711401468 1.6032768487930298 19
1711711401735 1.6035207509994507 20
1711711402006 1.5804225206375122 21
1711711402275 1.5855287313461304 22
1711711402542 1.491403579711914 23
1711711402811 1.4813708066940308 24
1711711403046 1.453393816947937 25
1711711403311 1.4662131071090698 26
1711711403581 1.4097495079040527 27
1711711403812 1.3328258991241455 28
1711711404080 1.3108710050582886 29
1711711404347 1.299615502357483 30
1711711404585 1.262494444847107 31
1711711404852 1.1748145818710327 32
1711711405117 1.1520909070968628 33
1711711405385 1.1064558029174805 34
1711711405653 1.1123552322387695 35
1711711405886 1.0772078037261963 36
1711711406156 1.0159471035003662 37
1711711406420 0.9818158149719238 38
1711711406657 0.9833536744117737 39
1711711406932 0.9504902958869934 40
1711711407166 0.9119194746017456 41
1711711407496 0.8883465528488159 42
1711711407760 0.8834764361381531 43
1711711408003 0.8634669184684753 44
1711711408275 0.799302339553833 45
1711711408545 0.769731342792511 46
1711711408797 0.7452618479728699 47
1711711409063 0.7849808931350708 48
1711711409300 0.7317266464233398 49
