1711709288653 59.19258499145508 0
1711709288952 22.185455322265625 1
1711709289227 7.855891704559326 2
1711709289508 5.867546081542969 3
1711709289783 4.730002403259277 4
1711709290052 4.1130452156066895 5
1711709290319 3.7093067169189453 6
1711709290689 3.448857069015503 7
1711709290978 3.1655211448669434 8
1711709291244 2.910252094268799 9
1711709291515 2.6028199195861816 10
1711709291786 2.3673150539398193 11
1711709292055 2.1533403396606445 12
1711709292393 1.990909457206726 13
1711709292670 1.9086962938308716 14
1711709292914 1.8213175535202026 15
1711709293186 1.7118178606033325 16
1711709293451 1.6638394594192505 17
1711709293719 1.5723499059677124 18
1711709293988 1.5467429161071777 19
1711709294223 1.503245234489441 20
1711709294516 1.4740351438522339 21
1711709294834 1.4282631874084473 22
1711709295106 1.3516814708709717 23
1711709295377 1.3356382846832275 24
1711709295686 1.3109004497528076 25
1711709296059 1.2625449895858765 26
1711709296443 1.2201266288757324 27
1711709296676 1.1985207796096802 28
1711709296942 1.2094491720199585 29
1711709297227 1.1347904205322266 30
1711709297528 1.1654014587402344 31
1711709297767 1.1028854846954346 32
1711709298073 1.0422698259353638 33
1711709298350 1.0444329977035522 34
1711709298619 0.9901835322380066 35
1711709298884 0.9771116375923157 36
1711709299127 0.963578462600708 37
1711709299361 0.961000382900238 38
1711709299679 0.9682104587554932 39
1711709299913 0.8792701363563538 40
1711709300180 0.8925332427024841 41
1711709300518 0.8784618973731995 42
1711709300794 0.8721280694007874 43
1711709301076 0.8258048892021179 44
1711709301347 0.8155142664909363 45
1711709301575 0.830004096031189 46
1711709301846 0.7694779634475708 47
1711709302113 0.7566124200820923 48
1711709302392 0.7944332361221313 49
