1711709288653 5922.32568359375 0
1711709288952 813.5862426757812 1
1711709289227 130.73316955566406 2
1711709289508 77.12373352050781 3
1711709289783 50.30418014526367 4
1711709290052 36.33952713012695 5
1711709290319 27.972204208374023 6
1711709290689 23.643762588500977 7
1711709290978 19.680994033813477 8
1711709291244 16.55016326904297 9
1711709291515 13.403366088867188 10
1711709291786 11.052218437194824 11
1711709292055 9.083603858947754 12
1711709292393 7.685695171356201 13
1711709292670 6.884920120239258 14
1711709292914 6.191439628601074 15
1711709293186 5.437478542327881 16
1711709293451 5.116835594177246 17
1711709293719 4.569760799407959 18
1711709293988 4.392241954803467 19
1711709294223 4.119214057922363 20
1711709294516 3.9434266090393066 21
1711709294834 3.703498125076294 22
1711709295106 3.3038392066955566 23
1711709295377 3.185883045196533 24
1711709295686 3.086437225341797 25
1711709296059 2.8509721755981445 26
1711709296443 2.6631457805633545 27
1711709296676 2.5537421703338623 28
1711709296942 2.5829854011535645 29
1711709297227 2.296504497528076 30
1711709297528 2.3899078369140625 31
1711709297767 2.153477430343628 32
1711709298073 1.9346414804458618 33
1711709298350 1.9283565282821655 34
1711709298619 1.7479374408721924 35
1711709298884 1.6942307949066162 36
1711709299127 1.649531602859497 37
1711709299361 1.6239122152328491 38
1711709299679 1.6474963426589966 39
1711709299913 1.3548880815505981 40
1711709300180 1.3840183019638062 41
1711709300518 1.3501737117767334 42
1711709300794 1.3225727081298828 43
1711709301076 1.1900686025619507 44
1711709301347 1.1656678915023804 45
1711709301575 1.198351263999939 46
1711709301846 1.0286270380020142 47
1711709302113 0.9935089945793152 48
1711709302392 1.085595965385437 49
