1711707831897 56.5849494934082 0
1711707832129 17.421546936035156 1
1711707832360 7.086525917053223 2
1711707832589 5.516332626342773 3
1711707832830 4.571183204650879 4
1711707833060 3.9869937896728516 5
1711707833289 3.462688684463501 6
1711707833515 3.101336717605591 7
1711707833741 2.814415454864502 8
1711707833969 2.550739288330078 9
1711707834199 2.2604658603668213 10
1711707834431 2.086470603942871 11
1711707834662 1.8996663093566895 12
1711707834892 1.7441881895065308 13
1711707835122 1.6521610021591187 14
1711707835367 1.5442476272583008 15
1711707835596 1.5291789770126343 16
1711707835830 1.4681532382965088 17
1711707836092 1.4159411191940308 18
1711707836322 1.336177945137024 19
1711707836589 1.3122347593307495 20
1711707836832 1.2605652809143066 21
1711707837061 1.1941040754318237 22
1711707837292 1.1972252130508423 23
1711707837513 1.1406381130218506 24
1711707837743 1.1414560079574585 25
1711707837974 1.127230167388916 26
1711707838210 1.0332446098327637 27
1711707838441 1.0436794757843018 28
1711707838662 1.0113292932510376 29
1711707838883 0.9753983616828918 30
