1711707831897 5483.15771484375 0
1711707832129 558.562255859375 1
1711707832360 109.220947265625 2
1711707832589 67.6025619506836 3
1711707832830 45.2143669128418 4
1711707833060 32.87321853637695 5
1711707833289 24.61211395263672 6
1711707833515 19.619361877441406 7
1711707833741 16.0740909576416 8
1711707833969 13.15312385559082 9
1711707834199 10.466565132141113 10
1711707834431 8.847920417785645 11
1711707834662 7.327959060668945 12
1711707834892 6.120241165161133 13
1711707835122 5.38848352432251 14
1711707835367 4.6913275718688965 15
1711707835596 4.448972702026367 16
1711707835830 4.086596488952637 17
1711707836092 3.742108106613159 18
1711707836322 3.351574420928955 19
1711707836589 3.2221198081970215 20
1711707836832 2.9435555934906006 21
1711707837061 2.6685352325439453 22
1711707837292 2.6204934120178223 23
1711707837513 2.3952903747558594 24
1711707837743 2.382193088531494 25
1711707837974 2.3012633323669434 26
1711707838210 1.9765815734863281 27
1711707838441 1.9944016933441162 28
1711707838662 1.8517683744430542 29
1711707838883 1.748952031135559 30
