1711707983822 6222.578125 0
1711707984094 780.004638671875 1
1711707984363 114.82584381103516 2
1711707984629 60.70064926147461 3
1711707985131 34.00045394897461 4
1711707985394 20.80594825744629 5
1711707985654 15.42003059387207 6
1711707985921 12.316436767578125 7
1711707986251 10.666107177734375 8
1711707986518 9.330084800720215 9
1711707986782 8.327271461486816 10
1711707987047 7.307618618011475 11
1711707987313 6.509766578674316 12
1711707987578 6.219946384429932 13
1711707987849 5.566404342651367 14
1711707988079 5.260333061218262 15
1711707988366 4.912249565124512 16
1711707988629 4.710066318511963 17
1711707988858 4.433140277862549 18
1711707989129 4.211643695831299 19
1711707989357 4.073028087615967 20
1711707989619 3.9518883228302 21
1711707989881 3.6755337715148926 22
1711707990140 4.08939266204834 23
1711707990369 3.5717053413391113 24
1711707990630 3.2967398166656494 25
1711707990888 3.3187317848205566 26
1711707991120 3.055708408355713 27
1711707991384 2.959214448928833 28
1711707991645 2.8302078247070312 29
1711707991871 2.702308416366577 30
1711707992137 2.6065995693206787 31
1711707992399 2.472712516784668 32
1711707992626 2.27937650680542 33
1711707992888 2.457427740097046 34
1711707993116 2.3046398162841797 35
1711707993416 2.1107192039489746 36
1711707993657 1.956813097000122 37
1711707993919 2.035794734954834 38
1711707994181 1.6844525337219238 39
1711707994407 1.7796964645385742 40
1711707994670 1.5384833812713623 41
