1711707983822 60.86443328857422 0
1711707984094 21.256542205810547 1
1711707984363 7.502580642700195 2
1711707984629 5.45206880569458 3
1711707985131 4.0818562507629395 4
1711707985394 3.2273623943328857 5
1711707985654 2.84432053565979 6
1711707985921 2.568180561065674 7
1711707986251 2.4185895919799805 8
1711707986518 2.2575953006744385 9
1711707986782 2.1381821632385254 10
1711707987047 2.002643346786499 11
1711707987313 1.8970348834991455 12
1711707987578 1.865129828453064 13
1711707987849 1.7592580318450928 14
1711707988079 1.7150596380233765 15
1711707988366 1.6524120569229126 16
1711707988629 1.628865361213684 17
1711707988858 1.5711709260940552 18
1711707989129 1.5357908010482788 19
1711707989357 1.5130844116210938 20
1711707989619 1.4912984371185303 21
1711707989881 1.4362801313400269 22
1711707990140 1.5319592952728271 23
1711707990369 1.4219715595245361 24
1711707990630 1.3602749109268188 25
1711707990888 1.3689029216766357 26
1711707991120 1.3153088092803955 27
1711707991384 1.2914378643035889 28
1711707991645 1.2597979307174683 29
1711707991871 1.2321754693984985 30
1711707992137 1.2111026048660278 31
1711707992399 1.1743087768554688 32
1711707992626 1.125882625579834 33
1711707992888 1.1748443841934204 34
1711707993116 1.135511875152588 35
1711707993416 1.0815564393997192 36
1711707993657 1.0409773588180542 37
1711707993919 1.0676149129867554 38
1711707994181 0.9561103582382202 39
1711707994407 0.9957000613212585 40
1711707994670 0.9166989922523499 41
