1711710946812 56.33841323852539 0
1711710947083 20.83440399169922 1
1711710947354 9.12332534790039 2
1711710947627 6.237302780151367 3
1711710947889 4.450361728668213 4
1711710948161 3.4320108890533447 5
1711710948444 3.001699447631836 6
1711710948712 2.6093101501464844 7
1711710948977 2.3300349712371826 8
1711710949246 2.0739989280700684 9
1711710949511 1.8561404943466187 10
1711710949782 1.711247205734253 11
1711710950049 1.60692298412323 12
1711710950317 1.4982366561889648 13
1711710950587 1.3863582611083984 14
1711710950857 1.3634358644485474 15
1711710951125 1.2565135955810547 16
1711710951358 1.2104156017303467 17
1711710951593 1.1696429252624512 18
1711710951926 1.1123892068862915 19
1711710952167 1.0563892126083374 20
1711710952433 1.0325161218643188 21
1711710952696 0.9616996049880981 22
1711710952971 0.9656818509101868 23
1711710953238 0.9429357051849365 24
1711710953472 0.932543158531189 25
1711710953740 0.9492796063423157 26
1711710953973 0.9119789600372314 27
1711710954241 0.8700585961341858 28
1711710954517 0.8707190155982971 29
1711710954789 0.8233855962753296 30
1711710955060 0.8539943695068359 31
1711710955345 0.8311972618103027 32
1711710955613 0.8142936825752258 33
1711710955897 0.7950284481048584 34
1711710956130 0.9046799540519714 35
1711710956397 0.8203377723693848 36
1711710956662 0.7372711896896362 37
1711710956896 0.7573316097259521 38
1711710957164 0.7401198744773865 39
1711710957402 0.7323011755943298 40
1711710957634 0.7431426644325256 41
1711710957899 0.7353445887565613 42
1711710958167 0.7545257806777954 43
1711710958402 0.7343859076499939 44
1711710958669 0.689669132232666 45
1711710958901 0.6985102295875549 46
1711710959195 0.7073283195495605 47
1711710959469 0.76712965965271 48
1711710959702 0.6805105805397034 49
