1711710946812 5442.89306640625 0
1711710947083 719.5245971679688 1
1711710947354 159.56674194335938 2
1711710947627 83.80665588378906 3
1711710947889 44.153202056884766 4
1711710948161 25.34051513671875 5
1711710948444 18.046375274658203 6
1711710948712 13.552482604980469 7
1711710948977 10.768146514892578 8
1711710949246 8.439432144165039 9
1711710949511 6.666159629821777 10
1711710949782 5.66610860824585 11
1711710950049 4.954813480377197 12
1711710950317 4.27103328704834 13
1711710950587 3.6812243461608887 14
1711710950857 3.4812679290771484 15
1711710951125 2.9684221744537354 16
1711710951358 2.750108003616333 17
1711710951593 2.5701744556427 18
1711710951926 2.314999580383301 19
1711710952167 2.1037659645080566 20
1711710952433 1.9829754829406738 21
1711710952696 1.749393105506897 22
1711710952971 1.7407039403915405 23
1711710953238 1.6432782411575317 24
1711710953472 1.5739887952804565 25
1711710953740 1.6226009130477905 26
1711710953973 1.4845671653747559 27
1711710954241 1.3642603158950806 28
1711710954517 1.3617864847183228 29
1711710954789 1.2062255144119263 30
1711710955060 1.2733241319656372 31
1711710955345 1.2086201906204224 32
1711710955613 1.1569969654083252 33
1711710955897 1.1131953001022339 34
1711710956130 1.4110766649246216 35
1711710956397 1.183383584022522 36
1711710956662 0.9449094533920288 37
1711710956896 0.9947806000709534 38
1711710957164 0.9499298334121704 39
1711710957402 0.9287123680114746 40
1711710957634 0.9586717486381531 41
1711710957899 0.9255532622337341 42
1711710958167 0.9776647686958313 43
1711710958402 0.9405151605606079 44
1711710958669 0.8185068964958191 45
1711710958901 0.8488573431968689 46
1711710959195 0.8629629611968994 47
1711710959469 1.0104012489318848 48
1711710959702 0.8010132908821106 49
