1711711895024 5791.18359375 0
1711711895299 675.4188842773438 1
1711711895571 116.34390258789062 2
1711711895841 55.60478591918945 3
1711711896112 31.710830688476562 4
1711711896383 22.94764518737793 5
1711711896655 17.921695709228516 6
1711711896925 14.579527854919434 7
1711711897195 12.254734992980957 8
1711711897462 10.297144889831543 9
1711711897737 8.70251178741455 10
1711711898006 7.570432186126709 11
1711711898273 6.784572601318359 12
1711711898560 6.250523090362549 13
1711711898795 5.942982196807861 14
1711711899068 5.465737342834473 15
1711711899343 5.10376501083374 16
1711711899591 4.954244613647461 17
1711711899862 4.711287975311279 18
1711711900097 4.383613109588623 19
1711711900385 4.464259147644043 20
1711711900658 4.282321453094482 21
1711711900926 3.8912646770477295 22
1711711901198 3.761831521987915 23
1711711901433 3.541093349456787 24
1711711901662 3.4400582313537598 25
1711711901932 3.4369709491729736 26
1711711902200 3.1484787464141846 27
1711711902468 2.9050071239471436 28
1711711902707 2.844752550125122 29
1711711902941 2.7251954078674316 30
1711711903207 2.611741781234741 31
1711711903476 2.440309524536133 32
1711711903750 2.2522964477539062 33
1711711903984 2.098463296890259 34
1711711904253 2.1260828971862793 35
1711711904525 1.7710658311843872 36
1711711904791 1.6916303634643555 37
1711711905058 1.4539021253585815 38
1711711905326 1.3475152254104614 39
1711711905598 1.366518497467041 40
1711711905866 1.302463173866272 41
1711711906102 1.1843020915985107 42
1711711906367 1.0713071823120117 43
1711711906635 0.9795891046524048 44
1711711906871 1.016033411026001 45
1711711907140 0.8598895072937012 46
1711711907402 0.8295337557792664 47
1711711907670 0.7974993586540222 48
1711711907972 0.67867112159729 49
