1711711895024 58.00069808959961 0
1711711895299 19.751558303833008 1
1711711895571 7.4595184326171875 2
1711711895841 4.737736225128174 3
1711711896112 3.7075390815734863 4
1711711896383 3.3083674907684326 5
1711711896655 2.9986371994018555 6
1711711896925 2.761439323425293 7
1711711897195 2.539715051651001 8
1711711897462 2.3528666496276855 9
1711711897737 2.1663568019866943 10
1711711898006 2.0266239643096924 11
1711711898273 1.9348002672195435 12
1711711898560 1.8533555269241333 13
1711711898795 1.8229804039001465 14
1711711899068 1.7456685304641724 15
1711711899343 1.7000561952590942 16
1711711899591 1.6739027500152588 17
1711711899862 1.6293472051620483 18
1711711900097 1.5785439014434814 19
1711711900385 1.6004128456115723 20
1711711900658 1.5495692491531372 21
1711711900926 1.486131191253662 22
1711711901198 1.4615840911865234 23
1711711901433 1.4151371717453003 24
1711711901662 1.39657461643219 25
1711711901932 1.4043850898742676 26
1711711902200 1.3400501012802124 27
1711711902468 1.279226541519165 28
1711711902707 1.2688473463058472 29
1711711902941 1.2409275770187378 30
1711711903207 1.214218020439148 31
1711711903476 1.1805511713027954 32
1711711903750 1.122986912727356 33
1711711903984 1.0875011682510376 34
1711711904253 1.0966134071350098 35
1711711904525 0.9965657591819763 36
1711711904791 0.9830248951911926 37
1711711905058 0.9030444622039795 38
1711711905326 0.8711608052253723 39
1711711905598 0.8814164996147156 40
1711711905866 0.8634403347969055 41
1711711906102 0.8260144591331482 42
1711711906367 0.7820701599121094 43
1711711906635 0.7456382513046265 44
1711711906871 0.7632483243942261 45
1711711907140 0.6978387236595154 46
1711711907402 0.6883590817451477 47
1711711907670 0.6784550547599792 48
1711711907972 0.6241441965103149 49
