1711713424372 6158.7451171875 0
1711713424643 927.9428100585938 1
1711713424914 123.09330749511719 2
1711713425182 55.69124984741211 3
1711713425451 32.48966598510742 4
1711713425722 22.911827087402344 5
1711713426032 17.313199996948242 6
1711713426310 13.477500915527344 7
1711713426575 10.666382789611816 8
1711713426845 8.94003963470459 9
1711713427111 7.308363437652588 10
1711713427379 6.223748207092285 11
1711713427660 5.350374698638916 12
1711713427924 4.782322406768799 13
1711713428191 4.228783130645752 14
1711713428462 3.9914612770080566 15
1711713428730 3.6988227367401123 16
1711713428995 3.2469797134399414 17
1711713429266 2.929666757583618 18
1711713429535 2.686225652694702 19
1711713429766 2.7250592708587646 20
1711713430036 2.3038878440856934 21
1711713430303 2.257995128631592 22
1711713430571 2.160665512084961 23
1711713430802 2.1826066970825195 24
1711713431069 1.9150958061218262 25
1711713431335 1.7062102556228638 26
1711713431606 1.6548981666564941 27
1711713431869 1.616169810295105 28
1711713432137 1.4735928773880005 29
1711713432373 1.4100306034088135 30
1711713432642 1.2730698585510254 31
1711713432909 1.3591177463531494 32
1711713433145 1.2353287935256958 33
1711713433412 1.1192923784255981 34
1711713433682 1.1533313989639282 35
1711713433951 1.0818142890930176 36
1711713434186 1.1406683921813965 37
1711713434421 1.0253348350524902 38
1711713434757 0.921908438205719 39
1711713434995 0.9499624371528625 40
1711713435262 0.8354938626289368 41
1711713435516 0.822019100189209 42
1711713435784 0.8560286164283752 43
1711713436018 0.823438286781311 44
1711713436299 0.6880378127098083 45
1711713436567 0.7529507875442505 46
1711713436854 0.7597408890724182 47
1711713437121 0.645643413066864 48
1711713437356 0.6069499850273132 49
