1711713424372 60.87576675415039 0
1711713424643 23.734434127807617 1
1711713424914 7.639765739440918 2
1711713425182 4.723301410675049 3
1711713425451 3.6754157543182373 4
1711713425722 3.185049057006836 5
1711713426032 2.820258378982544 6
1711713426310 2.506408929824829 7
1711713426575 2.2431533336639404 8
1711713426845 2.08927321434021 9
1711713427111 1.8945668935775757 10
1711713427379 1.7672162055969238 11
1711713427660 1.6452081203460693 12
1711713427924 1.5744590759277344 13
1711713428191 1.4827722311019897 14
1711713428462 1.4540247917175293 15
1711713428730 1.4055635929107666 16
1711713428995 1.3212089538574219 17
1711713429266 1.2474696636199951 18
1711713429535 1.1987254619598389 19
1711713429766 1.224035382270813 20
1711713430036 1.1131924390792847 21
1711713430303 1.1073132753372192 22
1711713430571 1.0859439373016357 23
1711713430802 1.1041988134384155 24
1711713431069 1.031964898109436 25
1711713431335 0.9664250612258911 26
1711713431606 0.9566318988800049 27
1711713431869 0.9502689838409424 28
1711713432137 0.9033029079437256 29
1711713432373 0.8860807418823242 30
1711713432642 0.8387327790260315 31
1711713432909 0.8760381937026978 32
1711713433145 0.8387619256973267 33
1711713433412 0.7884949445724487 34
1711713433682 0.8086685538291931 35
1711713433951 0.7819545865058899 36
1711713434186 0.8122235536575317 37
1711713434421 0.7674375772476196 38
1711713434757 0.7239055633544922 39
1711713434995 0.7360123991966248 40
1711713435262 0.6869320273399353 41
1711713435516 0.6821370124816895 42
1711713435784 0.7050421237945557 43
1711713436018 0.6920480132102966 44
1711713436299 0.6238362789154053 45
1711713436567 0.6539735794067383 46
1711713436854 0.6642230153083801 47
1711713437121 0.608170211315155 48
1711713437356 0.5881744623184204 49
