1711957877640 6464.10693359375 0
1711957877951 778.0494995117188 1
1711957878223 139.44386291503906 2
1711957878497 85.97309875488281 3
1711957878762 56.42940902709961 4
1711957879035 38.47915267944336 5
1711957879435 28.37953758239746 6
1711957879713 22.46215057373047 7
1711957879983 18.89855194091797 8
1711957880252 15.920886993408203 9
1711957880520 14.398299217224121 10
1711957880787 12.076859474182129 11
1711957881063 9.969096183776855 12
1711957881337 8.613801956176758 13
1711957881605 7.56095552444458 14
1711957881871 6.485276699066162 15
1711957882183 5.922910690307617 16
1711957882420 5.393088340759277 17
1711957882686 4.944072723388672 18
1711957882952 4.40654182434082 19
1711957883219 4.332681655883789 20
1711957883454 3.937235116958618 21
1711957883720 3.6569485664367676 22
1711957883988 3.5142953395843506 23
1711957884256 3.3112106323242188 24
1711957884523 3.2051897048950195 25
1711957884806 3.0214059352874756 26
1711957885073 3.0737228393554688 27
1711957885308 2.730983018875122 28
1711957885576 2.6353862285614014 29
1711957885842 2.4968771934509277 30
1711957886078 2.6267483234405518 31
1711957886347 2.4092178344726562 32
1711957886587 2.3242361545562744 33
1711957886853 2.1463284492492676 34
1711957887088 2.241858720779419 35
1711957887357 2.1365249156951904 36
1711957887624 2.1061344146728516 37
1711957887857 1.8543205261230469 38
1711957888123 1.9032307863235474 39
1711957888356 1.8824751377105713 40
1711957888622 1.7678401470184326 41
1711957888891 1.7939249277114868 42
1711957889160 1.6514900922775269 43
1711957889395 1.6253330707550049 44
1711957889631 1.5623199939727783 45
1711957889897 1.5713050365447998 46
1711957890167 1.5100829601287842 47
1711957890397 1.3989509344100952 48
1711957890665 1.3052221536636353 49
