1711957877640 61.97153091430664 0
1711957877951 21.34848403930664 1
1711957878223 8.290907859802246 2
1711957878497 6.359532833099365 3
1711957878762 5.06935977935791 4
1711957879035 4.167149543762207 5
1711957879435 3.663717746734619 6
1711957879713 3.340177536010742 7
1711957879983 3.1095917224884033 8
1711957880252 2.9000585079193115 9
1711957880520 2.7763757705688477 10
1711957880787 2.5628113746643066 11
1711957881063 2.3321139812469482 12
1711957881337 2.1886954307556152 13
1711957881605 2.0502824783325195 14
1711957881871 1.9073578119277954 15
1711957882183 1.8234999179840088 16
1711957882420 1.7471085786819458 17
1711957882686 1.675891399383545 18
1711957882952 1.5800366401672363 19
1711957883219 1.5739595890045166 20
1711957883454 1.5020533800125122 21
1711957883720 1.4453692436218262 22
1711957883988 1.4188107252120972 23
1711957884256 1.3729392290115356 24
1711957884523 1.3488373756408691 25
1711957884806 1.3095502853393555 26
1711957885073 1.3302397727966309 27
1711957885308 1.237471342086792 28
1711957885576 1.2266343832015991 29
1711957885842 1.1884149312973022 30
1711957886078 1.2222288846969604 31
1711957886347 1.1720194816589355 32
1711957886587 1.1501502990722656 33
1711957886853 1.1033673286437988 34
1711957887088 1.1336398124694824 35
1711957887357 1.1101845502853394 36
1711957887624 1.108389973640442 37
1711957887857 1.0240752696990967 38
1711957888123 1.0452570915222168 39
1711957888356 1.0350470542907715 40
1711957888622 1.0037298202514648 41
1711957888891 1.014906644821167 42
1711957889160 0.9736319780349731 43
1711957889395 0.9621794819831848 44
1711957889631 0.9453553557395935 45
1711957889897 0.9494089484214783 46
1711957890167 0.9287458062171936 47
1711957890397 0.8886918425559998 48
1711957890665 0.8610976934432983 49
