1711708615470 59.39839172363281 0
1711708615737 21.528160095214844 1
1711708616010 7.541438102722168 2
1711708616277 5.294206619262695 3
1711708616542 3.985201120376587 4
1711708616810 3.3742730617523193 5
1711708617076 3.055483818054199 6
1711708617342 2.733563184738159 7
1711708617607 2.4252214431762695 8
1711708617872 2.2023794651031494 9
1711708618146 1.9613983631134033 10
1711708618422 1.869842767715454 11
1711708618689 1.7377915382385254 12
1711708618961 1.648186445236206 13
1711708619189 1.5267143249511719 14
1711708619459 1.4901822805404663 15
1711708619725 1.4440433979034424 16
1711708619991 1.4360774755477905 17
1711708620259 1.357797622680664 18
1711708620527 1.3075475692749023 19
1711708620758 1.2619743347167969 20
1711708621021 1.203248143196106 21
1711708621286 1.1858766078948975 22
1711708621555 1.101649522781372 23
1711708621878 1.0580137968063354 24
1711708622145 1.0813795328140259 25
1711708622413 1.039052963256836 26
1711708622676 0.9578493237495422 27
1711708622939 0.9720595479011536 28
1711708623208 0.9372968673706055 29
1711708623439 0.8872826099395752 30
1711708623669 0.8881221413612366 31
1711708623934 0.8677107691764832 32
1711708624196 0.7971908450126648 33
1711708624464 0.8278713822364807 34
1711708624726 0.7758583426475525 35
1711708624961 0.7486506700515747 36
1711708625233 0.7170442938804626 37
1711708625497 0.7197389006614685 38
1711708625763 0.719147264957428 39
1711708625996 0.6892005801200867 40
1711708626260 0.6532403826713562 41
1711708626491 0.6570003032684326 42
1711708626756 0.6742697358131409 43
1711708627018 0.6078160405158997 44
1711708627260 0.7107049822807312 45
1711708627526 0.6027501821517944 46
1711708627789 0.6256438493728638 47
1711708628077 0.571627676486969 48
1711708628307 0.5932202935218811 49
