1711708615470 5985.4697265625 0
1711708615737 777.9568481445312 1
1711708616010 120.97791290283203 2
1711708616277 65.71491241455078 3
1711708616542 37.42664337158203 4
1711708616810 24.731182098388672 5
1711708617076 18.864980697631836 6
1711708617342 14.72960090637207 7
1711708617607 11.490034103393555 8
1711708617872 9.335457801818848 9
1711708618146 7.349867343902588 10
1711708618422 6.488485336303711 11
1711708618689 5.545130729675293 12
1711708618961 4.951119422912598 13
1711708619189 4.230508327484131 14
1711708619459 3.9960262775421143 15
1711708619725 3.735703229904175 16
1711708619991 3.634091854095459 17
1711708620259 3.2747182846069336 18
1711708620527 3.0237669944763184 19
1711708620758 2.813199758529663 20
1711708621021 2.55507755279541 21
1711708621286 2.48748517036438 22
1711708621555 2.14290714263916 23
1711708621878 1.9824014902114868 24
1711708622145 2.033761501312256 25
1711708622413 1.8894966840744019 26
1711708622676 1.6093957424163818 27
1711708622939 1.6564297676086426 28
1711708623208 1.5524579286575317 29
1711708623439 1.3795911073684692 30
1711708623669 1.372492790222168 31
1711708623934 1.3151500225067139 32
1711708624196 1.1245819330215454 33
1711708624464 1.2042334079742432 34
1711708624726 1.0483803749084473 35
1711708624961 0.9848185181617737 36
1711708625233 0.9006795287132263 37
1711708625497 0.8985128998756409 38
1711708625763 0.9069284796714783 39
1711708625996 0.8255769610404968 40
1711708626260 0.7528537511825562 41
1711708626491 0.7538105845451355 42
1711708626756 0.787575900554657 43
1711708627018 0.641798734664917 44
1711708627260 0.8834896683692932 45
1711708627526 0.6309213042259216 46
1711708627789 0.6734209656715393 47
1711708628077 0.5667892098426819 48
1711708628307 0.6015662550926208 49
