1711708283105 6543.84228515625 0
1711708283380 810.9009399414062 1
1711708283652 125.93534851074219 2
1711708283921 72.27449035644531 3
1711708284185 46.28673553466797 4
1711708284453 31.221284866333008 5
1711708284721 23.547819137573242 6
1711708284988 19.060791015625 7
1711708285254 15.83902645111084 8
1711708285517 12.893020629882812 9
1711708285785 10.595586776733398 10
1711708286051 8.926538467407227 11
1711708286315 7.479288101196289 12
1711708286583 6.447149276733398 13
1711708286861 5.679749011993408 14
1711708287259 5.15962028503418 15
1711708287501 4.9377899169921875 16
1711708287770 4.380326747894287 17
1711708288035 4.087159633636475 18
1711708288287 3.911022424697876 19
1711708288548 3.802748918533325 20
1711708288817 3.6309456825256348 21
1711708289079 3.3850960731506348 22
1711708289348 3.1545515060424805 23
1711708289579 3.177250385284424 24
1711708289904 2.9345648288726807 25
1711708290137 2.7905139923095703 26
1711708290402 2.6472740173339844 27
1711708290738 2.666400909423828 28
1711708291007 2.3998255729675293 29
1711708291270 2.3165106773376465 30
1711708291535 2.2285537719726562 31
1711708291802 2.182281255722046 32
1711708292036 1.996924638748169 33
1711708292269 1.9644289016723633 34
1711708292533 1.8503317832946777 35
1711708292798 2.007425546646118 36
1711708293061 1.6822589635849 37
1711708293329 1.7091026306152344 38
1711708293592 1.57429039478302 39
1711708293823 1.6002863645553589 40
1711708294085 1.6057372093200684 41
1711708294354 1.5858513116836548 42
1711708294654 1.3378052711486816 43
1711708294924 1.2818200588226318 44
1711708295154 1.3327898979187012 45
1711708295383 1.195112943649292 46
