1711708283105 61.91572189331055 0
1711708283380 21.646944046020508 1
1711708283652 7.619851112365723 2
1711708283921 5.540107250213623 3
1711708284185 4.4124836921691895 4
1711708284453 3.7150487899780273 5
1711708284721 3.3679580688476562 6
1711708284988 3.104600191116333 7
1711708285254 2.8478176593780518 8
1711708285517 2.5918734073638916 9
1711708285785 2.349699020385742 10
1711708286051 2.157834768295288 11
1711708286315 1.9742592573165894 12
1711708286583 1.8376027345657349 13
1711708286861 1.7333935499191284 14
1711708287259 1.6635338068008423 15
1711708287501 1.6448606252670288 16
1711708287770 1.5383116006851196 17
1711708288035 1.493476390838623 18
1711708288287 1.4595335721969604 19
1711708288548 1.4460489749908447 20
1711708288817 1.4143513441085815 21
1711708289079 1.3636491298675537 22
1711708289348 1.3094409704208374 23
1711708289579 1.3255521059036255 24
1711708289904 1.2700753211975098 25
1711708290137 1.234029769897461 26
1711708290402 1.2092877626419067 27
1711708290738 1.2130573987960815 28
1711708291007 1.1441134214401245 29
1711708291270 1.1230343580245972 30
1711708291535 1.106217622756958 31
1711708291802 1.098910927772522 32
1711708292036 1.0498899221420288 33
1711708292269 1.0394915342330933 34
1711708292533 1.00831139087677 35
1711708292798 1.058047890663147 36
1711708293061 0.965079128742218 37
1711708293329 0.9723314642906189 38
1711708293592 0.935455858707428 39
1711708293823 0.9407961964607239 40
1711708294085 0.9434566497802734 41
1711708294354 0.9390813112258911 42
1711708294654 0.8574178814888 43
1711708294924 0.8431152701377869 44
1711708295154 0.8560494184494019 45
1711708295383 0.813277006149292 46
