1711708989943 5892.1748046875 0
1711708990213 791.158203125 1
1711708990485 127.7109603881836 2
1711708990752 64.2297592163086 3
1711708991020 35.0211181640625 4
1711708991294 24.46125602722168 5
1711708991560 18.495336532592773 6
1711708991825 14.604874610900879 7
1711708992091 11.822696685791016 8
1711708992359 10.23603343963623 9
1711708992622 8.809210777282715 10
1711708992890 7.521173477172852 11
1711708993177 7.064092636108398 12
1711708993442 6.317673206329346 13
1711708993729 5.6612114906311035 14
1711708993995 5.429898262023926 15
1711708994280 5.0312933921813965 16
1711708994512 4.9599928855896 17
1711708994778 4.534374237060547 18
1711708995010 4.540257453918457 19
1711708995272 4.092996120452881 20
1711708995540 4.07361364364624 21
1711708995810 4.028621196746826 22
1711708996043 3.5847766399383545 23
1711708996281 3.5345165729522705 24
1711708996548 3.159090042114258 25
1711708996780 3.0830183029174805 26
1711708997104 3.0499191284179688 27
1711708997374 2.795818567276001 28
1711708997608 3.036214828491211 29
1711708997873 2.5959203243255615 30
1711708998139 2.4831855297088623 31
1711708998373 2.3681864738464355 32
1711708998637 2.0872645378112793 33
1711708998871 2.063337802886963 34
1711708999136 1.9988017082214355 35
