1711708989943 58.825130462646484 0
1711708990213 21.934892654418945 1
1711708990485 7.73948335647583 2
1711708990752 5.126274108886719 3
1711708991020 3.8663504123687744 4
1711708991294 3.378671169281006 5
1711708991560 2.994941234588623 6
1711708991825 2.6748228073120117 7
1711708992091 2.4231107234954834 8
1711708992359 2.2741076946258545 9
1711708992622 2.1337244510650635 10
1711708992890 1.9817057847976685 11
1711708993177 1.950225591659546 12
1711708993442 1.8483628034591675 13
1711708993729 1.7620733976364136 14
1711708993995 1.726768136024475 15
1711708994280 1.6725441217422485 16
1711708994512 1.6581392288208008 17
1711708994778 1.5978690385818481 18
1711708995010 1.608838677406311 19
1711708995272 1.5183558464050293 20
1711708995540 1.5165374279022217 21
1711708995810 1.5241066217422485 22
1711708996043 1.4189422130584717 23
1711708996281 1.4229906797409058 24
1711708996548 1.3342126607894897 25
1711708996780 1.323625087738037 26
1711708997104 1.32367742061615 27
1711708997374 1.2605830430984497 28
1711708997608 1.327610731124878 29
1711708997873 1.2147513628005981 30
1711708998139 1.1928256750106812 31
1711708998373 1.166630744934082 32
1711708998637 1.0859705209732056 33
1711708998871 1.0851823091506958 34
1711708999136 1.0660345554351807 35
