1711710080741 5852.658203125 0
1711710081019 691.365966796875 1
1711710081291 141.39723205566406 2
1711710081565 72.38883972167969 3
1711710081833 41.2745361328125 4
1711710082101 29.792028427124023 5
1711710082366 23.4124698638916 6
1711710082636 19.03169822692871 7
1711710082906 15.77661418914795 8
1711710083174 13.286818504333496 9
1711710083442 11.062057495117188 10
1711710083707 9.493684768676758 11
1711710083977 8.037296295166016 12
1711710084245 7.005927562713623 13
1711710084512 6.111795425415039 14
1711710084782 5.52985954284668 15
1711710085050 5.18307638168335 16
1711710085282 4.838128566741943 17
1711710085546 4.734192371368408 18
1711710085815 4.260627746582031 19
1711710086079 4.384763717651367 20
1711710086313 4.182643413543701 21
1711710086583 3.8833882808685303 22
1711710086814 3.888129949569702 23
1711710087081 3.7250382900238037 24
1711710087347 3.5451762676239014 25
1711710087576 3.5411462783813477 26
1711710087845 3.4279634952545166 27
1711710088115 3.244170665740967 28
1711710088348 3.0080363750457764 29
1711710088617 3.103837728500366 30
1711710088884 2.91752028465271 31
1711710089153 2.7812230587005615 32
1711710089385 2.807053565979004 33
1711710089651 2.6173043251037598 34
1711710089883 2.611285924911499 35
1711710090150 2.5420029163360596 36
1711710090417 2.375913619995117 37
1711710090650 2.450430393218994 38
1711710090916 2.1651217937469482 39
1711710091150 2.1283202171325684 40
1711710091411 2.214729070663452 41
1711710091694 2.1172702312469482 42
1711710091961 1.8360872268676758 43
1711710092204 2.008650302886963 44
1711710092436 1.6236165761947632 45
1711710092700 1.5802292823791504 46
1711710092985 1.698456883430481 47
1711710093219 1.5563486814498901 48
1711710093488 1.287939190864563 49
