1711710080741 58.29703903198242 0
1711710081019 20.28546142578125 1
1711710081291 8.325516700744629 2
1711710081565 5.5232343673706055 3
1711710081833 4.228842735290527 4
1711710082101 3.7597551345825195 5
1711710082366 3.4214770793914795 6
1711710082636 3.1180427074432373 7
1711710082906 2.872307777404785 8
1711710083174 2.65026593208313 9
1711710083442 2.4420063495635986 10
1711710083707 2.26579213142395 11
1711710083977 2.0944981575012207 12
1711710084245 1.97296142578125 13
1711710084512 1.8471858501434326 14
1711710084782 1.762203574180603 15
1711710085050 1.715188980102539 16
1711710085282 1.6609375476837158 17
1711710085546 1.6444114446640015 18
1711710085815 1.553956151008606 19
1711710086079 1.58530855178833 20
1711710086313 1.5451205968856812 21
1711710086583 1.4913535118103027 22
1711710086814 1.5076873302459717 23
1711710087081 1.4630818367004395 24
1711710087347 1.4305781126022339 25
1711710087576 1.4349582195281982 26
1711710087845 1.4049700498580933 27
1711710088115 1.3657358884811401 28
1711710088348 1.3092819452285767 29
1711710088617 1.333048701286316 30
1711710088884 1.2939022779464722 31
1711710089153 1.2585431337356567 32
1711710089385 1.2733148336410522 33
1711710089651 1.2277683019638062 34
1711710089883 1.2225054502487183 35
1711710090150 1.2127217054367065 36
1711710090417 1.1652849912643433 37
1711710090650 1.1814266443252563 38
1711710090916 1.1124515533447266 39
1711710091150 1.099793553352356 40
1711710091411 1.1244419813156128 41
1711710091694 1.100277304649353 42
1711710091961 1.0236802101135254 43
1711710092204 1.0785852670669556 44
1711710092436 0.9607532620429993 45
1711710092700 0.9476094841957092 46
1711710092985 0.986088752746582 47
1711710093219 0.9407806396484375 48
1711710093488 0.8554393649101257 49
