1711708446134 6200.8017578125 0
1711708446406 765.5789184570312 1
1711708446694 139.337158203125 2
1711708447007 71.43291473388672 3
1711708447275 39.254154205322266 4
1711708447539 25.62832260131836 5
1711708447808 20.1251277923584 6
1711708448072 16.206857681274414 7
1711708448338 13.231164932250977 8
1711708448605 10.793388366699219 9
1711708448871 8.700459480285645 10
1711708449137 6.704225063323975 11
1711708449403 5.275335788726807 12
1711708449699 4.514254570007324 13
1711708449970 4.0608344078063965 14
1711708450289 3.5567452907562256 15
1711708450520 3.3603742122650146 16
1711708450785 3.1059327125549316 17
1711708451061 2.9380533695220947 18
1711708451325 2.6812870502471924 19
1711708451587 2.606731653213501 20
1711708451853 2.3245673179626465 21
1711708452114 2.1914806365966797 22
1711708452383 2.165266990661621 23
1711708452648 1.8971750736236572 24
1711708452913 1.9864469766616821 25
1711708453176 1.5849816799163818 26
1711708453441 1.59282648563385 27
1711708453704 1.4986522197723389 28
1711708453940 1.3433300256729126 29
1711708454204 1.322777271270752 30
1711708454493 1.2752583026885986 31
1711708454763 1.100109577178955 32
1711708455030 1.2568737268447876 33
1711708455294 1.0454156398773193 34
1711708455560 1.0509459972381592 35
1711708455826 1.0667033195495605 36
1711708456090 0.998505175113678 37
1711708456355 0.936244785785675 38
1711708456582 0.8569597601890564 39
1711708456849 0.8014586567878723 40
1711708457082 0.7656697034835815 41
1711708457347 0.7665920257568359 42
1711708457574 0.7342056035995483 43
1711708457838 0.6676158905029297 44
1711708458074 0.7364071011543274 45
1711708458337 0.7210017442703247 46
1711708458602 0.5730973482131958 47
1711708458834 0.6495895385742188 48
1711708459096 0.588161289691925 49
