1711708446134 60.12356948852539 0
1711708446406 21.65271759033203 1
1711708446694 8.19604778289795 2
1711708447007 5.504443168640137 3
1711708447275 4.117329120635986 4
1711708447539 3.4866771697998047 5
1711708447808 3.1945462226867676 6
1711708448072 2.9094736576080322 7
1711708448338 2.642989158630371 8
1711708448605 2.3930962085723877 9
1711708448871 2.1491661071777344 10
1711708449137 1.891197681427002 11
1711708449403 1.6802186965942383 12
1711708449699 1.5605297088623047 13
1711708449970 1.4844950437545776 14
1711708450289 1.396207571029663 15
1711708450520 1.3624987602233887 16
1711708450785 1.3146917819976807 17
1711708451061 1.2782630920410156 18
1711708451325 1.2203294038772583 19
1711708451587 1.2074298858642578 20
1711708451853 1.1340049505233765 21
1711708452114 1.1078873872756958 22
1711708452383 1.0975861549377441 23
1711708452648 1.0284100770950317 24
1711708452913 1.0576715469360352 25
1711708453176 0.9390408396720886 26
1711708453441 0.9479293823242188 27
1711708453704 0.9178202152252197 28
1711708453940 0.8706663846969604 29
1711708454204 0.8626732230186462 30
1711708454493 0.8494243621826172 31
1711708454763 0.7856412529945374 32
1711708455030 0.8489115238189697 33
1711708455294 0.7713441252708435 34
1711708455560 0.7714338898658752 35
1711708455826 0.7844749093055725 36
1711708456090 0.7552001476287842 37
1711708456355 0.7346630692481995 38
1711708456582 0.7043904066085815 39
1711708456849 0.6781452894210815 40
1711708457082 0.6682149171829224 41
1711708457347 0.6671019196510315 42
1711708457574 0.6505576372146606 43
1711708457838 0.6222902536392212 44
1711708458074 0.655078113079071 45
1711708458337 0.6377139687538147 46
1711708458602 0.5772502422332764 47
1711708458834 0.6175922751426697 48
1711708459096 0.5893206000328064 49
