1711707865473 59.032501220703125 0
1711707865739 20.800132751464844 1
1711707866010 8.021857261657715 2
1711707866273 5.99311637878418 3
1711707866537 4.644799709320068 4
1711707866801 3.7084062099456787 5
1711707867061 3.2504653930664062 6
1711707867328 2.9347028732299805 7
1711707867590 2.6777467727661133 8
1711707867853 2.505524158477783 9
1711707868120 2.2058541774749756 10
1711707868422 1.9558988809585571 11
1711707868684 1.8080096244812012 12
1711707868960 1.6624457836151123 13
1711707869220 1.6325064897537231 14
1711707869486 1.530479073524475 15
1711707869715 1.5270394086837769 16
1711707869979 1.4827909469604492 17
1711707870237 1.474500060081482 18
1711707870472 1.4204380512237549 19
1711707870735 1.4104270935058594 20
1711707870996 1.3908991813659668 21
1711707871265 1.3686014413833618 22
1711707871532 1.3742239475250244 23
1711707871762 1.2879188060760498 24
1711707872023 1.2849546670913696 25
1711707872288 1.2792861461639404 26
1711707872548 1.33761465549469 27
1711707872812 1.2112338542938232 28
1711707873075 1.1585419178009033 29
1711707873339 1.1358764171600342 30
1711707873655 1.1254500150680542 31
1711707873885 1.083176851272583 32
1711707874116 1.108456015586853 33
