1711707865473 5907.6318359375 0
1711707865739 737.67138671875 1
1711707866010 135.06251525878906 2
1711707866273 82.0608901977539 3
1711707866537 49.15437316894531 4
1711707866801 29.571868896484375 5
1711707867061 21.434803009033203 6
1711707867328 16.866741180419922 7
1711707867590 13.82369613647461 8
1711707867853 11.783365249633789 9
1711707868120 9.260972023010254 10
1711707868422 7.263265609741211 11
1711707868684 6.17550802230835 12
1711707868960 5.274908542633057 13
1711707869220 4.934859275817871 14
1711707869486 4.396014213562012 15
1711707869715 4.280195713043213 16
1711707869979 4.026280403137207 17
1711707870237 3.9444754123687744 18
1711707870472 3.6604113578796387 19
1711707870735 3.6115176677703857 20
1711707870996 3.4870858192443848 21
1711707871265 3.3297348022460938 22
1711707871532 3.3332817554473877 23
1711707871762 2.9665446281433105 24
1711707872023 2.951206684112549 25
1711707872288 2.9008004665374756 26
1711707872548 3.137253522872925 27
1711707872812 2.581592559814453 28
1711707873075 2.418722629547119 29
1711707873339 2.2995800971984863 30
1711707873655 2.2394471168518066 31
1711707873885 2.0904085636138916 32
1711707874116 2.1473050117492676 33
