1711959318180 6595.73291015625 0
1711959318451 785.4443969726562 1
1711959318716 146.43934631347656 2
1711959318981 78.96955108642578 3
1711959319259 46.14278793334961 4
1711959319529 28.788835525512695 5
1711959319817 21.597888946533203 6
1711959320082 17.243194580078125 7
1711959320349 14.500496864318848 8
1711959320613 10.737656593322754 9
1711959320877 8.49768352508545 10
1711959321143 7.283906936645508 11
1711959321406 5.9429097175598145 12
1711959321670 5.24544620513916 13
1711959321974 4.674724578857422 14
1711959322300 4.310451984405518 15
1711959322530 3.8334662914276123 16
1711959322813 3.511704921722412 17
1711959323077 3.4059011936187744 18
1711959323340 3.1081771850585938 19
1711959323568 3.059025764465332 20
1711959323797 2.859326124191284 21
1711959324060 2.6999459266662598 22
1711959324327 2.55253005027771 23
1711959324591 2.3864939212799072 24
1711959324822 2.4051685333251953 25
1711959325085 2.165254831314087 26
1711959325315 2.2606942653656006 27
1711959325543 1.9984550476074219 28
1711959325805 2.078092575073242 29
1711959326036 1.970527172088623 30
1711959326317 1.9530041217803955 31
1711959326588 1.9440218210220337 32
1711959326821 1.9222644567489624 33
1711959327086 1.670186996459961 34
