1711959318180 62.67021560668945 0
1711959318451 21.571563720703125 1
1711959318716 8.634517669677734 2
1711959318981 5.986612319946289 3
1711959319259 4.495595932006836 4
1711959319529 3.5991246700286865 5
1711959319817 3.254047155380249 6
1711959320082 2.953648567199707 7
1711959320349 2.7426717281341553 8
1711959320613 2.3466341495513916 9
1711959320877 2.097726345062256 10
1711959321143 1.9722106456756592 11
1711959321406 1.7887691259384155 12
1711959321670 1.6884653568267822 13
1711959321974 1.6098928451538086 14
1711959322300 1.5510804653167725 15
1711959322530 1.4624133110046387 16
1711959322813 1.4005380868911743 17
1711959323077 1.3825054168701172 18
1711959323340 1.3307220935821533 19
1711959323568 1.313427448272705 20
1711959323797 1.2672955989837646 21
1711959324060 1.2342337369918823 22
1711959324327 1.2020199298858643 23
1711959324591 1.1581645011901855 24
1711959324822 1.168884515762329 25
1711959325085 1.106777548789978 26
1711959325315 1.1377439498901367 27
1711959325543 1.0664738416671753 28
1711959325805 1.0895967483520508 29
1711959326036 1.0560001134872437 30
1711959326317 1.0601718425750732 31
1711959326588 1.0581066608428955 32
1711959326821 1.0543901920318604 33
1711959327086 0.9813120365142822 34
