1711713669690 6113.21728515625 0
1711713669964 745.2001342773438 1
1711713670242 126.09874725341797 2
1711713670512 62.10056686401367 3
1711713670782 34.26404571533203 4
1711713671052 21.738231658935547 5
1711713671322 16.109989166259766 6
1711713671598 12.638360023498535 7
1711713671869 10.812231063842773 8
1711713672137 9.594880104064941 9
1711713672407 8.407362937927246 10
1711713672677 7.681425094604492 11
1711713672950 7.282716274261475 12
1711713673219 6.428023338317871 13
1711713673487 6.052211284637451 14
1711713673796 5.725316047668457 15
1711713674065 5.366625785827637 16
1711713674345 5.076076984405518 17
1711713674583 4.932926177978516 18
1711713674848 4.841386795043945 19
1711713675137 4.463265895843506 20
1711713675451 4.571770191192627 21
1711713675720 4.170383930206299 22
1711713675957 4.02243709564209 23
1711713676230 4.175743103027344 24
1711713676462 3.8719406127929688 25
1711713676733 3.7737197875976562 26
1711713677003 3.8136284351348877 27
1711713677272 3.522573947906494 28
1711713677541 3.386171340942383 29
1711713677813 3.348940134048462 30
1711713678083 3.127650022506714 31
1711713678317 3.1154630184173584 32
1711713678552 2.7584228515625 33
1711713678822 2.756434679031372 34
1711713679091 2.796915054321289 35
1711713679329 2.513004779815674 36
1711713679595 2.3589048385620117 37
1711713679835 2.3500213623046875 38
1711713680101 2.3320205211639404 39
1711713680340 2.2809436321258545 40
1711713680606 1.911407470703125 41
1711713680845 1.9864225387573242 42
1711713681110 1.894286870956421 43
1711713681346 1.858909249305725 44
1711713681615 1.6155900955200195 45
1711713681851 1.601364254951477 46
1711713682148 1.5207291841506958 47
