1711713669690 60.512630462646484 0
1711713669964 20.7537784576416 1
1711713670242 7.816468715667725 2
1711713670512 5.342596054077148 3
1711713670782 3.928750514984131 4
1711713671052 3.234858512878418 5
1711713671322 2.8673295974731445 6
1711713671598 2.5929033756256104 7
1711713671869 2.417189359664917 8
1711713672137 2.295672655105591 9
1711713672407 2.1408605575561523 10
1711713672677 2.064549446105957 11
1711713672950 2.0159354209899902 12
1711713673219 1.8896974325180054 13
1711713673487 1.8420398235321045 14
1711713673796 1.7927478551864624 15
1711713674065 1.737501859664917 16
1711713674345 1.692696213722229 17
1711713674583 1.663426160812378 18
1711713674848 1.6622049808502197 19
1711713675137 1.5857101678848267 20
1711713675451 1.6112143993377686 21
1711713675720 1.535507321357727 22
1711713675957 1.5111976861953735 23
1711713676230 1.5471534729003906 24
1711713676462 1.4923787117004395 25
1711713676733 1.4607281684875488 26
1711713677003 1.4774386882781982 27
1711713677272 1.416157841682434 28
1711713677541 1.3884127140045166 29
1711713677813 1.3789708614349365 30
1711713678083 1.3365124464035034 31
1711713678317 1.334708333015442 32
1711713678552 1.2546840906143188 33
1711713678822 1.255920648574829 34
1711713679091 1.276166319847107 35
1711713679329 1.2000014781951904 36
1711713679595 1.1674755811691284 37
1711713679835 1.1577388048171997 38
1711713680101 1.1588282585144043 39
1711713680340 1.1439170837402344 40
1711713680606 1.0471950769424438 41
1711713680845 1.0684579610824585 42
1711713681110 1.0458530187606812 43
1711713681346 1.0308595895767212 44
1711713681615 0.9618191719055176 45
1711713681851 0.9599318504333496 46
1711713682148 0.938468337059021 47
