1711958336810 5847.28173828125 0
1711958337077 766.091064453125 1
1711958337339 144.50457763671875 2
1711958337599 79.486572265625 3
1711958337858 46.70906448364258 4
1711958338117 30.701396942138672 5
1711958338437 23.792373657226562 6
1711958338698 19.192760467529297 7
1711958338956 15.638686180114746 8
1711958339219 13.574688911437988 9
1711958339478 11.372410774230957 10
1711958339817 10.451031684875488 11
1711958340073 9.165570259094238 12
1711958340332 8.378578186035156 13
1711958340590 7.748725414276123 14
1711958340850 7.2419586181640625 15
1711958341111 7.0660080909729 16
1711958341337 6.6405439376831055 17
1711958341597 6.168304443359375 18
1711958341861 6.174105167388916 19
1711958342124 5.813784599304199 20
1711958342386 4.8671183586120605 21
1711958342648 4.34426212310791 22
1711958342932 3.8414669036865234 23
1711958343158 3.550438165664673 24
1711958343419 3.1686408519744873 25
1711958343679 3.172816514968872 26
1711958343904 2.722710609436035 27
1711958344165 2.45481014251709 28
1711958344429 2.393446445465088 29
1711958344656 2.070178747177124 30
1711958344916 2.0067646503448486 31
1711958345176 1.9990668296813965 32
1711958345444 1.8499459028244019 33
1711958345670 1.8756321668624878 34
1711958345930 1.6238975524902344 35
1711958346164 1.5332874059677124 36
1711958346426 1.4348617792129517 37
1711958346650 1.3429423570632935 38
1711958346915 1.3943942785263062 39
1711958347175 1.3780529499053955 40
1711958347401 1.3676865100860596 41
1711958347661 1.4029942750930786 42
1711958347922 1.1966232061386108 43
1711958348146 1.1238510608673096 44
1711958348372 1.1734317541122437 45
1711958348633 1.1380966901779175 46
1711958348859 1.1548625230789185 47
1711958349085 1.1878435611724854 48
1711958349347 1.0243232250213623 49
