1711958336810 58.63743591308594 0
1711958337077 21.4199161529541 1
1711958337339 8.140665054321289 2
1711958337599 5.700226783752441 3
1711958337858 4.329041957855225 4
1711958338117 3.552208185195923 5
1711958338437 3.255096197128296 6
1711958338698 2.9681265354156494 7
1711958338956 2.718926429748535 8
1711958339219 2.5626471042633057 9
1711958339478 2.360973596572876 10
1711958339817 2.2914879322052 11
1711958340073 2.1584439277648926 12
1711958340332 2.077422857284546 13
1711958340590 2.0115487575531006 14
1711958340850 1.9411425590515137 15
1711958341111 1.9337279796600342 16
1711958341337 1.8781254291534424 17
1711958341597 1.7990671396255493 18
1711958341861 1.8140954971313477 19
1711958342124 1.7562508583068848 20
1711958342386 1.6022857427597046 21
1711958342648 1.5265909433364868 22
1711958342932 1.4349881410598755 23
1711958343158 1.3806754350662231 24
1711958343419 1.3029438257217407 25
1711958343679 1.321799874305725 26
1711958343904 1.211764931678772 27
1711958344165 1.1447334289550781 28
1711958344429 1.1406010389328003 29
1711958344656 1.0532525777816772 30
1711958344916 1.0378106832504272 31
1711958345176 1.0496985912322998 32
1711958345444 1.0038381814956665 33
1711958345670 1.0204970836639404 34
1711958345930 0.9367210865020752 35
1711958346164 0.9158947467803955 36
1711958346426 0.884750247001648 37
1711958346650 0.8607693314552307 38
1711958346915 0.8846288323402405 39
1711958347175 0.878207802772522 40
1711958347401 0.8809511065483093 41
1711958347661 0.8930546045303345 42
1711958347922 0.8247851729393005 43
1711958348146 0.79267418384552 44
1711958348372 0.8150216341018677 45
1711958348633 0.808279275894165 46
1711958348859 0.8136289119720459 47
1711958349085 0.821851372718811 48
1711958349347 0.7592154145240784 49
