1711710303515 57.89971923828125 0
1711710303791 20.068584442138672 1
1711710304067 8.512868881225586 2
1711710304335 5.633543491363525 3
1711710304606 4.312610149383545 4
1711710304870 3.708268642425537 5
1711710305139 3.299403429031372 6
1711710305407 2.933727979660034 7
1711710305675 2.6679861545562744 8
1711710306002 2.3696608543395996 9
1711710306278 2.1419267654418945 10
1711710306545 1.9200223684310913 11
1711710306814 1.8082906007766724 12
1711710307079 1.6941088438034058 13
1711710307353 1.618215799331665 14
1711710307627 1.6148958206176758 15
1711710307862 1.5261456966400146 16
1711710308151 1.469334602355957 17
1711710308415 1.4200512170791626 18
1711710308683 1.41378915309906 19
1711710308948 1.3914852142333984 20
1711710309193 1.3516291379928589 21
1711710309460 1.3023825883865356 22
1711710309728 1.2409327030181885 23
1711710309961 1.2130109071731567 24
1711710310225 1.1698718070983887 25
1711710310496 1.135509729385376 26
1711710310764 1.1485366821289062 27
1711710311030 1.1198755502700806 28
1711710311264 1.0927704572677612 29
1711710311529 1.041462779045105 30
1711710311806 1.0389732122421265 31
1711710312042 0.9577420949935913 32
1711710312310 0.9801141619682312 33
1711710312578 0.9089648723602295 34
1711710312813 0.8938090205192566 35
1711710313078 0.9033411741256714 36
1711710313317 0.9163848757743835 37
1711710313583 0.8575773239135742 38
1711710313820 0.8279544711112976 39
1711710314097 0.7763819694519043 40
1711710314405 0.7571398615837097 41
1711710314672 0.7428199648857117 42
1711710314907 0.7227063179016113 43
1711710315174 0.7324581146240234 44
1711710315405 0.7575374841690063 45
1711710315675 0.665810227394104 46
1711710315909 0.6676307916641235 47
1711710316174 0.66908860206604 48
1711710316443 0.7050551176071167 49
