1711710303515 5731.8388671875 0
1711710303791 669.3468627929688 1
1711710304067 151.83172607421875 2
1711710304335 78.86652374267578 3
1711710304606 45.738521575927734 4
1711710304870 30.556575775146484 5
1711710305139 22.69719886779785 6
1711710305407 17.470294952392578 7
1711710305675 14.021742820739746 8
1711710306002 11.070606231689453 9
1711710306278 8.874870300292969 10
1711710306545 7.087321758270264 11
1711710306814 6.184360027313232 12
1711710307079 5.38095235824585 13
1711710307353 4.845114707946777 14
1711710307627 4.710757255554199 15
1711710307862 4.238580226898193 16
1711710308151 3.9073750972747803 17
1711710308415 3.6576480865478516 18
1711710308683 3.6021251678466797 19
1711710308948 3.4332783222198486 20
1711710309193 3.2331366539001465 21
1711710309460 2.998258352279663 22
1711710309728 2.725649356842041 23
1711710309961 2.619710922241211 24
1711710310225 2.4096970558166504 25
1711710310496 2.2848942279815674 26
1711710310764 2.30255389213562 27
1711710311030 2.182912588119507 28
1711710311264 2.0937187671661377 29
1711710311529 1.902116298675537 30
1711710311806 1.8830574750900269 31
1711710312042 1.603493094444275 32
1711710312310 1.665932536125183 33
1711710312578 1.439107894897461 34
1711710312813 1.3899635076522827 35
1711710313078 1.3940776586532593 36
1711710313317 1.4482417106628418 37
1711710313583 1.266821026802063 38
1711710313820 1.1914787292480469 39
1711710314097 1.039036512374878 40
1711710314405 0.9988340139389038 41
1711710314672 0.9564505219459534 42
1711710314907 0.903224766254425 43
1711710315174 0.9192935228347778 44
1711710315405 0.9758159518241882 45
1711710315675 0.7557737231254578 46
1711710315909 0.758858859539032 47
1711710316174 0.7639514207839966 48
1711710316443 0.8682626485824585 49
