1711959369271 60.01169967651367 0
1711959369548 28.025501251220703 1
1711959369817 9.571977615356445 2
1711959370089 6.616303443908691 3
1711959370352 5.265723705291748 4
1711959370619 4.291881084442139 5
1711959370886 3.6510839462280273 6
1711959371152 3.35862135887146 7
1711959371417 2.9831628799438477 8
1711959371681 2.8118135929107666 9
1711959371947 2.56367564201355 10
1711959372212 2.3596794605255127 11
1711959372477 2.2078421115875244 12
1711959372742 2.0800981521606445 13
1711959373058 1.9851454496383667 14
1711959373338 1.8973917961120605 15
1711959373608 1.7881628274917603 16
1711959373933 1.735496997833252 17
1711959374228 1.670013666152954 18
1711959374519 1.617807388305664 19
1711959374797 1.589415431022644 20
1711959375073 1.5352874994277954 21
1711959375320 1.521976113319397 22
1711959375604 1.4500287771224976 23
1711959375846 1.4514365196228027 24
1711959376119 1.386913776397705 25
1711959376399 1.3622395992279053 26
1711959376679 1.3324095010757446 27
1711959376950 1.3105618953704834 28
1711959377221 1.2741405963897705 29
1711959377489 1.2172877788543701 30
1711959377758 1.17867910861969 31
1711959378026 1.187079906463623 32
1711959378265 1.160109519958496 33
1711959378532 1.0960822105407715 34
1711959378801 1.126320719718933 35
1711959379139 1.050520896911621 36
1711959379420 1.0723354816436768 37
1711959379727 0.9678412079811096 38
1711959379998 0.9437008500099182 39
1711959380271 0.9573899507522583 40
1711959380567 0.9199754595756531 41
1711959380821 0.9028956890106201 42
1711959381108 0.8737351298332214 43
1711959381370 0.8902530074119568 44
1711959381637 0.869550883769989 45
1711959381915 0.838350236415863 46
1711959382173 0.8322827219963074 47
1711959382413 0.8059441447257996 48
