1711959369271 6040.13134765625 0
1711959369548 1149.4730224609375 1
1711959369817 191.2316436767578 2
1711959370089 101.59101867675781 3
1711959370352 65.63168334960938 4
1711959370619 42.8130989074707 5
1711959370886 29.479963302612305 6
1711959371152 22.956859588623047 7
1711959371417 17.78325843811035 8
1711959371681 15.179740905761719 9
1711959371947 12.651665687561035 10
1711959372212 10.660309791564941 11
1711959372477 9.257155418395996 12
1711959372742 8.103888511657715 13
1711959373058 7.293516635894775 14
1711959373338 6.571986198425293 15
1711959373608 5.854886531829834 16
1711959373933 5.482751369476318 17
1711959374228 5.047086238861084 18
1711959374519 4.708905220031738 19
1711959374797 4.513807773590088 20
1711959375073 4.218949317932129 21
1711959375320 4.094640731811523 22
1711959375604 3.7276854515075684 23
1711959375846 3.711165428161621 24
1711959376119 3.423328161239624 25
1711959376399 3.277750015258789 26
1711959376679 3.119682550430298 27
1711959376950 3.008122444152832 28
1711959377221 2.8247146606445312 29
1711959377489 2.5764007568359375 30
1711959377758 2.4312307834625244 31
1711959378026 2.4512877464294434 32
1711959378265 2.3037168979644775 33
1711959378532 2.0901169776916504 34
1711959378801 2.1912310123443604 35
1711959379139 1.914768934249878 36
1711959379420 1.9691314697265625 37
1711959379727 1.6403003931045532 38
1711959379998 1.5577187538146973 39
1711959380271 1.5797545909881592 40
1711959380567 1.4718717336654663 41
1711959380821 1.4087212085723877 42
1711959381108 1.3321456909179688 43
1711959381370 1.3680216073989868 44
1711959381637 1.2996689081192017 45
1711959381915 1.216959834098816 46
1711959382173 1.1926956176757812 47
1711959382413 1.1168439388275146 48
