1711713705344 60.18556594848633 0
1711713705621 24.85223388671875 1
1711713705893 8.21359634399414 2
1711713706167 5.608238697052002 3
1711713706440 4.364128589630127 4
1711713706707 3.7534313201904297 5
1711713706975 3.4337174892425537 6
1711713707249 3.094026803970337 7
1711713707515 2.8582465648651123 8
1711713707783 2.6395981311798096 9
1711713708057 2.4751524925231934 10
1711713708325 2.2613234519958496 11
1711713708597 2.0716147422790527 12
1711713708863 1.9074395895004272 13
1711713709136 1.7977346181869507 14
1711713709404 1.6860392093658447 15
1711713709673 1.5885214805603027 16
1711713709941 1.531464695930481 17
1711713710208 1.4385076761245728 18
1711713710540 1.4029548168182373 19
1711713710814 1.3585940599441528 20
1711713711047 1.3204078674316406 21
1711713711318 1.3195034265518188 22
1711713711589 1.255359172821045 23
1711713711857 1.2090177536010742 24
1711713712126 1.1610692739486694 25
1711713712364 1.1327041387557983 26
1711713712649 1.0968387126922607 27
