1711713705344 6229.14453125 0
1711713705621 994.0692749023438 1
1711713705893 139.5682830810547 2
1711713706167 75.09761047363281 3
1711713706440 46.01583480834961 4
1711713706707 31.517839431762695 5
1711713706975 24.546058654785156 6
1711713707249 19.537906646728516 7
1711713707515 16.301237106323242 8
1711713707783 13.817133903503418 9
1711713708057 11.873632431030273 10
1711713708325 10.01700496673584 11
1711713708597 8.420900344848633 12
1711713708863 7.100090980529785 13
1711713709136 6.212404727935791 14
1711713709404 5.464447498321533 15
1711713709673 4.775964736938477 16
1711713709941 4.411815166473389 17
1711713710208 3.887483835220337 18
1711713710540 3.6079256534576416 19
1711713710814 3.374096632003784 20
1711713711047 3.1703906059265137 21
1711713711318 3.102245807647705 22
1711713711589 2.819307565689087 23
1711713711857 2.6327240467071533 24
1711713712126 2.432898759841919 25
1711713712364 2.291813373565674 26
1711713712649 2.1513545513153076 27
