1711713290062 5876.20751953125 0
1711713290334 669.4888305664062 1
1711713290605 113.74928283691406 2
1711713290875 57.36819076538086 3
1711713291146 33.071537017822266 4
1711713291416 22.80267333984375 5
1711713291686 17.4346866607666 6
1711713291970 13.866308212280273 7
1711713292247 11.502685546875 8
1711713292516 9.627838134765625 9
1711713292786 8.419050216674805 10
1711713293056 7.509345054626465 11
1711713293324 6.983012676239014 12
1711713293594 6.562639236450195 13
1711713293859 6.128876686096191 14
1711713294119 5.789703845977783 15
1711713294388 5.564849376678467 16
1711713294655 5.665700435638428 17
1711713294893 5.287392616271973 18
1711713295206 5.374793529510498 19
