1711713290062 59.005184173583984 0
1711713290334 19.32984161376953 1
1711713290605 7.242688179016113 2
1711713290875 4.91873836517334 3
1711713291146 3.7819111347198486 4
1711713291416 3.224630355834961 5
1711713291686 2.8773109912872314 6
1711713291970 2.576214075088501 7
1711713292247 2.377455472946167 8
1711713292516 2.184368371963501 9
1711713292786 2.064047336578369 10
1711713293056 1.9642391204833984 11
1711713293324 1.9095879793167114 12
1711713293594 1.8576902151107788 13
1711713293859 1.7937943935394287 14
1711713294119 1.7467366456985474 15
1711713294388 1.7056453227996826 16
1711713294655 1.7464872598648071 17
1711713294893 1.6661018133163452 18
1711713295206 1.695119023323059 19
