1711713756067 6270.88330078125 0
1711713756339 871.5193481445312 1
1711713756612 163.11279296875 2
1711713756882 90.1484375 3
1711713757150 48.374141693115234 4
1711713757427 28.485015869140625 5
1711713757697 20.00457000732422 6
1711713757974 15.315196990966797 7
1711713758246 11.673064231872559 8
1711713758513 9.105643272399902 9
1711713758783 8.001795768737793 10
1711713759051 7.078681468963623 11
1711713759322 6.464710712432861 12
1711713759591 5.720444679260254 13
1711713759860 5.174788475036621 14
1711713760129 4.841662406921387 15
1711713760400 4.541910171508789 16
1711713760666 4.073193550109863 17
1711713760969 3.7742748260498047 18
1711713761243 3.4927632808685303 19
1711713761513 3.2230098247528076 20
1711713761777 3.054037570953369 21
1711713762013 3.0056159496307373 22
1711713762282 2.6140079498291016 23
1711713762554 2.630317449569702 24
1711713762789 2.392770290374756 25
1711713763026 2.2308855056762695 26
1711713763291 2.1245615482330322 27
1711713763560 2.1391332149505615 28
1711713763828 1.9995076656341553 29
1711713764095 1.9997031688690186 30
1711713764328 1.9624438285827637 31
1711713764597 1.8527895212173462 32
1711713764866 1.7275540828704834 33
1711713765139 1.5773749351501465 34
1711713765378 1.5486513376235962 35
1711713765609 1.6258167028427124 36
1711713765877 1.467435598373413 37
1711713766146 1.412196397781372 38
1711713766383 1.3893510103225708 39
1711713766652 1.43345308303833 40
1711713766920 1.2745616436004639 41
1711713767156 1.2763789892196655 42
1711713767391 1.248478651046753 43
1711713767658 1.1412359476089478 44
1711713767952 1.2361332178115845 45
1711713768232 1.088081955909729 46
1711713768468 1.1210588216781616 47
1711713768736 1.1288769245147705 48
1711713769003 0.9888921976089478 49
