1711713756067 61.28579330444336 0
1711713756339 23.034549713134766 1
1711713756612 9.124051094055176 2
1711713756882 6.392989635467529 3
1711713757150 4.5588178634643555 4
1711713757427 3.5626659393310547 5
1711713757697 3.100907564163208 6
1711713757974 2.774378776550293 7
1711713758246 2.40175199508667 8
1711713758513 2.1183125972747803 9
1711713758783 2.009352922439575 10
1711713759051 1.9085980653762817 11
1711713759322 1.8411997556686401 12
1711713759591 1.7310270071029663 13
1711713759860 1.6553949117660522 14
1711713760129 1.6120482683181763 15
1711713760400 1.5725826025009155 16
1711713760666 1.488000750541687 17
1711713760969 1.4318861961364746 18
1711713761243 1.3833720684051514 19
1711713761513 1.3286230564117432 20
1711713761777 1.3038843870162964 21
1711713762013 1.2971628904342651 22
1711713762282 1.2028254270553589 23
1711713762554 1.2132433652877808 24
1711713762789 1.157232403755188 25
1711713763026 1.1115190982818604 26
1711713763291 1.0897670984268188 27
1711713763560 1.0965906381607056 28
1711713763828 1.059893012046814 29
1711713764095 1.0656698942184448 30
1711713764328 1.0614348649978638 31
1711713764597 1.0284277200698853 32
1711713764866 0.9895025491714478 33
1711713765139 0.9455268383026123 34
1711713765378 0.9416753053665161 35
1711713765609 0.9669448733329773 36
1711713765877 0.9098604321479797 37
1711713766146 0.8936271071434021 38
1711713766383 0.8933337330818176 39
1711713766652 0.9053866863250732 40
1711713766920 0.8520206212997437 41
1711713767156 0.8552666306495667 42
1711713767391 0.846318244934082 43
1711713767658 0.8029893040657043 44
1711713767952 0.8411470055580139 45
1711713768232 0.7931525707244873 46
1711713768468 0.8016486167907715 47
1711713768736 0.8069571852684021 48
1711713769003 0.7462900280952454 49
