1711711844966 5816.67431640625 0
1711711845240 715.3497924804688 1
1711711845519 130.02200317382812 2
1711711845786 80.06379699707031 3
1711711846058 52.3619499206543 4
1711711846379 34.326271057128906 5
1711711846648 24.289216995239258 6
1711711846919 18.61935043334961 7
1711711847188 15.135394096374512 8
1711711847452 12.810558319091797 9
1711711847725 10.276107788085938 10
1711711847990 8.09359073638916 11
1711711848261 6.690258502960205 12
1711711848527 5.6748762130737305 13
1711711848799 5.098230838775635 14
1711711849043 4.661996841430664 15
1711711849310 4.366847515106201 16
1711711849545 3.873286247253418 17
1711711849829 3.582069158554077 18
1711711850099 3.38024640083313 19
1711711850367 3.27451229095459 20
1711711850631 3.1806466579437256 21
1711711850902 2.740499258041382 22
1711711851167 2.628981590270996 23
1711711851405 2.62178111076355 24
1711711851673 2.3523123264312744 25
1711711851906 2.2898526191711426 26
1711711852171 2.2570009231567383 27
1711711852443 2.065756320953369 28
1711711852674 2.0069618225097656 29
1711711852944 1.9126263856887817 30
1711711853212 1.673340916633606 31
1711711853508 1.6373858451843262 32
1711711853796 1.5543649196624756 33
1711711854065 1.478303074836731 34
1711711854334 1.3303629159927368 35
1711711854604 1.5239001512527466 36
1711711854868 1.468917965888977 37
1711711855137 1.1928271055221558 38
1711711855370 1.186916470527649 39
1711711855640 1.2046282291412354 40
1711711855906 1.117045283317566 41
1711711856142 1.027207851409912 42
1711711856408 1.022559642791748 43
1711711856677 0.9443548321723938 44
1711711856916 0.9091930985450745 45
1711711857181 0.919721245765686 46
1711711857417 0.7972772717475891 47
1711711857688 0.8094606995582581 48
