1711711844966 58.297298431396484 0
1711711845240 20.524871826171875 1
1711711845519 7.935235023498535 2
1711711845786 6.007136344909668 3
1711711846058 4.820216655731201 4
1711711846379 3.9249606132507324 5
1711711846648 3.412790536880493 6
1711711846919 3.027906656265259 7
1711711847188 2.7408297061920166 8
1711711847452 2.54148006439209 9
1711711847725 2.2552413940429688 10
1711711847990 1.9979130029678345 11
1711711848261 1.8303086757659912 12
1711711848527 1.7023950815200806 13
1711711848799 1.627614140510559 14
1711711849043 1.5729305744171143 15
1711711849310 1.536070466041565 16
1711711849545 1.444239854812622 17
1711711849829 1.396230936050415 18
1711711850099 1.3558127880096436 19
1711711850367 1.3466664552688599 20
1711711850631 1.335418939590454 21
1711711850902 1.2264255285263062 22
1711711851167 1.2052905559539795 23
1711711851405 1.2030750513076782 24
1711711851673 1.1412324905395508 25
1711711851906 1.1284945011138916 26
1711711852171 1.1216922998428345 27
1711711852443 1.0737040042877197 28
1711711852674 1.0621891021728516 29
1711711852944 1.0362434387207031 30
1711711853212 0.9646904468536377 31
1711711853508 0.9538679718971252 32
1711711853796 0.9313554763793945 33
1711711854065 0.9057250022888184 34
1711711854334 0.8581098318099976 35
1711711854604 0.9283466339111328 36
1711711854868 0.9233347773551941 37
1711711855137 0.8148094415664673 38
1711711855370 0.8181621432304382 39
1711711855640 0.8262820839881897 40
1711711855906 0.7918524742126465 41
1711711856142 0.7635143399238586 42
1711711856408 0.7574081420898438 43
1711711856677 0.7326185703277588 44
1711711856916 0.721810519695282 45
1711711857181 0.7254098653793335 46
1711711857417 0.6698666214942932 47
1711711857688 0.6778781414031982 48
