1711712116553 60.3289794921875 0
1711712116828 19.692543029785156 1
1711712117096 8.094635009765625 2
1711712117369 5.548904895782471 3
1711712117634 4.184142112731934 4
1711712117906 3.5755960941314697 5
1711712118176 3.223846435546875 6
1711712118443 2.9589343070983887 7
1711712118717 2.8185269832611084 8
1711712118981 2.5293874740600586 9
1711712119265 2.3405821323394775 10
1711712119533 2.090700149536133 11
1711712119799 1.9619269371032715 12
1711712120067 1.7788212299346924 13
1711712120338 1.7225449085235596 14
1711712120605 1.6098289489746094 15
1711712120869 1.5287160873413086 16
1711712121140 1.4559820890426636 17
1711712121377 1.4187818765640259 18
1711712121650 1.365609884262085 19
1711712121917 1.3410016298294067 20
1711712122183 1.2743767499923706 21
1711712122453 1.2284901142120361 22
1711712122725 1.1652439832687378 23
1711712122960 1.14211106300354 24
1711712123228 1.1091753244400024 25
1711712123499 1.1036550998687744 26
1711712123740 1.0538759231567383 27
1711712124044 1.0024553537368774 28
1711712124309 0.9607100486755371 29
1711712124573 0.9703688621520996 30
1711712124839 0.8776065111160278 31
1711712125075 0.8586881756782532 32
1711712125312 0.8516558408737183 33
1711712125576 0.8201079368591309 34
1711712125843 0.7980406284332275 35
1711712126109 0.7722145915031433 36
1711712126386 0.7880169153213501 37
1711712126655 0.7454280853271484 38
1711712126886 0.7396070957183838 39
1711712127151 0.7729608416557312 40
1711712127418 0.7675517201423645 41
1711712127685 0.7167396545410156 42
1711712127918 0.6934173703193665 43
1711712128185 0.676142156124115 44
1711712128423 0.7425680756568909 45
1711712128688 0.689045786857605 46
1711712128954 0.6915440559387207 47
1711712129189 0.728699803352356 48
1711712129458 0.650337278842926 49
