1711712116553 6205.29345703125 0
1711712116828 669.1102905273438 1
1711712117096 140.66392517089844 2
1711712117369 74.004150390625 3
1711712117634 41.65931701660156 4
1711712117906 27.93792724609375 5
1711712118176 20.93336296081543 6
1711712118443 17.069902420043945 7
1711712118717 14.93230152130127 8
1711712118981 11.91298770904541 9
1711712119265 10.085226058959961 10
1711712119533 8.129905700683594 11
1711712119799 7.156606674194336 12
1711712120067 5.874753475189209 13
1711712120338 5.468667984008789 14
1711712120605 4.7597808837890625 15
1711712120869 4.265726089477539 16
1711712121140 3.88383412361145 17
1711712121377 3.625267744064331 18
1711712121650 3.3651158809661865 19
1711712121917 3.2319328784942627 20
1711712122183 2.9386608600616455 21
1711712122453 2.722344398498535 22
1711712122725 2.446993827819824 23
1711712122960 2.355851650238037 24
1711712123228 2.1874659061431885 25
1711712123499 2.164417266845703 26
1711712123740 1.988290786743164 27
1711712124044 1.8031467199325562 28
1711712124309 1.6429953575134277 29
1711712124573 1.679896354675293 30
1711712124839 1.3720955848693848 31
1711712125075 1.3072491884231567 32
1711712125312 1.2902029752731323 33
1711712125576 1.1847271919250488 34
1711712125843 1.1079515218734741 35
1711712126109 1.0499154329299927 36
1711712126386 1.0735442638397217 37
1711712126655 0.972564697265625 38
1711712126886 0.9539186358451843 39
1711712127151 1.0200966596603394 40
1711712127418 1.0057060718536377 41
1711712127685 0.8831661939620972 42
1711712127918 0.8287542462348938 43
1711712128185 0.7811994552612305 44
1711712128423 0.9440133571624756 45
1711712128688 0.8139827251434326 46
1711712128954 0.8195636868476868 47
1711712129189 0.9118033051490784 48
1711712129458 0.7226001024246216 49
