1711711711241 5557.1982421875 0
1711711711518 771.7357177734375 1
1711711711789 163.6671600341797 2
1711711712058 84.48249053955078 3
1711711712386 41.333438873291016 4
1711711712651 23.909473419189453 5
1711711712919 16.03378677368164 6
1711711713188 10.639741897583008 7
1711711713463 8.157344818115234 8
1711711713730 6.516013145446777 9
1711711714001 5.840847969055176 10
1711711714265 5.215029716491699 11
1711711714535 4.877837181091309 12
1711711714799 4.565340042114258 13
1711711715068 4.323846340179443 14
1711711715333 4.101635932922363 15
1711711715604 3.831247091293335 16
1711711715836 3.634999990463257 17
1711711716101 3.799539089202881 18
1711711716333 3.1778409481048584 19
1711711716601 2.9768142700195312 20
1711711716869 2.8483338356018066 21
1711711717134 2.863907814025879 22
1711711717365 2.6712024211883545 23
1711711717633 2.3986499309539795 24
1711711717867 2.3482961654663086 25
1711711718132 2.0821523666381836 26
1711711718399 2.1026885509490967 27
1711711718668 1.9476059675216675 28
1711711718934 1.9004976749420166 29
1711711719170 1.6554957628250122 30
1711711719437 1.6587687730789185 31
1711711719704 1.5407130718231201 32
1711711720036 1.51398503780365 33
1711711720308 1.3631519079208374 34
1711711720543 1.3252729177474976 35
1711711720778 1.340602159500122 36
1711711721044 1.198569416999817 37
1711711721276 1.292269229888916 38
1711711721538 1.1298667192459106 39
1711711721770 1.1532659530639648 40
1711711722035 1.096587061882019 41
