1711711711241 56.99869918823242 0
1711711711518 21.600522994995117 1
1711711711789 8.673704147338867 2
1711711712058 5.906839847564697 3
1711711712386 4.056406497955322 4
1711711712651 3.2402899265289307 5
1711711712919 2.758667469024658 6
1711711713188 2.2571768760681152 7
1711711713463 2.021878957748413 8
1711711713730 1.82305908203125 9
1711711714001 1.751012921333313 10
1711711714265 1.6517372131347656 11
1711711714535 1.615738034248352 12
1711711714799 1.5719869136810303 13
1711711715068 1.5292319059371948 14
1711711715333 1.4930286407470703 15
1711711715604 1.443734049797058 16
1711711715836 1.3996559381484985 17
1711711716101 1.4538850784301758 18
1711711716333 1.3124351501464844 19
1711711716601 1.2692784070968628 20
1711711716869 1.253865361213684 21
1711711717134 1.2535895109176636 22
1711711717365 1.207404613494873 23
1711711717633 1.1473915576934814 24
1711711717867 1.1295758485794067 25
1711711718132 1.0565448999404907 26
1711711718399 1.0705270767211914 27
1711711718668 1.0269192457199097 28
1711711718934 1.0170551538467407 29
1711711719170 0.93868488073349 30
1711711719437 0.9544835686683655 31
1711711719704 0.9133361577987671 32
1711711720036 0.9116092920303345 33
1711711720308 0.860793948173523 34
1711711720543 0.853826105594635 35
1711711720778 0.853327214717865 36
1711711721044 0.8093947172164917 37
1711711721276 0.8445450067520142 38
1711711721538 0.7903409600257874 39
1711711721770 0.7980580925941467 40
1711711722035 0.7865737676620483 41
