1711959168985 5410.63427734375 0
1711959169268 576.5797119140625 1
1711959169544 122.0301284790039 2
1711959169820 65.13953399658203 3
1711959170084 36.42325210571289 4
1711959170351 22.970659255981445 5
1711959170616 17.010528564453125 6
1711959170891 13.009729385375977 7
1711959171159 11.019021987915039 8
1711959171479 9.361763954162598 9
1711959171745 8.02662181854248 10
1711959172116 7.168776988983154 11
1711959172385 6.6365132331848145 12
1711959172748 6.200183868408203 13
1711959173189 5.538790225982666 14
1711959173571 5.34947395324707 15
1711959173846 4.947828769683838 16
1711959174152 4.853775501251221 17
1711959174436 4.590625286102295 18
1711959174670 4.57630729675293 19
1711959174934 4.26930570602417 20
1711959175165 4.102388858795166 21
1711959175428 3.8631131649017334 22
1711959175693 3.881230354309082 23
1711959175920 3.8166675567626953 24
1711959176183 3.5654609203338623 25
1711959176412 3.4804813861846924 26
1711959176675 3.3070168495178223 27
1711959176903 3.2068588733673096 28
1711959177166 3.2392215728759766 29
1711959177429 2.8886871337890625 30
1711959177692 2.703794240951538 31
1711959177956 2.7237796783447266 32
1711959178192 2.707428455352783 33
1711959178460 2.397782564163208 34
