1711959168985 55.862979888916016 0
1711959169268 18.104089736938477 1
1711959169544 7.598056793212891 2
1711959169820 5.3063225746154785 3
1711959170084 3.921790361404419 4
1711959170351 3.2571520805358887 5
1711959170616 2.899754524230957 6
1711959170891 2.572937488555908 7
1711959171159 2.4112091064453125 8
1711959171479 2.2429168224334717 9
1711959171745 2.077791452407837 10
1711959172116 1.971295952796936 11
1711959172385 1.9079008102416992 12
1711959172748 1.8440104722976685 13
1711959173189 1.7436171770095825 14
1711959173571 1.716241717338562 15
1711959173846 1.652806282043457 16
1711959174152 1.6329071521759033 17
1711959174436 1.5948776006698608 18
1711959174670 1.5962544679641724 19
1711959174934 1.5379090309143066 20
1711959175165 1.4972351789474487 21
1711959175428 1.4565775394439697 22
1711959175693 1.4700318574905396 23
1711959175920 1.4493428468704224 24
1711959176183 1.394239902496338 25
1711959176412 1.3848085403442383 26
1711959176675 1.3495960235595703 27
1711959176903 1.327566385269165 28
1711959177166 1.3478846549987793 29
1711959177429 1.2589473724365234 30
1711959177692 1.2197768688201904 31
1711959177956 1.2286468744277954 32
1711959178192 1.2325276136398315 33
1711959178460 1.1511735916137695 34
