1711713863228 6188.0439453125 0
1711713863497 976.80322265625 1
1711713863771 153.68402099609375 2
1711713864042 91.061767578125 3
1711713864314 51.47511672973633 4
1711713864584 28.140758514404297 5
1711713864853 18.76758575439453 6
1711713865124 14.4367094039917 7
1711713865397 11.624129295349121 8
1711713865669 9.920848846435547 9
1711713865936 8.671171188354492 10
1711713866208 7.797264575958252 11
1711713866474 6.889469623565674 12
1711713866743 6.336773872375488 13
1711713867011 5.7182512283325195 14
1711713867296 5.0634942054748535 15
1711713867568 4.804600238800049 16
1711713867838 4.25065279006958 17
1711713868096 3.983257293701172 18
1711713868366 3.824641227722168 19
1711713868635 3.6043639183044434 20
1711713868871 3.318049430847168 21
1711713869140 3.0593090057373047 22
1711713869409 2.821082592010498 23
1711713869677 2.8803744316101074 24
1711713869945 2.6127774715423584 25
1711713870213 2.519912004470825 26
1711713870484 2.338361978530884 27
1711713870761 2.2625670433044434 28
1711713871043 2.0539183616638184 29
1711713871312 1.9770407676696777 30
1711713871582 1.855298638343811 31
1711713871850 1.6815345287322998 32
1711713872085 1.5733014345169067 33
1711713872355 1.481927752494812 34
1711713872623 1.3508880138397217 35
1711713872891 1.3790286779403687 36
1711713873163 1.4606319665908813 37
1711713873432 1.2141648530960083 38
1711713873670 1.0729026794433594 39
1711713873938 1.0311635732650757 40
1711713874206 1.054811954498291 41
1711713874474 0.897526741027832 42
1711713874712 0.8513880968093872 43
1711713874947 0.8254731893539429 44
1711713875215 0.7858617901802063 45
1711713875483 0.7671017050743103 46
1711713875752 0.749481737613678 47
1711713876020 0.7620454430580139 48
1711713876256 0.5926443338394165 49
