1711713863228 60.445865631103516 0
1711713863497 25.340070724487305 1
1711713863771 8.510090827941895 2
1711713864042 6.2849860191345215 3
1711713864314 4.67890739440918 4
1711713864584 3.513490915298462 5
1711713864853 2.99123215675354 6
1711713865124 2.6899611949920654 7
1711713865397 2.4412736892700195 8
1711713865669 2.2726891040802 9
1711713865936 2.13594126701355 10
1711713866208 2.036201238632202 11
1711713866474 1.918724775314331 12
1711713866743 1.8449393510818481 13
1711713867011 1.7544972896575928 14
1711713867296 1.6440212726593018 15
1711713867568 1.6119540929794312 16
1711713867838 1.5251604318618774 17
1711713868096 1.474250078201294 18
1711713868366 1.4601131677627563 19
1711713868635 1.4198274612426758 20
1711713868871 1.355134129524231 21
1711713869140 1.303884744644165 22
1711713869409 1.254536509513855 23
1711713869677 1.2810301780700684 24
1711713869945 1.2143738269805908 25
1711713870213 1.1925536394119263 26
1711713870484 1.1484854221343994 27
1711713870761 1.1355289220809937 28
1711713871043 1.0785670280456543 29
1711713871312 1.0580482482910156 30
1711713871582 1.032207727432251 31
1711713871850 0.9757996797561646 32
1711713872085 0.9435699582099915 33
1711713872355 0.9235418438911438 34
1711713872623 0.873347282409668 35
1711713872891 0.8884555101394653 36
1711713873163 0.918657124042511 37
1711713873432 0.8380401134490967 38
1711713873670 0.7837976217269897 39
1711713873938 0.7680510878562927 40
1711713874206 0.777643620967865 41
1711713874474 0.7170875668525696 42
1711713874712 0.6971504092216492 43
1711713874947 0.6920854449272156 44
1711713875215 0.6706693768501282 45
1711713875483 0.6660188436508179 46
1711713875752 0.6588630080223083 47
1711713876020 0.6651424169540405 48
1711713876256 0.583818793296814 49
