1711709328690 5760.0390625 0
1711709328963 723.3497924804688 1
1711709329238 176.2884063720703 2
1711709329508 100.85383605957031 3
1711709329781 61.36469268798828 4
1711709330051 38.8199462890625 5
1711709330322 26.532732009887695 6
1711709330595 19.682579040527344 7
1711709330875 15.28750991821289 8
1711709331157 11.962491989135742 9
1711709331428 9.701800346374512 10
1711709331700 8.01997184753418 11
1711709331973 6.824221611022949 12
1711709332222 5.850208759307861 13
1711709332491 4.889164447784424 14
1711709332768 4.389883041381836 15
1711709333072 4.045427322387695 16
1711709333342 3.5209012031555176 17
1711709333592 3.244065046310425 18
1711709333868 3.1810336112976074 19
1711709334137 2.9244937896728516 20
1711709334426 2.754225254058838 21
1711709334695 2.5008134841918945 22
1711709334991 2.4423465728759766 23
1711709335242 2.2405169010162354 24
1711709335510 2.1726653575897217 25
1711709335781 1.8822404146194458 26
1711709336047 1.8855873346328735 27
1711709336276 1.837900996208191 28
1711709336513 1.6512871980667114 29
1711709336776 1.5615696907043457 30
1711709337046 1.5149338245391846 31
1711709337315 1.769269585609436 32
1711709337620 1.3765925168991089 33
1711709337885 1.3825000524520874 34
1711709338153 1.2805670499801636 35
1711709338391 1.370839238166809 36
1711709338621 1.314246654510498 37
1711709338890 1.2027512788772583 38
1711709339156 1.0212703943252563 39
1711709339422 1.0152102708816528 40
1711709339688 1.0876611471176147 41
1711709339950 1.0226529836654663 42
1711709340186 1.0579445362091064 43
1711709340452 0.9353132843971252 44
1711709340680 0.8776692748069763 45
1711709340947 0.8026821613311768 46
1711709341177 0.8984574675559998 47
1711709341488 0.8245182633399963 48
1711709341720 0.7468934655189514 49
