1711709328690 57.74854278564453 0
1711709328963 20.787317276000977 1
1711709329238 9.231754302978516 2
1711709329508 6.499370098114014 3
1711709329781 4.85500955581665 4
1711709330051 3.906698703765869 5
1711709330322 3.2931649684906006 6
1711709330595 2.935637950897217 7
1711709330875 2.6371312141418457 8
1711709331157 2.3587210178375244 9
1711709331428 2.14345645904541 10
1711709331700 1.9787217378616333 11
1711709331973 1.841444730758667 12
1711709332222 1.7166889905929565 13
1711709332491 1.5761370658874512 14
1711709332768 1.5080442428588867 15
1711709333072 1.4546185731887817 16
1711709333342 1.3605976104736328 17
1711709333592 1.3062928915023804 18
1711709333868 1.3114111423492432 19
1711709334137 1.2528648376464844 20
1711709334426 1.224663496017456 21
1711709334695 1.1643857955932617 22
1711709334991 1.1548222303390503 23
1711709335242 1.0964964628219604 24
1711709335510 1.0858882665634155 25
1711709335781 1.0079888105392456 26
1711709336047 1.0178327560424805 27
1711709336276 1.0056296586990356 28
1711709336513 0.9486340284347534 29
1711709336776 0.9261974096298218 30
1711709337046 0.9102610349655151 31
1711709337315 1.0016282796859741 32
1711709337620 0.871384859085083 33
1711709337885 0.8745262622833252 34
1711709338153 0.8429098725318909 35
1711709338391 0.8806284666061401 36
1711709338621 0.8582631349563599 37
1711709338890 0.8202529549598694 38
1711709339156 0.7502971887588501 39
1711709339422 0.7498852610588074 40
1711709339688 0.7871907949447632 41
1711709339950 0.7609342336654663 42
1711709340186 0.774272084236145 43
1711709340452 0.7283147573471069 44
1711709340680 0.7011585831642151 45
1711709340947 0.667251706123352 46
1711709341177 0.7174991965293884 47
1711709341488 0.6866723895072937 48
1711709341720 0.6513055562973022 49
