1711711915306 6083.9189453125 0
1711711915586 730.2971801757812 1
1711711915857 152.9984588623047 2
1711711916180 85.93712615966797 3
1711711916449 50.179534912109375 4
1711711916724 31.546966552734375 5
1711711916993 22.723819732666016 6
1711711917265 18.225032806396484 7
1711711917531 14.573331832885742 8
1711711917799 12.246624946594238 9
1711711918068 10.393623352050781 10
1711711918341 9.19981575012207 11
1711711918611 7.8415679931640625 12
1711711918881 6.995356559753418 13
1711711919148 6.514347553253174 14
1711711919416 5.639233112335205 15
1711711919681 4.93905782699585 16
1711711919949 4.485409736633301 17
1711711920221 4.059300422668457 18
1711711920490 3.89111328125 19
1711711920756 3.612278699874878 20
1711711921023 3.7579190731048584 21
1711711921261 3.3221566677093506 22
1711711921529 3.180623769760132 23
1711711921761 3.068687677383423 24
1711711922033 3.129901647567749 25
1711711922298 2.8660316467285156 26
1711711922626 2.5808980464935303 27
1711711922870 2.4873149394989014 28
1711711923145 2.413412570953369 29
1711711923378 2.2922043800354004 30
1711711923617 2.1753740310668945 31
