1711711915306 59.925689697265625 0
1711711915586 20.630836486816406 1
1711711915857 8.528234481811523 2
1711711916180 5.955288410186768 3
1711711916449 4.478053569793701 4
1711711916724 3.6813008785247803 5
1711711916993 3.2149548530578613 6
1711711917265 2.954850673675537 7
1711711917531 2.6680023670196533 8
1711711917799 2.469742774963379 9
1711711918068 2.312110424041748 10
1711711918341 2.1899991035461426 11
1711711918611 2.0228800773620605 12
1711711918881 1.9309786558151245 13
1711711919148 1.887090802192688 14
1711711919416 1.7473467588424683 15
1711711919681 1.6368488073349 16
1711711919949 1.5629914999008179 17
1711711920221 1.4971240758895874 18
1711711920490 1.4715526103973389 19
1711711920756 1.4172834157943726 20
1711711921023 1.4630510807037354 21
1711711921261 1.3675457239151 22
1711711921529 1.3422770500183105 23
1711711921761 1.3169349431991577 24
1711711922033 1.3449877500534058 25
1711711922298 1.2697199583053589 26
1711711922626 1.2009377479553223 27
1711711922870 1.182800054550171 28
1711711923145 1.1701136827468872 29
1711711923378 1.1338071823120117 30
1711711923617 1.104030966758728 31
