1711710441315 5985.72314453125 0
1711710441587 680.1447143554688 1
1711710441859 154.50433349609375 2
1711710442129 97.72038269042969 3
1711710442401 66.04459381103516 4
1711710442675 46.40880584716797 5
1711710442939 32.337158203125 6
1711710443208 24.18292999267578 7
1711710443477 18.33955192565918 8
1711710443744 14.740992546081543 9
1711710444013 11.801179885864258 10
1711710444288 9.517841339111328 11
1711710444554 8.0064697265625 12
1711710444822 6.450694561004639 13
1711710445087 5.336479663848877 14
1711710445356 4.6491546630859375 15
1711710445622 3.948314666748047 16
1711710445855 3.4347736835479736 17
1711710446120 3.1153640747070312 18
1711710446350 2.863443374633789 19
1711710446620 2.6322696208953857 20
1711710446886 2.4036805629730225 21
1711710447118 2.2322418689727783 22
1711710447384 2.049590826034546 23
1711710447662 1.8533998727798462 24
1711710447926 1.9712811708450317 25
1711710448193 1.675571322441101 26
1711710448458 1.5591580867767334 27
1711710448727 1.364682674407959 28
1711710448995 1.3222336769104004 29
1711710449263 1.2656766176223755 30
1711710449529 1.2581356763839722 31
1711710449767 1.2373547554016113 32
1711710450031 0.9823193550109863 33
1711710450297 0.9945864081382751 34
1711710450530 0.9383219480514526 35
1711710450792 0.8490886688232422 36
1711710451030 0.8857453465461731 37
1711710451262 0.8744230270385742 38
