1711710441315 59.0896110534668 0
1711710441587 20.00259017944336 1
1711710441859 8.567948341369629 2
1711710442129 6.560100078582764 3
1711710442401 5.3421711921691895 4
1711710442675 4.568787097930908 5
1711710442939 3.8835372924804688 6
1711710443208 3.459449529647827 7
1711710443477 3.0366275310516357 8
1711710443744 2.7205896377563477 9
1711710444013 2.4396111965179443 10
1711710444288 2.19145131111145 11
1711710444554 2.025956630706787 12
1711710444822 1.8248276710510254 13
1711710445087 1.6638062000274658 14
1711710445356 1.5766479969024658 15
1711710445622 1.449693202972412 16
1711710445855 1.3547030687332153 17
1711710446120 1.302118182182312 18
1711710446350 1.2552008628845215 19
1711710446620 1.2146848440170288 20
1711710446886 1.154746651649475 21
1711710447118 1.1163257360458374 22
1711710447384 1.0709012746810913 23
1711710447662 1.0158119201660156 24
1711710447926 1.05695378780365 25
1711710448193 0.9725198149681091 26
1711710448458 0.9400362372398376 27
1711710448727 0.8739137053489685 28
1711710448995 0.861374020576477 29
1711710449263 0.8465640544891357 30
1711710449529 0.845803439617157 31
1711710449767 0.8370619416236877 32
1711710450031 0.7433175444602966 33
1711710450297 0.748040497303009 34
1711710450530 0.729469895362854 35
1711710450792 0.6922398805618286 36
1711710451030 0.7114331126213074 37
1711710451262 0.7071033120155334 38
