1711712904240 5419.26708984375 0
1711712904518 585.3095703125 1
1711712904790 147.98512268066406 2
1711712905056 91.047607421875 3
1711712905327 57.44192123413086 4
1711712905592 38.57491683959961 5
1711712905861 27.6407527923584 6
1711712906134 21.66475486755371 7
1711712906403 18.11433982849121 8
1711712906717 15.770732879638672 9
1711712906985 13.267828941345215 10
1711712907257 11.747431755065918 11
1711712907489 10.311705589294434 12
1711712907755 8.859790802001953 13
1711712908022 7.691765785217285 14
1711712908288 6.627659797668457 15
1711712908558 5.819768905639648 16
1711712908821 4.898674488067627 17
1711712909092 4.294622898101807 18
1711712909355 3.7448673248291016 19
1711712909621 3.2036142349243164 20
1711712909892 3.0761988162994385 21
1711712910155 2.6285266876220703 22
1711712910393 2.438720464706421 23
1711712910660 2.236945629119873 24
1711712910889 2.1615703105926514 25
1711712911205 2.2368404865264893 26
1711712911475 1.8504974842071533 27
1711712911746 1.8405781984329224 28
1711712911979 1.764093279838562 29
1711712912244 1.5835020542144775 30
