1711712904240 55.91813278198242 0
1711712904518 18.170316696166992 1
1711712904790 8.483460426330566 2
1711712905056 6.379974365234375 3
1711712905327 5.004598617553711 4
1711712905592 4.122933864593506 5
1711712905861 3.5738790035247803 6
1711712906134 3.260166645050049 7
1711712906403 3.039921998977661 8
1711712906717 2.880155324935913 9
1711712906985 2.6383612155914307 10
1711712907257 2.4915668964385986 11
1711712907489 2.3484535217285156 12
1711712907755 2.1753010749816895 13
1711712908022 2.032076120376587 14
1711712908288 1.891968846321106 15
1711712908558 1.7808619737625122 16
1711712908821 1.6360384225845337 17
1711712909092 1.5305453538894653 18
1711712909355 1.4381083250045776 19
1711712909621 1.331631064414978 20
1711712909892 1.3131545782089233 21
1711712910155 1.212509274482727 22
1711712910393 1.172899603843689 23
1711712910660 1.1174991130828857 24
1711712910889 1.101553201675415 25
1711712911205 1.123276948928833 26
1711712911475 1.0181132555007935 27
1711712911746 1.0214487314224243 28
1711712911979 0.9990652203559875 29
1711712912244 0.9451045989990234 30
