1711958776447 5605.59326171875 0
1711958776738 617.2757568359375 1
1711958777123 144.32159423828125 2
1711958777457 78.8473129272461 3
1711958777808 46.64534378051758 4
1711958778133 30.806188583374023 5
1711958778447 22.65273666381836 6
1711958778763 17.10951805114746 7
1711958779113 11.935707092285156 8
1711958779405 8.289536476135254 9
1711958779754 6.0455217361450195 10
1711958780147 5.113972187042236 11
1711958780853 4.213409423828125 12
1711958781104 3.787539005279541 13
1711958781370 3.302217721939087 14
1711958781636 2.9295263290405273 15
1711958781918 2.916210412979126 16
1711958782199 2.513533592224121 17
1711958782471 2.402681589126587 18
1711958782699 2.2839317321777344 19
1711958782963 2.1441810131073 20
1711958783192 2.0724575519561768 21
1711958783458 1.8304862976074219 22
1711958783687 1.6606374979019165 23
1711958783952 1.586836338043213 24
1711958784180 1.5856820344924927 25
1711958784548 1.4398596286773682 26
1711958784805 1.4217312335968018 27
1711958785091 1.3307236433029175 28
1711958785370 1.2346841096878052 29
1711958785640 1.2042109966278076 30
1711958785957 1.1692802906036377 31
1711958786258 1.1410136222839355 32
1711958786500 1.096037745475769 33
1711958786744 1.0314186811447144 34
