1711958776447 57.424217224121094 0
1711958776738 18.765701293945312 1
1711958777123 8.018174171447754 2
1711958777457 5.641099452972412 3
1711958777808 4.3912353515625 4
1711958778133 3.682781934738159 5
1711958778447 3.2460293769836426 6
1711958778763 2.8704628944396973 7
1711958779113 2.416867256164551 8
1711958779405 2.044232130050659 9
1711958779754 1.7630517482757568 10
1711958780147 1.6535049676895142 11
1711958780853 1.518300175666809 12
1711958781104 1.444981575012207 13
1711958781370 1.3530091047286987 14
1711958781636 1.2839781045913696 15
1711958781918 1.2837586402893066 16
1711958782199 1.1871881484985352 17
1711958782471 1.1730791330337524 18
1711958782699 1.1367357969284058 19
1711958782963 1.1004283428192139 20
1711958783192 1.0878275632858276 21
1711958783458 1.0179044008255005 22
1711958783687 0.9718584418296814 23
1711958783952 0.9453594088554382 24
1711958784180 0.9579198956489563 25
1711958784548 0.908231794834137 26
1711958784805 0.8959776759147644 27
1711958785091 0.8785389065742493 28
1711958785370 0.8428789377212524 29
1711958785640 0.8275142312049866 30
1711958785957 0.8174849152565002 31
1711958786258 0.8128330707550049 32
1711958786500 0.7951334714889526 33
1711958786744 0.7680530548095703 34
