1711707782604 5841.87255859375 0
1711707782839 823.0957641601562 1
1711707783076 143.44229125976562 2
1711707783310 81.78435516357422 3
1711707783542 49.01885986328125 4
1711707783775 32.8044548034668 5
1711707784007 23.554731369018555 6
1711707784287 17.427032470703125 7
1711707784519 12.810637474060059 8
1711707784750 9.702184677124023 9
1711707784981 7.929343223571777 10
1711707785228 6.5877532958984375 11
1711707785464 5.645956516265869 12
1711707785695 5.364614486694336 13
1711707785927 4.861177444458008 14
1711707786158 4.680506229400635 15
1711707786381 4.108587265014648 16
1711707786612 3.9060306549072266 17
1711707786844 3.691182851791382 18
1711707787073 3.6098079681396484 19
1711707787304 3.3145177364349365 20
1711707787527 3.15541410446167 21
1711707787759 2.9500343799591064 22
1711707787991 2.7850053310394287 23
1711707788219 2.6085808277130127 24
1711707788444 2.5091006755828857 25
1711707788676 2.4176578521728516 26
1711707788899 2.2738349437713623 27
1711707789129 2.097243547439575 28
