1711707782604 58.812416076660156 0
1711707782839 22.49707794189453 1
1711707783076 8.255038261413574 2
1711707783310 5.949286460876465 3
1711707783542 4.610133647918701 4
1711707783775 3.9129068851470947 5
1711707784007 3.4322659969329834 6
1711707784287 3.000779628753662 7
1711707784519 2.5889053344726562 8
1711707784750 2.260413408279419 9
1711707784981 2.0622293949127197 10
1711707785228 1.887550711631775 11
1711707785464 1.7463407516479492 12
1711707785695 1.718904972076416 13
1711707785927 1.6421765089035034 14
1711707786158 1.6189171075820923 15
1711707786381 1.5127983093261719 16
1711707786612 1.4828848838806152 17
1711707786844 1.4362337589263916 18
1711707787073 1.4298343658447266 19
1711707787304 1.3654392957687378 20
1711707787527 1.3352172374725342 21
1711707787759 1.294244647026062 22
1711707787991 1.2569148540496826 23
1711707788219 1.213027834892273 24
1711707788444 1.1898982524871826 25
1711707788676 1.1693719625473022 26
1711707788899 1.1387286186218262 27
1711707789129 1.0943784713745117 28
