1711709146986 6373.47900390625 0
1711709147262 1220.2431640625 1
1711709147538 178.64401245117188 2
1711709147808 100.15819549560547 3
1711709148073 63.26175308227539 4
1711709148342 38.95198059082031 5
1711709148611 25.963529586791992 6
1711709148879 19.408329010009766 7
1711709149147 15.66955852508545 8
1711709149415 11.832878112792969 9
1711709149682 9.644238471984863 10
1711709149953 7.550083160400391 11
1711709150220 6.204610824584961 12
1711709150533 5.370189189910889 13
1711709150803 4.649088382720947 14
1711709151071 4.023850917816162 15
1711709151337 3.7839293479919434 16
1711709151571 3.439239501953125 17
1711709151838 3.1570417881011963 18
1711709152105 2.984389066696167 19
1711709152370 2.7539708614349365 20
1711709152637 2.724933624267578 21
1711709152904 2.621122121810913 22
1711709153135 2.7332029342651367 23
1711709153401 2.3715853691101074 24
1711709153633 2.375868797302246 25
1711709153897 2.246021270751953 26
1711709154173 2.1326918601989746 27
1711709154405 2.239171266555786 28
1711709154671 2.167445182800293 29
1711709154937 2.0864384174346924 30
1711709155208 1.885186791419983 31
1711709155472 1.8968859910964966 32
1711709155720 1.8616231679916382 33
1711709155997 1.815973162651062 34
1711709156229 1.736883282661438 35
1711709156496 1.6588447093963623 36
1711709156727 1.6142715215682983 37
1711709156993 1.658839464187622 38
1711709157224 1.437063217163086 39
1711709157494 1.5382367372512817 40
