1711709146986 61.7937126159668 0
1711709147262 28.40933609008789 1
1711709147538 9.394968032836914 2
1711709147808 6.66375207901001 3
1711709148073 5.1535186767578125 4
1711709148342 4.0279035568237305 5
1711709148611 3.36318039894104 6
1711709148879 2.985823392868042 7
1711709149147 2.732203483581543 8
1711709149415 2.3903732299804688 9
1711709149682 2.166419267654419 10
1711709149953 1.9357503652572632 11
1711709150220 1.7656426429748535 12
1711709150533 1.676401138305664 13
1711709150803 1.5698007345199585 14
1711709151071 1.469860553741455 15
1711709151337 1.4417320489883423 16
1711709151571 1.38383150100708 17
1711709151838 1.3211230039596558 18
1711709152105 1.288978934288025 19
1711709152370 1.236142873764038 20
1711709152637 1.2355226278305054 21
1711709152904 1.2174012660980225 22
1711709153135 1.2555975914001465 23
1711709153401 1.155185341835022 24
1711709153633 1.161974549293518 25
1711709153897 1.1250336170196533 26
1711709154173 1.0933398008346558 27
1711709154405 1.1348093748092651 28
1711709154671 1.1069145202636719 29
1711709154937 1.091176152229309 30
1711709155208 1.0353327989578247 31
1711709155472 1.0375022888183594 32
1711709155720 1.021397590637207 33
1711709155997 1.0233380794525146 34
1711709156229 0.9951459765434265 35
1711709156496 0.9706453680992126 36
1711709156727 0.9556835889816284 37
1711709156993 0.9726294875144958 38
1711709157224 0.8968353271484375 39
1711709157494 0.9329606294631958 40
