1711959084787 5953.7861328125 0
1711959085060 551.7021484375 1
1711959085334 116.96304321289062 2
1711959085601 70.26283264160156 3
1711959085868 46.66067886352539 4
1711959086131 33.425724029541016 5
1711959086405 23.54159164428711 6
1711959086684 17.003578186035156 7
1711959086943 13.540918350219727 8
1711959087206 11.025735855102539 9
1711959087469 9.216983795166016 10
1711959087742 7.9017839431762695 11
1711959087969 7.453749179840088 12
1711959088232 6.159125804901123 13
1711959088494 5.364966869354248 14
1711959088756 4.8107171058654785 15
1711959088983 4.321288585662842 16
1711959089250 3.6797468662261963 17
1711959089474 3.493098258972168 18
1711959089746 3.140502691268921 19
1711959090068 2.924318313598633 20
1711959090653 2.588456869125366 21
1711959091348 2.4710214138031006 22
1711959091998 2.42244815826416 23
1711959092300 2.119941473007202 24
1711959092529 2.003960609436035 25
1711959092909 1.814632773399353 26
1711959093688 1.7955598831176758 27
1711959094772 1.6801080703735352 28
1711959095709 1.5670684576034546 29
1711959097090 1.4935075044631958 30
1711959097683 1.3752659559249878 31
1711959098127 1.372458577156067 32
1711959098812 1.3117541074752808 33
1711959100562 1.2689940929412842 34
1711959101926 1.1857478618621826 35
1711959102958 1.0870636701583862 36
1711959103834 1.1507917642593384 37
1711959104540 1.0490601062774658 38
1711959104874 0.9986096024513245 39
