1711959084787 58.99515151977539 0
1711959085060 17.306270599365234 1
1711959085334 7.26141357421875 2
1711959085601 5.429011344909668 3
1711959085868 4.49275016784668 4
1711959086131 3.874333143234253 5
1711959086405 3.2292444705963135 6
1711959086684 2.784284830093384 7
1711959086943 2.5277576446533203 8
1711959087206 2.3138411045074463 9
1711959087469 2.1360254287719727 10
1711959087742 1.9801229238510132 11
1711959087969 1.9694873094558716 12
1711959088232 1.778562068939209 13
1711959088494 1.6654645204544067 14
1711959088756 1.6028095483779907 15
1711959088983 1.527064561843872 16
1711959089250 1.4025657176971436 17
1711959089474 1.3747795820236206 18
1711959089746 1.3074800968170166 19
1711959090068 1.2619777917861938 20
1711959090653 1.1872444152832031 21
1711959091348 1.159345030784607 22
1711959091998 1.1592128276824951 23
1711959092300 1.077073574066162 24
1711959092529 1.0488020181655884 25
1711959092909 0.9917662739753723 26
1711959093688 0.9885095953941345 27
1711959094772 0.9566017389297485 28
1711959095709 0.9304324388504028 29
1711959097090 0.9049741625785828 30
1711959097683 0.87099689245224 31
1711959098127 0.8742148876190186 32
1711959098812 0.8487006425857544 33
1711959100562 0.8404211401939392 34
1711959101926 0.8128063082695007 35
1711959102958 0.7778075337409973 36
1711959103834 0.8040733933448792 37
1711959104540 0.7623984217643738 38
1711959104874 0.7478649616241455 39
