1711709366684 59.762306213378906 0
1711709366955 18.055484771728516 1
1711709367228 8.486000061035156 2
1711709367494 5.931974411010742 3
1711709367768 4.414100170135498 4
1711709368035 3.530489921569824 5
1711709368301 3.1037964820861816 6
1711709368568 2.783857822418213 7
1711709368836 2.5676259994506836 8
1711709369102 2.3966848850250244 9
1711709369370 2.1702351570129395 10
1711709369633 2.0712807178497314 11
1711709369938 1.9282960891723633 12
1711709370206 1.8340879678726196 13
1711709370471 1.7295206785202026 14
1711709370737 1.6877856254577637 15
1711709371012 1.668054461479187 16
1711709371298 1.5653032064437866 17
1711709371562 1.5750354528427124 18
1711709371832 1.503635287284851 19
1711709372098 1.481007695198059 20
1711709372366 1.430970549583435 21
1711709372616 1.3972171545028687 22
1711709372919 1.3562920093536377 23
1711709373158 1.3647346496582031 24
1711709373424 1.3070001602172852 25
1711709373689 1.2995445728302002 26
1711709373951 1.2498935461044312 27
1711709374184 1.2477549314498901 28
1711709374452 1.2115219831466675 29
1711709374716 1.2012263536453247 30
1711709374947 1.1754481792449951 31
1711709375213 1.156943917274475 32
1711709375474 1.1422123908996582 33
1711709375709 1.1778560876846313 34
1711709375973 1.1038566827774048 35
1711709376241 1.0946592092514038 36
1711709376472 1.08116614818573 37
1711709376741 1.0628455877304077 38
1711709376973 1.0121922492980957 39
1711709377235 1.0094469785690308 40
1711709377500 0.9971678853034973 41
1711709377733 0.99679034948349 42
1711709378001 0.9905620217323303 43
1711709378268 1.0816324949264526 44
1711709378498 0.9424659013748169 45
1711709378727 0.9347831010818481 46
1711709378990 0.8915193676948547 47
1711709379220 0.9267634153366089 48
1711709379448 0.9084208011627197 49
