1711709366684 6052.01171875 0
1711709366955 593.6231689453125 1
1711709367228 144.48114013671875 2
1711709367494 78.46707916259766 3
1711709367768 43.70731735229492 4
1711709368035 27.207834243774414 5
1711709368301 19.73200035095215 6
1711709368568 15.337900161743164 7
1711709368836 12.73779582977295 8
1711709369102 11.005936622619629 9
1711709369370 9.117044448852539 10
1711709369633 8.145322799682617 11
1711709369938 7.130344390869141 12
1711709370206 6.34422492980957 13
1711709370471 5.624268054962158 14
1711709370737 5.318087577819824 15
1711709371012 5.0598649978637695 16
1711709371298 4.526576042175293 17
1711709371562 4.467764854431152 18
1711709371832 4.115254878997803 19
1711709372098 3.9598312377929688 20
1711709372366 3.6965949535369873 21
1711709372616 3.5187642574310303 22
1711709372919 3.281242847442627 23
1711709373158 3.3106348514556885 24
1711709373424 3.0532872676849365 25
1711709373689 2.9839701652526855 26
1711709373951 2.8089585304260254 27
1711709374184 2.7625043392181396 28
1711709374452 2.6138181686401367 29
1711709374716 2.558225631713867 30
1711709374947 2.447066307067871 31
1711709375213 2.367926597595215 32
1711709375474 2.3121116161346436 33
1711709375709 2.439444065093994 34
1711709375973 2.144866704940796 35
1711709376241 2.119133234024048 36
1711709376472 2.0762434005737305 37
1711709376741 1.9918605089187622 38
1711709376973 1.8186804056167603 39
1711709377235 1.8013336658477783 40
1711709377500 1.7606489658355713 41
1711709377733 1.7680244445800781 42
1711709378001 1.7176212072372437 43
1711709378268 2.0483956336975098 44
1711709378498 1.5797806978225708 45
1711709378727 1.552688479423523 46
1711709378990 1.427095890045166 47
1711709379220 1.5120818614959717 48
1711709379448 1.4561054706573486 49
