1711709164296 5671.25830078125 0
1711709164566 578.224609375 1
1711709164838 120.78023529052734 2
1711709165109 63.72682189941406 3
1711709165380 34.11457824707031 4
1711709165647 22.69597816467285 5
1711709165915 17.461475372314453 6
1711709166182 13.984002113342285 7
1711709166447 11.384474754333496 8
1711709166716 9.681973457336426 9
1711709166982 7.503915309906006 10
1711709167249 5.709429740905762 11
1711709167521 4.608147144317627 12
1711709167790 3.954103946685791 13
1711709168055 3.631836414337158 14
1711709168317 3.34091854095459 15
1711709168582 3.0172770023345947 16
1711709168814 2.9911136627197266 17
1711709169084 2.6519808769226074 18
1711709169347 2.475679397583008 19
1711709169583 2.4353299140930176 20
1711709169850 2.223203420639038 21
1711709170115 2.0861856937408447 22
1711709170347 2.0769383907318115 23
1711709170580 1.958580732345581 24
1711709170843 1.8223609924316406 25
1711709171108 1.7283862829208374 26
1711709171343 1.6626709699630737 27
1711709171605 1.598046064376831 28
1711709171879 1.667396903038025 29
1711709172147 1.5077571868896484 30
1711709172464 1.5934765338897705 31
1711709172710 1.4259082078933716 32
1711709172978 1.3381825685501099 33
1711709173242 1.320572018623352 34
1711709173474 1.3338797092437744 35
1711709173764 1.4160590171813965 36
