1711709164296 57.39603042602539 0
1711709164566 17.873563766479492 1
1711709164838 7.579047203063965 2
1711709165109 5.160104274749756 3
1711709165380 3.7374048233032227 4
1711709165647 3.215442657470703 5
1711709165915 2.929804801940918 6
1711709166182 2.6736838817596436 7
1711709166447 2.4356799125671387 8
1711709166716 2.272885322570801 9
1711709166982 2.0006492137908936 10
1711709167249 1.729245662689209 11
1711709167521 1.5637465715408325 12
1711709167790 1.4604682922363281 13
1711709168055 1.4077228307724 14
1711709168317 1.360438346862793 15
1711709168582 1.294507622718811 16
1711709168814 1.2967689037322998 17
1711709169084 1.215652585029602 18
1711709169347 1.179753065109253 19
1711709169583 1.173819661140442 20
1711709169850 1.1198890209197998 21
1711709170115 1.080461025238037 22
1711709170347 1.0830439329147339 23
1711709170580 1.0555225610733032 24
1711709170843 1.0190753936767578 25
1711709171108 0.9955151081085205 26
1711709171343 0.9749385714530945 27
1711709171605 0.954775869846344 28
1711709171879 0.9816091060638428 29
1711709172147 0.9311646819114685 30
1711709172464 0.9587657451629639 31
1711709172710 0.906540036201477 32
1711709172978 0.8807741403579712 33
1711709173242 0.8782908320426941 34
1711709173474 0.8802459836006165 35
1711709173764 0.912289559841156 36
