1711709938234 5290.31396484375 0
1711709938512 598.2197265625 1
1711709938783 125.04569244384766 2
1711709939053 74.58512115478516 3
1711709939319 44.6450080871582 4
1711709939589 29.059343338012695 5
1711709939859 20.177265167236328 6
1711709940127 14.864474296569824 7
1711709940392 11.503690719604492 8
1711709940664 9.265483856201172 9
1711709940926 7.989830493927002 10
1711709941195 6.753599643707275 11
1711709941461 6.113797187805176 12
1711709941731 5.165028095245361 13
1711709941996 4.550626277923584 14
1711709942261 3.994072675704956 15
1711709942531 3.7419888973236084 16
1711709942798 3.1435294151306152 17
1711709943033 2.90529203414917 18
1711709943355 2.6280524730682373 19
1711709943612 2.4246890544891357 20
1711709943876 2.1976287364959717 21
1711709944147 2.032193183898926 22
1711709944377 1.8785837888717651 23
1711709944646 1.7469494342803955 24
1711709944876 1.6437897682189941 25
1711709945148 1.5778661966323853 26
1711709945414 1.4043500423431396 27
1711709945679 1.4270715713500977 28
1711709945945 1.3501439094543457 29
1711709946178 1.3690805435180664 30
1711709946445 1.1864789724349976 31
1711709946718 1.2161660194396973 32
1711709946951 1.1634348630905151 33
1711709947219 1.0815510749816895 34
1711709947486 0.9653038382530212 35
1711709947753 0.9006083011627197 36
1711709948019 1.0434181690216064 37
1711709948254 0.8509275317192078 38
1711709948523 0.9243096709251404 39
