1711709938234 55.8625602722168 0
1711709938512 18.53386116027832 1
1711709938783 7.506102085113525 2
1711709939053 5.64686393737793 3
1711709939319 4.288661956787109 4
1711709939589 3.5471105575561523 5
1711709939859 2.9979116916656494 6
1711709940127 2.5826542377471924 7
1711709940392 2.289311170578003 8
1711709940664 2.072782278060913 9
1711709940926 1.960265040397644 10
1711709941195 1.8109116554260254 11
1711709941461 1.7661714553833008 12
1711709941731 1.6105302572250366 13
1711709941996 1.526383876800537 14
1711709942261 1.4456299543380737 15
1711709942531 1.415230393409729 16
1711709942798 1.293647050857544 17
1711709943033 1.2505069971084595 18
1711709943355 1.1943577527999878 19
1711709943612 1.149962067604065 20
1711709943876 1.100386381149292 21
1711709944147 1.0639499425888062 22
1711709944377 1.0220863819122314 23
1711709944646 0.9890273809432983 24
1711709944876 0.9614431858062744 25
1711709945148 0.9408676028251648 26
1711709945414 0.8872899413108826 27
1711709945679 0.9036921262741089 28
1711709945945 0.8767288327217102 29
1711709946178 0.8882760405540466 30
1711709946445 0.8254114389419556 31
1711709946718 0.8414252996444702 32
1711709946951 0.8237106204032898 33
1711709947219 0.7877996563911438 34
1711709947486 0.7469539642333984 35
1711709947753 0.7178996205329895 36
1711709948019 0.7795471549034119 37
1711709948254 0.698849618434906 38
1711709948523 0.7358755469322205 39
