1711714429823 5737.0576171875 0
1711714430103 689.4332885742188 1
1711714430375 108.82405090332031 2
1711714430646 59.12004470825195 3
1711714430912 38.662635803222656 4
1711714431183 27.913610458374023 5
1711714431458 21.93438720703125 6
1711714431731 18.08633804321289 7
1711714431998 15.525338172912598 8
1711714432269 12.724504470825195 9
1711714432539 10.812195777893066 10
1711714432805 8.894123077392578 11
1711714433075 7.590397834777832 12
1711714433349 6.600562572479248 13
1711714433622 5.81187629699707 14
1711714433896 5.1889448165893555 15
1711714434165 4.744470119476318 16
1711714434438 4.533548355102539 17
1711714434704 3.976796865463257 18
1711714434973 3.3760786056518555 19
1711714435215 2.7434141635894775 20
1711714435539 2.2289295196533203 21
1711714435810 2.05947208404541 22
1711714436080 1.7629504203796387 23
1711714436347 1.6096017360687256 24
1711714436620 1.5383210182189941 25
1711714436885 1.3802919387817383 26
1711714437155 1.3469158411026 27
1711714437394 1.2511849403381348 28
1711714437660 1.2434390783309937 29
1711714437926 1.150620460510254 30
1711714438163 1.339559555053711 31
1711714438435 1.144709825515747 32
1711714438673 1.1025702953338623 33
1711714438946 1.0613833665847778 34
1711714439184 1.0339140892028809 35
1711714439469 0.871749758720398 36
1711714439790 0.8297429084777832 37
1711714440037 0.9459916353225708 38
1711714440276 0.794236421585083 39
1711714440545 0.7517643570899963 40
1711714440784 0.8918694853782654 41
1711714441013 0.7346494793891907 42
