1711714429823 58.36734390258789 0
1711714430103 19.72612190246582 1
1711714430375 7.299069881439209 2
1711714430646 5.2251715660095215 3
1711714430912 4.30515718460083 4
1711714431183 3.7430989742279053 5
1711714431458 3.355189800262451 6
1711714431731 3.070650100708008 7
1711714431998 2.8714675903320312 8
1711714432269 2.614741325378418 9
1711714432539 2.4192559719085693 10
1711714432805 2.20711350440979 11
1711714433075 2.0427305698394775 12
1711714433349 1.9094620943069458 13
1711714433622 1.7927948236465454 14
1711714433896 1.6903045177459717 15
1711714434165 1.6210103034973145 16
1711714434438 1.5869029760360718 17
1711714434704 1.489677906036377 18
1711714434973 1.3757882118225098 19
1711714435215 1.2435227632522583 20
1711714435539 1.118571162223816 21
1711714435810 1.0809097290039062 22
1711714436080 0.9967236518859863 23
1711714436347 0.9475990533828735 24
1711714436620 0.9299991130828857 25
1711714436885 0.8752518892288208 26
1711714437155 0.8695313334465027 27
1711714437394 0.8369012475013733 28
1711714437660 0.837404191493988 29
1711714437926 0.8075399994850159 30
1711714438163 0.8800126314163208 31
1711714438435 0.8116724491119385 32
1711714438673 0.7969638705253601 33
1711714438946 0.7827236652374268 34
1711714439184 0.7711649537086487 35
1711714439469 0.706977903842926 36
1711714439790 0.6916806101799011 37
1711714440037 0.7406095266342163 38
1711714440276 0.6804254055023193 39
1711714440545 0.6558239459991455 40
1711714440784 0.7165578007698059 41
1711714441013 0.6517953872680664 42
