1711714103795 6584.5283203125 0
1711714104074 958.944580078125 1
1711714104350 136.89828491210938 2
1711714104624 70.79285430908203 3
1711714104894 42.89739990234375 4
1711714105167 30.650938034057617 5
1711714105482 23.742839813232422 6
1711714105754 19.283491134643555 7
1711714106024 16.521024703979492 8
1711714106296 13.582991600036621 9
1711714106574 11.987044334411621 10
1711714106843 10.0044584274292 11
1711714107117 8.528965950012207 12
1711714107384 7.36384916305542 13
1711714107659 6.312526702880859 14
1711714107929 5.671126365661621 15
1711714108203 5.223294734954834 16
1711714108474 4.711832046508789 17
1711714108745 4.494873523712158 18
1711714109014 4.1900954246521 19
1711714109290 3.9560835361480713 20
1711714109562 3.699758768081665 21
1711714109833 3.471886396408081 22
1711714110068 3.371108293533325 23
1711714110338 3.229677677154541 24
1711714110610 3.245338201522827 25
1711714110882 2.82488751411438 26
1711714111154 2.74079966545105 27
1711714111421 2.6759679317474365 28
1711714111695 2.7504003047943115 29
1711714111962 2.244847059249878 30
1711714112236 2.130007028579712 31
1711714112501 2.026108503341675 32
1711714112796 1.9459338188171387 33
1711714113065 1.8573864698410034 34
1711714113336 1.681520938873291 35
1711714113573 1.5035921335220337 36
1711714113846 1.459073543548584 37
1711714114112 1.230608344078064 38
1711714114386 1.3606278896331787 39
1711714114655 1.0760960578918457 40
1711714114892 1.1479328870773315 41
1711714115130 1.0506409406661987 42
1711714115400 0.9581075310707092 43
1711714115669 0.8872479200363159 44
1711714115939 1.07231867313385 45
1711714116181 0.8737289309501648 46
1711714116450 0.8120453953742981 47
1711714116683 0.7267574667930603 48
1711714116952 0.6769976019859314 49
