1711714103795 62.3916015625 0
1711714104074 24.307178497314453 1
1711714104350 8.236734390258789 2
1711714104624 5.571423053741455 3
1711714104894 4.363051891326904 4
1711714105167 3.7927799224853516 5
1711714105482 3.40164852142334 6
1711714105754 3.1050684452056885 7
1711714106024 2.9009644985198975 8
1711714106296 2.646282434463501 9
1711714106574 2.5062310695648193 10
1711714106843 2.2863001823425293 11
1711714107117 2.1098897457122803 12
1711714107384 1.971001386642456 13
1711714107659 1.8263328075408936 14
1711714107929 1.741068959236145 15
1711714108203 1.6750091314315796 16
1711714108474 1.5961965322494507 17
1711714108745 1.5581156015396118 18
1711714109014 1.5141507387161255 19
1711714109290 1.4777792692184448 20
1711714109562 1.4250742197036743 21
1711714109833 1.378042459487915 22
1711714110068 1.3625952005386353 23
1711714110338 1.3385590314865112 24
1711714110610 1.3466293811798096 25
1711714110882 1.239751935005188 26
1711714111154 1.224422812461853 27
1711714111421 1.2125076055526733 28
1711714111695 1.2291887998580933 29
1711714111962 1.103453516960144 30
1711714112236 1.0789116621017456 31
1711714112501 1.050320029258728 32
1711714112796 1.0371743440628052 33
1711714113065 1.0077611207962036 34
1711714113336 0.9605606198310852 35
1711714113573 0.9137516021728516 36
1711714113846 0.8972232341766357 37
1711714114112 0.8220993280410767 38
1711714114386 0.871107816696167 39
1711714114655 0.7708821296691895 40
1711714114892 0.7995980381965637 41
1711714115130 0.7678636908531189 42
1711714115400 0.7311018109321594 43
1711714115669 0.7040521502494812 44
1711714115939 0.7842617034912109 45
1711714116181 0.7078360319137573 46
1711714116450 0.6809620261192322 47
1711714116683 0.6423138380050659 48
1711714116952 0.6202232837677002 49
