1711710172092 5999.962890625 0
1711710172365 791.5001831054688 1
1711710172632 135.17263793945312 2
1711710172902 62.473419189453125 3
1711710173172 33.52614974975586 4
1711710173439 23.91150665283203 5
1711710173703 19.2372989654541 6
1711710173979 15.957233428955078 7
1711710174245 13.319314956665039 8
1711710174510 11.285324096679688 9
1711710174780 9.60970687866211 10
1711710175044 8.560320854187012 11
1711710175314 7.484229564666748 12
1711710175546 6.745850563049316 13
1711710175812 6.269404888153076 14
1711710176078 5.749759674072266 15
1711710176341 5.576101303100586 16
1711710176607 5.262768745422363 17
1711710176845 5.180397033691406 18
1711710177108 4.911534309387207 19
1711710177407 4.706043243408203 20
1711710177679 4.514891624450684 21
1711710177946 4.375919818878174 22
1711710178177 4.207006931304932 23
1711710178442 4.158702850341797 24
1711710178709 4.020425796508789 25
1711710178942 3.982968330383301 26
1711710179211 3.7682909965515137 27
1711710179474 3.666898250579834 28
1711710179706 3.565837860107422 29
1711710179972 3.5374739170074463 30
1711710180203 3.461669445037842 31
1711710180435 3.4707438945770264 32
