1711710172092 59.5753173828125 0
1711710172365 21.70003318786621 1
1711710172632 8.193806648254395 2
1711710172902 5.111163139343262 3
1711710173172 3.786402940750122 4
1711710173439 3.3896825313568115 5
1711710173703 3.126873254776001 6
1711710173979 2.897275447845459 7
1711710174245 2.6600613594055176 8
1711710174510 2.469982385635376 9
1711710174780 2.2864303588867188 10
1711710175044 2.1706132888793945 11
1711710175314 2.0398452281951904 12
1711710175546 1.9438867568969727 13
1711710175812 1.8750933408737183 14
1711710176078 1.802889347076416 15
1711710176341 1.7803473472595215 16
1711710176607 1.7340543270111084 17
1711710176845 1.7261303663253784 18
1711710177108 1.6793098449707031 19
1711710177407 1.6374081373214722 20
1711710177679 1.6127649545669556 21
1711710177946 1.5841292142868042 22
1711710178177 1.5482419729232788 23
1711710178442 1.545837163925171 24
1711710178709 1.5152781009674072 25
1711710178942 1.5101436376571655 26
1711710179211 1.4663540124893188 27
1711710179474 1.4501606225967407 28
1711710179706 1.4219772815704346 29
1711710179972 1.4230695962905884 30
1711710180203 1.4036461114883423 31
1711710180435 1.40464186668396 32
