1711713271519 5784.99365234375 0
1711713271847 714.2769165039062 1
1711713272126 127.06131744384766 2
1711713272399 69.2836685180664 3
1711713272667 39.49770736694336 4
1711713272937 24.5803279876709 5
1711713273208 17.974836349487305 6
1711713273476 14.149374961853027 7
1711713273747 11.088584899902344 8
1711713274016 9.323482513427734 9
1711713274285 7.952846050262451 10
1711713274555 7.008172988891602 11
1711713274824 5.974504470825195 12
1711713275097 5.403610706329346 13
1711713275388 4.793181419372559 14
1711713275674 4.518121719360352 15
1711713275945 4.120781421661377 16
1711713276211 4.157533168792725 17
1711713276480 3.862917184829712 18
1711713276749 3.6767196655273438 19
1711713277024 3.402446985244751 20
1711713277294 3.2051544189453125 21
1711713277560 3.198989152908325 22
1711713277797 2.993711233139038 23
1711713278067 2.875072717666626 24
1711713278336 2.866105079650879 25
1711713278574 2.6456847190856934 26
1711713278838 2.475586175918579 27
1711713279075 2.3918144702911377 28
1711713279342 2.3621444702148438 29
1711713279610 2.2509732246398926 30
1711713279879 2.0542776584625244 31
1711713280134 2.0247273445129395 32
1711713280445 1.8321590423583984 33
1711713280718 2.139516830444336 34
1711713280967 1.8062304258346558 35
1711713281233 1.741167426109314 36
1711713281502 1.744848370552063 37
1711713281736 1.7044389247894287 38
1711713282008 1.5813021659851074 39
1711713282273 1.4427791833877563 40
1711713282509 1.398513913154602 41
1711713282781 1.4357874393463135 42
1711713283046 1.4524234533309937 43
1711713283283 1.4460071325302124 44
1711713283551 1.2141848802566528 45
