1711713271519 58.19089889526367 0
1711713271847 20.383750915527344 1
1711713272126 7.732483863830566 2
1711713272399 5.519744396209717 3
1711713272667 4.116372108459473 4
1711713272937 3.320767879486084 5
1711713273208 2.937006950378418 6
1711713273476 2.6793906688690186 7
1711713273747 2.4002795219421387 8
1711713274016 2.2302989959716797 9
1711713274285 2.0683486461639404 10
1711713274555 1.9445170164108276 11
1711713274824 1.8100557327270508 12
1711713275097 1.7249468564987183 13
1711713275388 1.6288775205612183 14
1711713275674 1.591048240661621 15
1711713275945 1.52652108669281 16
1711713276211 1.5396003723144531 17
1711713276480 1.4858778715133667 18
1711713276749 1.4571285247802734 19
1711713277024 1.399193525314331 20
1711713277294 1.36017644405365 21
1711713277560 1.3684849739074707 22
1711713277797 1.3224990367889404 23
1711713278067 1.2927459478378296 24
1711713278336 1.2988213300704956 25
1711713278574 1.238542079925537 26
1711713278838 1.2005228996276855 27
1711713279075 1.182260274887085 28
1711713279342 1.1742254495620728 29
1711713279610 1.1485522985458374 30
1711713279879 1.0940688848495483 31
1711713280134 1.0866973400115967 32
1711713280445 1.0396417379379272 33
1711713280718 1.1285324096679688 34
1711713280967 1.0302447080612183 35
1711713281233 1.00308358669281 36
1711713281502 1.0057015419006348 37
1711713281736 0.9992148876190186 38
1711713282008 0.957287609577179 39
1711713282273 0.9120772480964661 40
1711713282509 0.8954240083694458 41
1711713282781 0.9120187163352966 42
1711713283046 0.9212749004364014 43
1711713283283 0.915600061416626 44
1711713283551 0.8362647891044617 45
