1711709270540 5848.70556640625 0
1711709270811 631.1338500976562 1
1711709271084 152.2220458984375 2
1711709271358 80.16503143310547 3
1711709271624 41.731319427490234 4
1711709271921 24.78399658203125 5
1711709272184 17.626991271972656 6
1711709272453 14.197768211364746 7
1711709272724 11.309971809387207 8
1711709272991 9.460036277770996 9
1711709273256 8.528494834899902 10
1711709273521 7.027427673339844 11
1711709273799 5.9326324462890625 12
1711709274067 5.412829875946045 13
1711709274333 4.953226089477539 14
1711709274769 4.407413959503174 15
1711709275091 4.0085530281066895 16
1711709275465 3.690152645111084 17
1711709275715 3.5609707832336426 18
1711709276053 3.2531464099884033 19
1711709276321 3.0313990116119385 20
1711709276589 2.7346372604370117 21
1711709276856 2.589207649230957 22
1711709277123 2.401592493057251 23
1711709277412 2.304495096206665 24
1711709277655 2.056537389755249 25
1711709277922 1.997138500213623 26
1711709278184 1.9259775876998901 27
1711709278476 1.8165340423583984 28
1711709278710 1.6892396211624146 29
1711709278973 1.530694842338562 30
1711709279237 1.5288280248641968 31
1711709279469 1.3358149528503418 32
1711709279734 1.209733009338379 33
1711709280021 1.1196070909500122 34
1711709280255 1.131184697151184 35
1711709280518 1.0064650774002075 36
1711709280749 0.9729661345481873 37
1711709281014 1.081761121749878 38
1711709281307 0.9456915259361267 39
1711709281573 0.8633279204368591 40
1711709281922 0.7675660252571106 41
