1711709270540 58.09513854980469 0
1711709270811 19.147998809814453 1
1711709271084 8.560320854187012 2
1711709271358 5.796318054199219 3
1711709271624 4.084955215454102 4
1711709271921 3.2457075119018555 5
1711709272184 2.873227596282959 6
1711709272453 2.6580193042755127 7
1711709272724 2.4143319129943848 8
1711709272991 2.219419002532959 9
1711709273256 2.1384615898132324 10
1711709273521 1.9376108646392822 11
1711709273799 1.7808929681777954 12
1711709274067 1.7062788009643555 13
1711709274333 1.6382436752319336 14
1711709274769 1.5495707988739014 15
1711709275091 1.483275294303894 16
1711709275465 1.4220328330993652 17
1711709275715 1.4156098365783691 18
1711709276053 1.3485589027404785 19
1711709276321 1.3058817386627197 20
1711709276589 1.23570716381073 21
1711709276856 1.2080825567245483 22
1711709277123 1.168678641319275 23
1711709277412 1.144182562828064 24
1711709277655 1.0823067426681519 25
1711709277922 1.0682189464569092 26
1711709278184 1.0560054779052734 27
1711709278476 1.0263385772705078 28
1711709278710 0.9919371604919434 29
1711709278973 0.9447762966156006 30
1711709279237 0.9387330412864685 31
1711709279469 0.880370557308197 32
1711709279734 0.8355042934417725 33
1711709280021 0.8077465295791626 34
1711709280255 0.8109159469604492 35
1711709280518 0.7685046195983887 36
1711709280749 0.7533718347549438 37
1711709281014 0.8013710379600525 38
1711709281307 0.7487812638282776 39
1711709281573 0.7140577435493469 40
1711709281922 0.6788650751113892 41
