1711713969291 5647.90869140625 0
1711713969564 594.5587768554688 1
1711713969837 148.34927368164062 2
1711713970111 89.02794647216797 3
1711713970381 56.540618896484375 4
1711713970649 37.82609939575195 5
1711713970918 28.62849235534668 6
1711713971189 23.48235511779785 7
1711713971457 20.191057205200195 8
1711713971722 16.69231414794922 9
1711713971989 14.265560150146484 10
1711713972259 11.847460746765137 11
1711713972525 9.991143226623535 12
1711713972793 8.547438621520996 13
1711713973060 7.355512619018555 14
1711713973329 6.475327968597412 15
1711713973601 5.713064193725586 16
1711713973842 5.635929107666016 17
1711713974112 4.8452301025390625 18
1711713974349 4.441139221191406 19
1711713974618 4.136462211608887 20
1711713974893 3.9350907802581787 21
1711713975161 3.6802661418914795 22
1711713975397 3.628577470779419 23
1711713975669 3.425436496734619 24
1711713975935 3.3174641132354736 25
1711713976201 3.202406644821167 26
1711713976469 3.155599355697632 27
1711713976738 3.092262029647827 28
1711713976971 2.9814295768737793 29
1711713977239 2.909088373184204 30
1711713977472 3.0132927894592285 31
1711713977706 2.932460069656372 32
