1711713969291 57.39973831176758 0
1711713969564 18.15191650390625 1
1711713969837 8.345145225524902 2
1711713970111 6.146584510803223 3
1711713970381 4.878269672393799 4
1711713970649 4.111567497253418 5
1711713970918 3.7089180946350098 6
1711713971189 3.449228525161743 7
1711713971457 3.219820499420166 8
1711713971722 2.943331480026245 9
1711713971989 2.7273662090301514 10
1711713972259 2.4937403202056885 11
1711713972525 2.2958474159240723 12
1711713972793 2.116805076599121 13
1711713973060 1.971018671989441 14
1711713973329 1.8569698333740234 15
1711713973601 1.7465304136276245 16
1711713973842 1.7570953369140625 17
1711713974112 1.6190223693847656 18
1711713974349 1.5532747507095337 19
1711713974618 1.4990211725234985 20
1711713974893 1.4583638906478882 21
1711713975161 1.4138795137405396 22
1711713975397 1.4069740772247314 23
1711713975669 1.3638402223587036 24
1711713975935 1.3495866060256958 25
1711713976201 1.3172022104263306 26
1711713976469 1.3121627569198608 27
1711713976738 1.2979282140731812 28
1711713976971 1.2748852968215942 29
1711713977239 1.2553720474243164 30
1711713977472 1.2845122814178467 31
1711713977706 1.2735782861709595 32
