1711714817351 6637.3681640625 0
1711714817631 1120.5189208984375 1
1711714817906 173.84141540527344 2
1711714818179 90.2591552734375 3
1711714818457 52.995880126953125 4
1711714818725 34.85498809814453 5
1711714818998 25.88294219970703 6
1711714819269 21.465526580810547 7
1711714819538 17.975446701049805 8
1711714819809 14.869293212890625 9
1711714820080 12.630476951599121 10
1711714820351 10.701449394226074 11
1711714820623 8.83360767364502 12
1711714820893 7.16373872756958 13
1711714821166 5.851155757904053 14
1711714821437 4.85930061340332 15
1711714821711 4.480733871459961 16
1711714821981 3.9705493450164795 17
1711714822249 3.5496819019317627 18
1711714822522 3.368382453918457 19
1711714822791 3.15444278717041 20
1711714823095 2.999439001083374 21
1711714823330 2.778877019882202 22
