1711714817351 62.86769485473633 0
1711714817631 26.972063064575195 1
1711714817906 9.067752838134766 2
1711714818179 6.14603853225708 3
1711714818457 4.575387001037598 4
1711714818725 3.8837718963623047 5
1711714818998 3.494669198989868 6
1711714819269 3.268674612045288 7
1711714819538 3.036924123764038 8
1711714819809 2.790837287902832 9
1711714820080 2.59330415725708 10
1711714820351 2.3886172771453857 11
1711714820623 2.164081573486328 12
1711714820893 1.9466687440872192 13
1711714821166 1.7747410535812378 14
1711714821437 1.624755620956421 15
1711714821711 1.5771085023880005 16
1711714821981 1.4953346252441406 17
1711714822249 1.4093248844146729 18
1711714822522 1.3754643201828003 19
1711714822791 1.3283202648162842 20
1711714823095 1.3029096126556396 21
1711714823330 1.2548295259475708 22
