1711958680477 60.93845748901367 0
1711958680752 20.439090728759766 1
1711958681024 7.502416133880615 2
1711958681294 5.250277996063232 3
1711958681564 4.038487911224365 4
1711958681832 3.546710729598999 5
1711958682101 3.1042511463165283 6
1711958682379 2.7629716396331787 7
1711958682651 2.481961250305176 8
1711958682923 2.2667715549468994 9
1711958683193 2.0702569484710693 10
1711958683460 1.8534175157546997 11
1711958683729 1.6947489976882935 12
1711958683997 1.5798554420471191 13
1711958684276 1.4924511909484863 14
1711958684550 1.492401123046875 15
1711958684782 1.3676576614379883 16
1711958685052 1.3157322406768799 17
1711958685322 1.2998987436294556 18
1711958685560 1.2190651893615723 19
1711958685828 1.2191928625106812 20
1711958686095 1.1670852899551392 21
1711958686332 1.1403353214263916 22
1711958686566 1.1625072956085205 23
1711958686834 1.0667319297790527 24
1711958687102 1.0191327333450317 25
1711958687342 0.9816344380378723 26
1711958687575 1.0323268175125122 27
