1711958680477 6293.091796875 0
1711958680752 725.6452026367188 1
1711958681024 117.4858169555664 2
1711958681294 66.2918472290039 3
1711958681564 40.56599807739258 4
1711958681832 28.8408203125 5
1711958682101 20.88665771484375 6
1711958682379 16.052446365356445 7
1711958682651 12.755620956420898 8
1711958682923 10.393624305725098 9
1711958683193 8.386432647705078 10
1711958683460 6.641733646392822 11
1711958683729 5.543589115142822 12
1711958683997 4.718180179595947 13
1711958684276 4.16447639465332 14
1711958684550 4.049034118652344 15
1711958684782 3.4641308784484863 16
1711958685052 3.1770873069763184 17
1711958685322 3.0882036685943604 18
1711958685560 2.7227883338928223 19
1711958685828 2.656569242477417 20
1711958686095 2.454021692276001 21
1711958686332 2.3233211040496826 22
1711958686566 2.3821446895599365 23
1711958686834 2.0434064865112305 24
1711958687102 1.8616198301315308 25
1711958687342 1.7329386472702026 26
1711958687575 1.8542529344558716 27
