1711710423919 5850.59765625 0
1711710424192 660.2807006835938 1
1711710424465 154.77505493164062 2
1711710424736 86.88892364501953 3
1711710425003 46.5324592590332 4
1711710425270 25.81064224243164 5
1711710425538 17.814083099365234 6
1711710425860 13.332371711730957 7
1711710426126 10.196587562561035 8
1711710426395 8.539825439453125 9
1711710426658 7.456727027893066 10
1711710426926 6.500003337860107 11
1711710427198 5.765615463256836 12
1711710427474 5.1901397705078125 13
1711710427704 4.77505350112915 14
1711710427975 4.395562171936035 15
1711710428239 4.128405570983887 16
1711710428510 3.7967569828033447 17
1711710428778 3.909733533859253 18
1711710429009 3.412567615509033 19
1711710429281 3.1453428268432617 20
1711710429547 3.1219992637634277 21
1711710429815 2.8657641410827637 22
1711710430047 2.795638084411621 23
1711710430313 2.7502739429473877 24
1711710430579 2.442697525024414 25
1711710430810 2.3617353439331055 26
1711710431071 2.4625754356384277 27
1711710431340 2.230184316635132 28
1711710431600 2.205784797668457 29
1711710431837 2.1512582302093506 30
1711710432104 2.103746175765991 31
1711710432369 1.958225965499878 32
1711710432634 2.0400612354278564 33
1711710432865 2.0205016136169434 34
1711710433131 1.8532092571258545 35
1711710433396 1.729848861694336 36
1711710433628 1.7494878768920898 37
1711710433860 1.6676900386810303 38
1711710434174 1.7201920747756958 39
1711710434407 1.524961233139038 40
1711710434638 1.5903575420379639 41
