1711710423919 58.308841705322266 0
1711710424192 19.58216094970703 1
1711710424465 8.862482070922852 2
1711710424736 6.354159832000732 3
1711710425003 4.503183364868164 4
1711710425270 3.4342427253723145 5
1711710425538 2.946157693862915 6
1711710425860 2.5941319465637207 7
1711710426126 2.278782367706299 8
1711710426395 2.1037049293518066 9
1711710426658 1.983680009841919 10
1711710426926 1.8598040342330933 11
1711710427198 1.7627886533737183 12
1711710427474 1.6757731437683105 13
1711710427704 1.615356206893921 14
1711710427975 1.5473103523254395 15
1711710428239 1.5125712156295776 16
1711710428510 1.4485641717910767 17
1711710428778 1.4848729372024536 18
1711710429009 1.3845680952072144 19
1711710429281 1.3247379064559937 20
1711710429547 1.321102499961853 21
1711710429815 1.2668192386627197 22
1711710430047 1.2580211162567139 23
1711710430313 1.2421678304672241 24
1711710430579 1.1700401306152344 25
1711710430810 1.1550161838531494 26
1711710431071 1.1823301315307617 27
1711710431340 1.1174277067184448 28
1711710431600 1.121119737625122 29
1711710431837 1.11091947555542 30
1711710432104 1.09103524684906 31
1711710432369 1.0517308712005615 32
1711710432634 1.087804913520813 33
1711710432865 1.0747581720352173 34
1711710433131 1.0271234512329102 35
1711710433396 0.9865398406982422 36
1711710433628 1.0000499486923218 37
1711710433860 0.9763656854629517 38
1711710434174 0.9966046214103699 39
1711710434407 0.9313008785247803 40
1711710434638 0.9583210349082947 41
