1711714238036 57.66079330444336 0
1711714238307 26.614641189575195 1
1711714238579 9.0023832321167 2
1711714238892 6.33339786529541 3
1711714239161 5.1677775382995605 4
1711714239428 4.351958751678467 5
1711714239700 3.719924211502075 6
1711714239971 3.145681619644165 7
1711714240240 2.7243704795837402 8
1711714240508 2.466233730316162 9
1711714240776 2.2306268215179443 10
1711714241044 2.010066270828247 11
1711714241310 1.820574164390564 12
1711714241577 1.6005139350891113 13
1711714241843 1.510812759399414 14
1711714242111 1.3893848657608032 15
1711714242378 1.3134515285491943 16
1711714242650 1.218198299407959 17
1711714242916 1.1431626081466675 18
1711714243184 1.097334861755371 19
1711714243455 1.051495909690857 20
1711714243724 0.9971269965171814 21
1711714243988 0.9646643996238708 22
1711714244256 0.9410934448242188 23
1711714244524 0.9779504537582397 24
1711714244793 0.8623249530792236 25
1711714245033 0.8106034994125366 26
1711714245305 0.7989552617073059 27
1711714245535 0.7652760148048401 28
1711714245802 0.7413697242736816 29
1711714246085 0.7478523850440979 30
1711714246315 0.7149722576141357 31
1711714246583 0.7095588445663452 32
1711714246816 0.7401021122932434 33
1711714247091 0.7126719951629639 34
1711714247358 0.6668418645858765 35
1711714247626 0.6551038026809692 36
1711714247896 0.6185494065284729 37
1711714248131 0.6305630207061768 38
1711714248395 0.6711422204971313 39
1711714248641 0.6413174867630005 40
1711714248912 0.5798487067222595 41
1711714249180 0.6449407339096069 42
1711714249434 0.5468658208847046 43
1711714249702 0.6107931733131409 44
1711714249988 0.5481677651405334 45
1711714250222 0.575100839138031 46
1711714250458 0.5928283929824829 47
