1711714238036 5705.427734375 0
1711714238307 1057.3082275390625 1
1711714238579 170.83763122558594 2
1711714238892 94.9182357788086 3
1711714239161 62.579376220703125 4
1711714239428 42.57735824584961 5
1711714239700 30.029502868652344 6
1711714239971 21.786169052124023 7
1711714240240 16.29389190673828 8
1711714240508 12.942008972167969 9
1711714240776 10.515780448913574 10
1711714241044 8.360749244689941 11
1711714241310 6.748883247375488 12
1711714241577 5.280278205871582 13
1711714241843 4.587579727172852 14
1711714242111 3.888241767883301 15
1711714242378 3.416454553604126 16
1711714242650 2.944556713104248 17
1711714242916 2.60459303855896 18
1711714243184 2.3413281440734863 19
1711714243455 2.1552464962005615 20
1711714243724 1.9088932275772095 21
1711714243988 1.7785416841506958 22
1711714244256 1.672494649887085 23
1711714244524 1.7316033840179443 24
1711714244793 1.3900586366653442 25
1711714245033 1.2494816780090332 26
1711714245305 1.1950886249542236 27
1711714245535 1.0985397100448608 28
1711714245802 1.0244598388671875 29
1711714246085 1.0149686336517334 30
1711714246315 0.9291570782661438 31
1711714246583 0.9070464968681335 32
1711714246816 0.9558122754096985 33
1711714247091 0.9100276827812195 34
1711714247358 0.7977009415626526 35
1711714247626 0.7633454203605652 36
1711714247896 0.6857945919036865 37
1711714248131 0.694426953792572 38
1711714248395 0.7901889085769653 39
1711714248641 0.721860408782959 40
1711714248912 0.5977171063423157 41
1711714249180 0.7189843654632568 42
1711714249434 0.5335530638694763 43
1711714249702 0.6455211043357849 44
1711714249988 0.5288063287734985 45
1711714250222 0.5786390900611877 46
1711714250458 0.6150317192077637 47
