1711709622115 5486.666015625 0
1711709622386 664.0732421875 1
1711709622652 129.45562744140625 2
1711709622964 72.4350814819336 3
1711709623232 43.8607292175293 4
1711709623495 29.398874282836914 5
1711709623756 21.563486099243164 6
1711709624020 17.00581932067871 7
1711709624281 13.895277976989746 8
1711709624545 11.10517406463623 9
1711709624806 9.00421142578125 10
1711709625070 7.604616641998291 11
1711709625343 6.96633768081665 12
1711709625631 6.04974365234375 13
1711709625890 5.582133769989014 14
1711709626153 5.0773844718933105 15
1711709626423 4.857555866241455 16
1711709626688 4.42753267288208 17
1711709626947 4.315113544464111 18
1711709627181 4.191123962402344 19
1711709627443 4.025924205780029 20
1711709627704 3.8465347290039062 21
1711709627964 3.688857316970825 22
1711709628230 3.644186496734619 23
1711709628488 3.342299461364746 24
1711709628748 3.5685648918151855 25
1711709629013 3.1359167098999023 26
1711709629273 3.0702571868896484 27
1711709629535 2.8831238746643066 28
1711709629769 2.9702870845794678 29
1711709630029 2.886880874633789 30
1711709630293 2.716442346572876 31
1711709630527 2.441373586654663 32
1711709630786 2.5005269050598145 33
1711709631053 2.2991607189178467 34
1711709631317 2.2302749156951904 35
1711709631645 2.0283751487731934 36
1711709631916 2.1318790912628174 37
1711709632147 1.9820421934127808 38
1711709632413 1.8270859718322754 39
1711709632644 1.8579055070877075 40
1711709632906 1.7559114694595337 41
