1711709622115 56.62177658081055 0
1711709622386 19.642723083496094 1
1711709622652 7.783658027648926 2
1711709622964 5.622396469116211 3
1711709623232 4.3919782638549805 4
1711709623495 3.7072150707244873 5
1711709623756 3.2693800926208496 6
1711709624020 2.950929880142212 7
1711709624281 2.6910927295684814 8
1711709624545 2.3958539962768555 9
1711709624806 2.159296989440918 10
1711709625070 1.9787758588790894 11
1711709625343 1.9094974994659424 12
1711709625631 1.778573989868164 13
1711709625890 1.7168304920196533 14
1711709626153 1.6333128213882446 15
1711709626423 1.6069400310516357 16
1711709626688 1.5333956480026245 17
1711709626947 1.5160315036773682 18
1711709627181 1.500041127204895 19
1711709627443 1.477075457572937 20
1711709627704 1.4355577230453491 21
1711709627964 1.4055854082107544 22
1711709628230 1.3997408151626587 23
1711709628488 1.3335914611816406 24
1711709628748 1.3970922231674194 25
1711709629013 1.291444182395935 26
1711709629273 1.275784969329834 27
1711709629535 1.2358567714691162 28
1711709629769 1.2666068077087402 29
1711709630029 1.2525442838668823 30
1711709630293 1.2163972854614258 31
1711709630527 1.14436936378479 32
1711709630786 1.1575361490249634 33
1711709631053 1.1144970655441284 34
1711709631317 1.0994402170181274 35
1711709631645 1.0488277673721313 36
1711709631916 1.081627607345581 37
1711709632147 1.0390716791152954 38
1711709632413 0.9935138821601868 39
1711709632644 1.0095731019973755 40
1711709632906 0.9851798415184021 41
