1711713093678 6189.09228515625 0
1711713093959 895.1639404296875 1
1711713094230 141.1432647705078 2
1711713094501 77.8203353881836 3
1711713094772 46.56003189086914 4
1711713095042 30.572248458862305 5
1711713095311 21.709503173828125 6
1711713095581 16.020822525024414 7
1711713095849 11.60639762878418 8
1711713096120 8.556157112121582 9
1711713096389 6.894782543182373 10
1711713096637 5.507909774780273 11
1711713096907 4.777309894561768 12
1711713097173 4.171778202056885 13
1711713097412 3.631305694580078 14
1711713097678 3.301835775375366 15
1711713097947 3.1875576972961426 16
1711713098216 2.8797671794891357 17
1711713098453 2.5233685970306396 18
1711713098723 2.4832210540771484 19
1711713099003 2.236990451812744 20
1711713099274 2.1395909786224365 21
1711713099541 1.9951200485229492 22
1711713099777 1.953419804573059 23
1711713100045 1.8211590051651 24
1711713100276 1.763318657875061 25
1711713100511 1.5996960401535034 26
1711713100781 1.485723614692688 27
1711713101017 1.4950937032699585 28
1711713101252 1.527254581451416 29
1711713101523 1.3392691612243652 30
1711713101789 1.248376488685608 31
1711713102028 1.1707298755645752 32
1711713102260 1.1066558361053467 33
1711713102528 1.0849348306655884 34
1711713102765 1.1175612211227417 35
1711713103033 1.1657179594039917 36
1711713103271 0.943248987197876 37
1711713103537 1.0082831382751465 38
