1711713093678 60.60197448730469 0
1711713093959 23.73764991760254 1
1711713094230 8.068256378173828 2
1711713094501 5.621766567230225 3
1711713094772 4.332638740539551 4
1711713095042 3.619361162185669 5
1711713095311 3.07045316696167 6
1711713095581 2.6455695629119873 7
1711713095849 2.2867090702056885 8
1711713096120 1.9863362312316895 9
1711713096389 1.8402347564697266 10
1711713096637 1.6477659940719604 11
1711713096907 1.5610361099243164 12
1711713097173 1.4738366603851318 13
1711713097412 1.3782984018325806 14
1711713097678 1.3263182640075684 15
1711713097947 1.3088159561157227 16
1711713098216 1.253747582435608 17
1711713098453 1.1645573377609253 18
1711713098723 1.1674749851226807 19
1711713099003 1.1019047498703003 20
1711713099274 1.08291494846344 21
1711713099541 1.0425424575805664 22
1711713099777 1.0414891242980957 23
1711713100045 1.0071523189544678 24
1711713100276 0.997154951095581 25
1711713100511 0.9423696994781494 26
1711713100781 0.9096460938453674 27
1711713101017 0.922668993473053 28
1711713101252 0.9297796487808228 29
1711713101523 0.8684119582176208 30
1711713101789 0.8381683230400085 31
1711713102028 0.8079691529273987 32
1711713102260 0.7877486944198608 33
1711713102528 0.7800459265708923 34
1711713102765 0.7978466153144836 35
1711713103033 0.8214303851127625 36
1711713103271 0.7332935333251953 37
1711713103537 0.7659010291099548 38
