1711709408190 5924.94580078125 0
1711709408462 892.239501953125 1
1711709408763 189.0639190673828 2
1711709409062 113.31600189208984 3
1711709409446 71.98127746582031 4
1711709409806 47.760887145996094 5
1711709410090 34.82844161987305 6
1711709410368 27.095056533813477 7
1711709410698 22.648353576660156 8
1711709410970 19.210094451904297 9
1711709411250 15.638310432434082 10
1711709411563 12.8324613571167 11
1711709411866 10.99305534362793 12
1711709412139 9.416318893432617 13
1711709412422 8.03731918334961 14
1711709412721 7.142836093902588 15
1711709412993 6.614353179931641 16
1711709413266 6.067060470581055 17
1711709413532 5.495023250579834 18
1711709413798 5.324493408203125 19
1711709414030 4.9293036460876465 20
1711709414294 4.658642768859863 21
1711709414564 4.319845676422119 22
1711709414836 3.949075937271118 23
1711709415102 3.6615800857543945 24
1711709415384 3.302401542663574 25
1711709415653 3.1315743923187256 26
1711709415981 2.716254949569702 27
1711709416316 2.4940099716186523 28
1711709416626 2.0896170139312744 29
1711709416986 1.8337984085083008 30
1711709417468 1.685535192489624 31
1711709417929 1.559206485748291 32
1711709418287 1.3702479600906372 33
1711709418572 1.2809727191925049 34
1711709418813 1.3422220945358276 35
1711709419117 1.0862354040145874 36
1711709419431 1.1662019491195679 37
1711709419713 1.017519235610962 38
1711709419992 0.8304709196090698 39
1711709420349 0.8446981906890869 40
1711709420681 0.731367826461792 41
1711709420954 0.718203604221344 42
1711709421238 0.6896672248840332 43
1711709421551 0.6133894920349121 44
1711709421838 0.7074066996574402 45
1711709422132 0.5767546892166138 46
1711709422387 0.6102030277252197 47
1711709422687 0.520813524723053 48
