1711709408190 59.528873443603516 0
1711709408462 23.73042869567871 1
1711709408763 9.569690704345703 2
1711709409062 7.042587757110596 3
1711709409446 5.5642876625061035 4
1711709409806 4.596494674682617 5
1711709410090 4.062100887298584 6
1711709410368 3.6530449390411377 7
1711709410698 3.394284963607788 8
1711709410970 3.165148973464966 9
1711709411250 2.8407115936279297 10
1711709411563 2.5724992752075195 11
1711709411866 2.3892316818237305 12
1711709412139 2.2100002765655518 13
1711709412422 2.0290281772613525 14
1711709412721 1.9081904888153076 15
1711709412993 1.855071783065796 16
1711709413266 1.7681127786636353 17
1711709413532 1.6725586652755737 18
1711709413798 1.6610928773880005 19
1711709414030 1.5925266742706299 20
1711709414294 1.5488250255584717 21
1711709414564 1.4940078258514404 22
1711709414836 1.4148229360580444 23
1711709415102 1.3706564903259277 24
1711709415384 1.3018677234649658 25
1711709415653 1.2761921882629395 26
1711709415981 1.177458643913269 27
1711709416316 1.1465414762496948 28
1711709416626 1.0441327095031738 29
1711709416986 0.9771130084991455 30
1711709417468 0.9436966776847839 31
1711709417929 0.912775456905365 32
1711709418287 0.8487592339515686 33
1711709418572 0.8208165764808655 34
1711709418813 0.8625088334083557 35
1711709419117 0.7618343234062195 36
1711709419431 0.8081531524658203 37
1711709419713 0.7457113265991211 38
1711709419992 0.6689063310623169 39
1711709420349 0.6772631406784058 40
1711709420681 0.631489634513855 41
1711709420954 0.6305765509605408 42
1711709421238 0.6182897686958313 43
1711709421551 0.5835828185081482 44
1711709421838 0.633486270904541 45
1711709422132 0.56629478931427 46
1711709422387 0.5839862823486328 47
1711709422687 0.5411056280136108 48
