1711712577772 5714.2958984375 0
1711712578044 739.5145263671875 1
1711712578315 149.0774688720703 2
1711712578591 82.53813171386719 3
1711712578855 43.38788604736328 4
1711712579127 26.953907012939453 5
1711712579394 19.108049392700195 6
1711712579666 13.82008171081543 7
1711712579933 10.19377326965332 8
1711712580202 7.633146286010742 9
1711712580472 6.146908760070801 10
1711712580748 5.407076835632324 11
1711712581014 4.533339977264404 12
1711712581283 3.8960299491882324 13
1711712581551 3.659480333328247 14
1711712581790 3.334528684616089 15
1711712582056 3.018449068069458 16
1711712582324 2.949082851409912 17
1711712582559 2.516512870788574 18
1711712582831 2.336459159851074 19
1711712583098 2.306354284286499 20
1711712583332 2.238319158554077 21
1711712583598 2.0801291465759277 22
1711712583831 1.996092677116394 23
1711712584103 1.8274664878845215 24
1711712584373 1.8247493505477905 25
1711712584701 1.6594761610031128 26
1711712584969 1.5650653839111328 27
1711712585236 1.4767637252807617 28
1711712585466 1.4990862607955933 29
1711712585734 1.3766390085220337 30
1711712585970 1.6593925952911377 31
1711712586234 1.3988597393035889 32
1711712586501 1.2273300886154175 33
1711712586769 1.1528781652450562 34
1711712587001 1.1048694849014282 35
1711712587235 1.1642889976501465 36
1711712587504 0.979647696018219 37
1711712587738 0.9415002465248108 38
1711712588006 0.9717303514480591 39
1711712588241 0.9749504327774048 40
1711712588478 0.937512993812561 41
