1711712577772 57.32936096191406 0
1711712578044 21.359283447265625 1
1711712578315 8.341691017150879 2
1711712578591 5.835226058959961 3
1711712578855 4.040831565856934 4
1711712579127 3.3626413345336914 5
1711712579394 2.892979621887207 6
1711712579666 2.49887752532959 7
1711712579933 2.188859701156616 8
1711712580202 1.9268816709518433 9
1711712580472 1.7409218549728394 10
1711712580748 1.6663992404937744 11
1711712581014 1.5152806043624878 12
1711712581283 1.425909161567688 13
1711712581551 1.3888494968414307 14
1711712581790 1.3356176614761353 15
1711712582056 1.2717235088348389 16
1711712582324 1.2694541215896606 17
1711712582559 1.163819432258606 18
1711712582831 1.1291192770004272 19
1711712583098 1.1239604949951172 20
1711712583332 1.1120840311050415 21
1711712583598 1.0798749923706055 22
1711712583831 1.051875352859497 23
1711712584103 1.013853669166565 24
1711712584373 1.014572024345398 25
1711712584701 0.9699381589889526 26
1711712584969 0.9428619146347046 27
1711712585236 0.915274977684021 28
1711712585466 0.9244423508644104 29
1711712585734 0.8848466873168945 30
1711712585970 0.9825091361999512 31
1711712586234 0.9074089527130127 32
1711712586501 0.8449543714523315 33
1711712586769 0.8151465058326721 34
1711712587001 0.8026357293128967 35
1711712587235 0.8229528665542603 36
1711712587504 0.7502776384353638 37
1711712587738 0.7380955219268799 38
1711712588006 0.7547692656517029 39
1711712588241 0.7557783126831055 40
1711712588478 0.7481476068496704 41
