1711709216475 6359.70263671875 0
1711709217271 630.90380859375 1
1711709217595 95.85572052001953 2
1711709217884 43.70883560180664 3
1711709218190 25.849023818969727 4
1711709218496 18.502565383911133 5
1711709218767 14.460296630859375 6
1711709219048 12.10012149810791 7
1711709219325 9.952835083007812 8
1711709219598 8.162190437316895 9
1711709219870 6.936762809753418 10
1711709220152 6.105020046234131 11
1711709220431 5.652469158172607 12
1711709220719 4.8738179206848145 13
1711709221002 4.511922359466553 14
1711709221354 3.936192274093628 15
1711709221637 3.8412866592407227 16
1711709221914 3.4540772438049316 17
1711709222213 3.46025013923645 18
1711709222454 3.2005980014801025 19
1711709222719 3.168449878692627 20
1711709223010 2.914269208908081 21
1711709223300 2.85933780670166 22
1711709223566 2.712916612625122 23
1711709223832 2.7427539825439453 24
1711709224070 2.470609426498413 25
1711709224340 2.5406618118286133 26
1711709224580 2.4531853199005127 27
1711709224869 2.1086788177490234 28
1711709225204 2.08260440826416 29
1711709225473 2.003488063812256 30
1711709225760 2.0492143630981445 31
1711709226037 1.8299773931503296 32
1711709226304 1.8335591554641724 33
1711709226537 1.6500664949417114 34
1711709226803 1.624572515487671 35
