1711709216475 61.5673942565918 0
1711709217271 18.722129821777344 1
1711709217595 6.677448272705078 2
1711709217884 4.467268943786621 3
1711709218190 3.56325364112854 4
1711709218496 3.091857671737671 5
1711709218767 2.7779042720794678 6
1711709219048 2.5481317043304443 7
1711709219325 2.2970170974731445 8
1711709219598 2.088641881942749 9
1711709219870 1.9228711128234863 10
1711709220152 1.8204268217086792 11
1711709220431 1.7648353576660156 12
1711709220719 1.636075735092163 13
1711709221002 1.584062933921814 14
1711709221354 1.4707534313201904 15
1711709221637 1.4699689149856567 16
1711709221914 1.3930790424346924 17
1711709222213 1.4081063270568848 18
1711709222454 1.3488322496414185 19
1711709222719 1.3472241163253784 20
1711709223010 1.293039083480835 21
1711709223300 1.28225839138031 22
1711709223566 1.2501367330551147 23
1711709223832 1.259393334388733 24
1711709224070 1.195586919784546 25
1711709224340 1.216259241104126 26
1711709224580 1.1904774904251099 27
1711709224869 1.1012403964996338 28
1711709225204 1.0900006294250488 29
1711709225473 1.0732048749923706 30
1711709225760 1.084201455116272 31
1711709226037 1.02412748336792 32
1711709226304 1.0272839069366455 33
1711709226537 0.9654032588005066 34
1711709226803 0.9602784514427185 35
