1711713040409 5878.09814453125 0
1711713040683 728.5550537109375 1
1711713040954 130.4756317138672 2
1711713041225 77.75962829589844 3
1711713041501 49.25191116333008 4
1711713041765 31.09198570251465 5
1711713042035 22.245223999023438 6
1711713042306 17.191123962402344 7
1711713042575 13.4779052734375 8
1711713042845 11.208752632141113 9
1711713043115 9.1012601852417 10
1711713043387 7.5769147872924805 11
1711713043654 6.347040176391602 12
1711713043922 5.276031970977783 13
1711713044235 4.574666976928711 14
1711713044517 3.9946892261505127 15
1711713044783 3.6192362308502197 16
1711713045055 3.3838632106781006 17
1711713045320 3.1342384815216064 18
1711713045588 2.976940393447876 19
1711713045855 2.6473324298858643 20
1711713046124 2.4636456966400146 21
1711713046391 2.33860445022583 22
1711713046664 2.235745668411255 23
1711713046901 2.1465096473693848 24
1711713047167 1.9821794033050537 25
1711713047435 2.12563157081604 26
1711713047704 1.8334647417068481 27
1711713047942 1.746124505996704 28
1711713048211 1.5674948692321777 29
1711713048440 1.583935022354126 30
1711713048710 1.4810742139816284 31
1711713048980 1.3993940353393555 32
1711713049253 1.5023255348205566 33
1711713049490 1.2584248781204224 34
1711713049757 1.1896988153457642 35
1711713050023 1.0997775793075562 36
1711713050259 1.0338248014450073 37
1711713050531 0.9718827605247498 38
1711713050761 0.892412543296814 39
1711713051028 0.9032647609710693 40
1711713051266 0.9043127298355103 41
1711713051511 0.8419929146766663 42
1711713051781 0.8376976847648621 43
1711713052016 0.8600592017173767 44
1711713052282 0.7025851011276245 45
1711713052615 0.6908948421478271 46
1711713052883 0.6563602089881897 47
1711713053171 0.6344383955001831 48
1711713053439 0.6345013380050659 49
