1711713040409 59.322689056396484 0
1711713040683 20.633193969726562 1
1711713040954 7.753545761108398 2
1711713041225 5.842999458312988 3
1711713041501 4.596864223480225 4
1711713041765 3.625786066055298 5
1711713042035 3.1380581855773926 6
1711713042306 2.8180885314941406 7
1711713042575 2.5010359287261963 8
1711713042845 2.3296825885772705 9
1711713043115 2.0925796031951904 10
1711713043387 1.929148554801941 11
1711713043654 1.773166537284851 12
1711713043922 1.6219887733459473 13
1711713044235 1.5308982133865356 14
1711713044517 1.4349865913391113 15
1711713044783 1.374762773513794 16
1711713045055 1.346565842628479 17
1711713045320 1.3078968524932861 18
1711713045588 1.2787342071533203 19
1711713045855 1.2007540464401245 20
1711713046124 1.1587930917739868 21
1711713046391 1.1395317316055298 22
1711713046664 1.1128592491149902 23
1711713046901 1.095618724822998 24
1711713047167 1.0505698919296265 25
1711713047435 1.0994406938552856 26
1711713047704 1.0136483907699585 27
1711713047942 0.9905595779418945 28
1711713048211 0.937679648399353 29
1711713048440 0.9435293674468994 30
1711713048710 0.9224787354469299 31
1711713048980 0.8923080563545227 32
1711713049253 0.9351655840873718 33
1711713049490 0.8476976156234741 34
1711713049757 0.8199204206466675 35
1711713050023 0.7926294803619385 36
1711713050259 0.7695045471191406 37
1711713050531 0.7416663765907288 38
1711713050761 0.712356686592102 39
1711713051028 0.7253220677375793 40
1711713051266 0.7236125469207764 41
1711713051511 0.6981390118598938 42
1711713051781 0.6955676674842834 43
1711713052016 0.7067260146141052 44
1711713052282 0.6361759901046753 45
1711713052615 0.6326826214790344 46
1711713052883 0.6140206456184387 47
1711713053171 0.6090333461761475 48
1711713053439 0.608754575252533 49
