1711711775539 5853.26416015625 0
1711711775816 596.5120849609375 1
1711711776087 125.78815460205078 2
1711711776358 71.1161117553711 3
1711711776627 44.17832565307617 4
1711711776899 32.04593276977539 5
1711711777165 24.090736389160156 6
1711711777434 18.326908111572266 7
1711711777703 14.8445463180542 8
1711711777972 11.48637866973877 9
1711711778242 9.221949577331543 10
1711711778516 7.3663330078125 11
1711711778782 6.3428635597229 12
1711711779052 5.528504848480225 13
1711711779315 4.861439228057861 14
1711711779551 4.358130931854248 15
1711711779818 4.208894729614258 16
1711711780083 4.024510860443115 17
1711711780352 3.5778982639312744 18
1711711780586 3.4515433311462402 19
1711711780853 3.273757219314575 20
1711711781119 3.1475558280944824 21
1711711781390 3.0103514194488525 22
1711711781652 3.003173828125 23
1711711781954 2.666884183883667 24
1711711782226 2.8637590408325195 25
1711711782502 2.747633218765259 26
1711711782735 2.361572504043579 27
1711711783005 2.079602003097534 28
1711711783235 2.1004059314727783 29
1711711783506 2.006681442260742 30
1711711783736 1.9533302783966064 31
1711711784003 1.749992847442627 32
1711711784271 1.6313223838806152 33
1711711784503 1.6142245531082153 34
1711711784737 1.5464723110198975 35
1711711785000 1.401915431022644 36
1711711785239 1.3331634998321533 37
1711711785505 1.3594225645065308 38
1711711785738 1.4204084873199463 39
1711711786004 1.2061614990234375 40
1711711786272 1.1241785287857056 41
1711711786507 1.0891624689102173 42
1711711786778 0.9286620020866394 43
1711711787015 0.9292848706245422 44
1711711787284 0.8812165260314941 45
1711711787548 0.8093364238739014 46
1711711787784 0.7522159218788147 47
1711711788049 0.737092137336731 48
1711711788281 0.6159281134605408 49
