1711711775539 58.444435119628906 0
1711711775816 18.284027099609375 1
1711711776087 7.5989508628845215 2
1711711776358 5.6485514640808105 3
1711711776627 4.53239631652832 4
1711711776899 3.990739345550537 5
1711711777165 3.5128870010375977 6
1711711777434 3.0634632110595703 7
1711711777703 2.752627372741699 8
1711711777972 2.427985906600952 9
1711711778242 2.1807806491851807 10
1711711778516 1.9686346054077148 11
1711711778782 1.848341464996338 12
1711711779052 1.7359631061553955 13
1711711779315 1.633508563041687 14
1711711779551 1.5494996309280396 15
1711711779818 1.5287811756134033 16
1711711780083 1.4992395639419556 17
1711711780352 1.408693552017212 18
1711711780586 1.3863807916641235 19
1711711780853 1.3520015478134155 20
1711711781119 1.3302161693572998 21
1711711781390 1.294176459312439 22
1711711781652 1.2996063232421875 23
1711711781954 1.2196755409240723 24
1711711782226 1.2894381284713745 25
1711711782502 1.2423958778381348 26
1711711782735 1.1477184295654297 27
1711711783005 1.0803488492965698 28
1711711783235 1.083891749382019 29
1711711783506 1.06606125831604 30
1711711783736 1.0421416759490967 31
1711711784003 0.9922109842300415 32
1711711784271 0.9603598117828369 33
1711711784503 0.9549481272697449 34
1711711784737 0.933824360370636 35
1711711785000 0.8911491632461548 36
1711711785239 0.8652524948120117 37
1711711785505 0.879962682723999 38
1711711785738 0.9046165943145752 39
1711711786004 0.8268090486526489 40
1711711786272 0.7955594658851624 41
1711711786507 0.7911795973777771 42
1711711786778 0.7240497469902039 43
1711711787015 0.725848913192749 44
1711711787284 0.7072006464004517 45
1711711787548 0.6793779730796814 46
1711711787784 0.6593101620674133 47
1711711788049 0.6436979174613953 48
1711711788281 0.5922960042953491 49
