1711714499262 6068.7314453125 0
1711714499637 802.4884033203125 1
1711714500062 143.78628540039062 2
1711714500407 77.77788543701172 3
1711714500678 45.745277404785156 4
1711714500947 29.595598220825195 5
1711714501266 20.07268714904785 6
1711714501534 14.810650825500488 7
1711714501807 10.816534996032715 8
1711714502074 8.470556259155273 9
1711714502343 6.731417655944824 10
1711714502612 5.808355331420898 11
1711714502880 5.120781421661377 12
1711714503151 4.855095386505127 13
1711714503418 4.295731067657471 14
1711714503686 3.922762870788574 15
1711714503956 3.7472167015075684 16
1711714504225 3.646409511566162 17
1711714504497 3.334019184112549 18
1711714504732 3.3666434288024902 19
1711714504961 3.0088412761688232 20
1711714505240 2.707973003387451 21
1711714505504 2.5612473487854004 22
1711714505738 2.430764675140381 23
1711714506006 2.140972137451172 24
1711714506239 1.9929929971694946 25
1711714506508 1.8585634231567383 26
1711714506775 1.8744406700134277 27
1711714507006 1.6534020900726318 28
1711714507276 1.4904327392578125 29
1711714507542 1.4117836952209473 30
1711714507808 1.3213176727294922 31
1711714508043 1.2607008218765259 32
1711714508370 1.20944082736969 33
1711714508638 1.1200252771377563 34
1711714508903 1.1660590171813965 35
1711714509136 1.0261082649230957 36
1711714509401 0.9827998876571655 37
1711714509669 0.9885491728782654 38
1711714509937 0.9530616402626038 39
1711714510172 0.8805012106895447 40
1711714510438 0.775187611579895 41
