1711714499262 59.4930419921875 0
1711714499637 22.102493286132812 1
1711714500062 8.120344161987305 2
1711714500407 5.735784530639648 3
1711714500678 4.4581298828125 4
1711714500947 3.69815993309021 5
1711714501266 3.0813827514648438 6
1711714501534 2.656367301940918 7
1711714501807 2.249683380126953 8
1711714502074 2.0067198276519775 9
1711714502343 1.8172526359558105 10
1711714502612 1.7158119678497314 11
1711714502880 1.624017596244812 12
1711714503151 1.6011427640914917 13
1711714503418 1.5059163570404053 14
1711714503686 1.4475862979888916 15
1711714503956 1.416847586631775 16
1711714504225 1.411686658859253 17
1711714504497 1.345179796218872 18
1711714504732 1.359384298324585 19
1711714504961 1.294217586517334 20
1711714505240 1.2233678102493286 21
1711714505504 1.1964340209960938 22
1711714505738 1.161995768547058 23
1711714506006 1.0854939222335815 24
1711714506239 1.0478763580322266 25
1711714506508 1.0157822370529175 26
1711714506775 1.022884726524353 27
1711714507006 0.9616572260856628 28
1711714507276 0.9151638746261597 29
1711714507542 0.8927691578865051 30
1711714507808 0.8621732592582703 31
1711714508043 0.8447505831718445 32
1711714508370 0.8252686858177185 33
1711714508638 0.793339192867279 34
1711714508903 0.820933997631073 35
1711714509136 0.768248975276947 36
1711714509401 0.7517106533050537 37
1711714509669 0.7564207911491394 38
1711714509937 0.7491054534912109 39
1711714510172 0.7120686173439026 40
1711714510438 0.6667129397392273 41
