1711713651452 5625.88818359375 0
1711713651724 736.1256103515625 1
1711713651998 135.96827697753906 2
1711713652270 79.05116271972656 3
1711713652555 49.516544342041016 4
1711713652822 35.066959381103516 5
1711713653099 27.420944213867188 6
1711713653366 21.554414749145508 7
1711713653640 17.311616897583008 8
1711713653907 14.009820938110352 9
1711713654178 11.655452728271484 10
1711713654449 9.764409065246582 11
1711713654720 8.684569358825684 12
1711713654989 7.7722883224487305 13
1711713655302 6.9027228355407715 14
1711713655571 5.788747310638428 15
1711713655840 4.907471179962158 16
1711713656110 4.3535895347595215 17
1711713656346 3.5421557426452637 18
1711713656620 3.3326175212860107 19
1711713656888 2.908038377761841 20
1711713657130 2.704881191253662 21
1711713657400 2.4166419506073 22
1711713657637 2.258493423461914 23
1711713657908 2.366353988647461 24
1711713658179 1.9398980140686035 25
1711713658449 1.9984323978424072 26
1711713658687 1.8401345014572144 27
1711713658952 1.7519901990890503 28
1711713659192 1.6395608186721802 29
1711713659458 1.582560658454895 30
1711713659694 1.4676629304885864 31
1711713659962 1.3332222700119019 32
1711713660233 1.1702370643615723 33
1711713660471 1.28236985206604 34
1711713660737 1.2325998544692993 35
1711713661006 1.0911920070648193 36
1711713661348 1.0331971645355225 37
1711713661616 1.0662055015563965 38
1711713661852 0.9203554391860962 39
1711713662123 0.9119316339492798 40
1711713662388 0.8824158906936646 41
1711713662657 0.8577964305877686 42
1711713662894 0.8298806548118591 43
1711713663165 0.6885451078414917 44
