1711713651452 57.276920318603516 0
1711713651724 21.291810989379883 1
1711713651998 7.980677127838135 2
1711713652270 5.895174980163574 3
1711713652555 4.679241180419922 4
1711713652822 4.047084808349609 5
1711713653099 3.6535069942474365 6
1711713653366 3.2430100440979004 7
1711713653640 2.882917642593384 8
1711713653907 2.586496114730835 9
1711713654178 2.3559067249298096 10
1711713654449 2.1460814476013184 11
1711713654720 2.0622079372406006 12
1711713654989 1.9622105360031128 13
1711713655302 1.8680161237716675 14
1711713655571 1.7144360542297363 15
1711713655840 1.5852901935577393 16
1711713656110 1.5033687353134155 17
1711713656346 1.3654788732528687 18
1711713656620 1.3454315662384033 19
1711713656888 1.2534278631210327 20
1711713657130 1.2156906127929688 21
1711713657400 1.1509277820587158 22
1711713657637 1.1106317043304443 23
1711713657908 1.1514453887939453 24
1711713658179 1.0296550989151 25
1711713658449 1.0548131465911865 26
1711713658687 1.0129659175872803 27
1711713658952 0.985234260559082 28
1711713659192 0.9542375802993774 29
1711713659458 0.9468468427658081 30
1711713659694 0.9087161421775818 31
1711713659962 0.8620607256889343 32
1711713660233 0.8103088140487671 33
1711713660471 0.8547216653823853 34
1711713660737 0.837687075138092 35
1711713661006 0.7837110757827759 36
1711713661348 0.763894259929657 37
1711713661616 0.7820952534675598 38
1711713661852 0.7226436138153076 39
1711713662123 0.7244354486465454 40
1711713662388 0.7095109820365906 41
1711713662657 0.7023951411247253 42
1711713662894 0.688129723072052 43
1711713663165 0.6252468824386597 44
