1711709095461 5687.173828125 0
1711709095729 740.7725830078125 1
1711709095998 118.8365249633789 2
1711709096264 70.18693542480469 3
1711709096530 45.4719123840332 4
1711709096792 32.06000518798828 5
1711709097060 24.51830291748047 6
1711709097324 19.7438907623291 7
1711709097590 16.15087890625 8
1711709097854 13.6194429397583 9
1711709098118 11.275092124938965 10
1711709098383 10.06696605682373 11
1711709098647 8.564591407775879 12
1711709098912 7.550129413604736 13
1711709099253 6.996546268463135 14
1711709099521 6.216487407684326 15
1711709099784 5.833553791046143 16
1711709100048 5.534950256347656 17
1711709100280 5.333308219909668 18
1711709100543 5.111733436584473 19
1711709100807 5.164574146270752 20
1711709101036 5.108463764190674 21
1711709101301 4.686272621154785 22
1711709101565 4.64867639541626 23
1711709101829 4.63889741897583 24
1711709102057 4.360372543334961 25
1711709102320 4.4177374839782715 26
1711709102590 4.39594841003418 27
1711709102853 4.160467624664307 28
1711709103117 4.182884693145752 29
1711709103346 4.0698065757751465 30
1711709103608 4.073949813842773 31
1711709103838 4.075863361358643 32
1711709104102 3.973712205886841 33
