1711709095461 57.92709732055664 0
1711709095729 20.790523529052734 1
1711709095998 7.243307113647461 2
1711709096264 5.372965335845947 3
1711709096530 4.381107807159424 4
1711709096792 3.7892520427703857 5
1711709097060 3.4154000282287598 6
1711709097324 3.121187925338745 7
1711709097590 2.8392977714538574 8
1711709097854 2.610872745513916 9
1711709098118 2.3767502307891846 10
1711709098383 2.278000593185425 11
1711709098647 2.088239908218384 12
1711709098912 1.9715814590454102 13
1711709099253 1.8956148624420166 14
1711709099521 1.7908622026443481 15
1711709099784 1.7398020029067993 16
1711709100048 1.6944873332977295 17
1711709100280 1.6684359312057495 18
1711709100543 1.632726788520813 19
1711709100807 1.6492000818252563 20
1711709101036 1.6442962884902954 21
1711709101301 1.566847801208496 22
1711709101565 1.5582447052001953 23
1711709101829 1.5548597574234009 24
1711709102057 1.4953147172927856 25
1711709102320 1.5144267082214355 26
1711709102590 1.504123568534851 27
1711709102853 1.4471198320388794 28
1711709103117 1.452743649482727 29
1711709103346 1.4314883947372437 30
1711709103608 1.4356516599655151 31
1711709103838 1.4293087720870972 32
1711709104102 1.40816068649292 33
