1711710613054 5423.94482421875 0
1711710613333 557.62109375 1
1711710613605 127.04956817626953 2
1711710613876 65.48522186279297 3
1711710614144 37.32782745361328 4
1711710614420 26.100662231445312 5
1711710614691 19.90390968322754 6
1711710614959 15.793800354003906 7
1711710615228 12.368372917175293 8
1711710615496 10.055803298950195 9
1711710615764 8.165877342224121 10
1711710616033 6.689632892608643 11
1711710616302 6.092242240905762 12
1711710616571 5.308990955352783 13
1711710616839 4.979144096374512 14
1711710617109 4.712933540344238 15
1711710617375 4.29703950881958 16
1711710617613 4.033908367156982 17
1711710617883 3.7530317306518555 18
1711710618163 3.5920817852020264 19
1711710618402 3.6276066303253174 20
1711710618670 3.1815173625946045 21
1711710618935 2.908961296081543 22
1711710619207 2.854140043258667 23
1711710619479 2.570319414138794 24
1711710619749 2.5367202758789062 25
1711710620016 2.366558074951172 26
1711710620292 2.323209047317505 27
1711710620560 2.1802308559417725 28
1711710620798 2.0322184562683105 29
1711710621065 1.759617567062378 30
1711710621334 1.709211826324463 31
1711710621603 1.5547960996627808 32
1711710621838 1.6806631088256836 33
1711710622070 1.4200819730758667 34
1711710622339 1.3564552068710327 35
1711710622607 1.2148267030715942 36
1711710622876 1.348998785018921 37
1711710623145 1.0798710584640503 38
1711710623378 1.161950945854187 39
1711710623608 0.936122715473175 40
1711710623875 0.9059268236160278 41
1711710624142 0.877469003200531 42
1711710624415 0.9258819818496704 43
1711710624681 0.8116363286972046 44
1711710624952 0.7197531461715698 45
1711710625231 0.9820585250854492 46
1711710625463 0.7996537685394287 47
1711710625730 0.6503557562828064 48
1711710625984 0.6761561632156372 49
