1711710613054 56.292823791503906 0
1711710613333 17.66864585876465 1
1711710613605 7.545536994934082 2
1711710613876 5.028956890106201 3
1711710614144 3.939101219177246 4
1711710614420 3.4855973720550537 5
1711710614691 3.1196157932281494 6
1711710614959 2.8125712871551514 7
1711710615228 2.4949939250946045 8
1711710615496 2.262157917022705 9
1711710615764 2.041344404220581 10
1711710616033 1.8534064292907715 11
1711710616302 1.7992907762527466 12
1711710616571 1.6857811212539673 13
1711710616839 1.6362677812576294 14
1711710617109 1.6094979047775269 15
1711710617375 1.532532811164856 16
1711710617613 1.487287998199463 17
1711710617883 1.443269968032837 18
1711710618163 1.4251989126205444 19
1711710618402 1.4326938390731812 20
1711710618670 1.3366398811340332 21
1711710618935 1.2797106504440308 22
1711710619207 1.273428201675415 23
1711710619479 1.2077945470809937 24
1711710619749 1.2052713632583618 25
1711710620016 1.162827968597412 26
1711710620292 1.1604108810424805 27
1711710620560 1.1208657026290894 28
1711710620798 1.0816305875778198 29
1711710621065 1.0065714120864868 30
1711710621334 0.9872514009475708 31
1711710621603 0.9502982497215271 32
1711710621838 0.9861916303634644 33
1711710622070 0.9067100882530212 34
1711710622339 0.888584315776825 35
1711710622607 0.8415429592132568 36
1711710622876 0.8797680735588074 37
1711710623145 0.7897095084190369 38
1711710623378 0.8175426125526428 39
1711710623608 0.7362461090087891 40
1711710623875 0.724295437335968 41
1711710624142 0.7140592336654663 42
1711710624415 0.7329654693603516 43
1711710624681 0.6830715537071228 44
1711710624952 0.6427870988845825 45
1711710625231 0.7553822994232178 46
1711710625463 0.680949330329895 47
1711710625730 0.6132470965385437 48
1711710625984 0.6229833364486694 49
