1711713795599 5469.72265625 0
1711713795875 459.6880798339844 1
1711713796144 125.5507583618164 2
1711713796413 74.74360656738281 3
1711713796687 45.93464279174805 4
1711713796953 31.091888427734375 5
1711713797224 23.442960739135742 6
1711713797491 19.286314010620117 7
1711713797762 16.502548217773438 8
1711713798091 14.686481475830078 9
1711713798364 11.760807037353516 10
1711713798631 9.364416122436523 11
1711713798907 7.546931743621826 12
1711713799187 6.664681434631348 13
1711713799456 5.548058032989502 14
1711713799728 4.840181827545166 15
1711713799994 4.505631446838379 16
1711713800262 4.203332901000977 17
1711713800497 4.09433650970459 18
1711713800761 3.7594873905181885 19
1711713800994 3.650137424468994 20
1711713801265 3.42203688621521 21
1711713801497 3.3219923973083496 22
1711713801766 3.190734386444092 23
1711713802031 3.1729230880737305 24
1711713802301 2.969397783279419 25
1711713802530 2.7255406379699707 26
1711713802795 2.5490221977233887 27
1711713803066 2.5413410663604736 28
1711713803334 2.3966407775878906 29
1711713803574 2.27986216545105 30
1711713803842 2.0299580097198486 31
1711713804106 2.0948503017425537 32
1711713804372 1.9493502378463745 33
1711713804641 1.9620634317398071 34
1711713804910 2.030431032180786 35
1711713805141 1.6717798709869385 36
1711713805441 1.7270119190216064 37
1711713805678 1.7071850299835205 38
1711713805942 1.4767924547195435 39
1711713806209 1.3353410959243774 40
1711713806477 1.4761309623718262 41
1711713806744 1.2622463703155518 42
1711713807015 1.183285117149353 43
1711713807245 1.2591512203216553 44
1711713807512 1.0881900787353516 45
1711713807783 1.0537583827972412 46
1711713808056 1.146193027496338 47
1711713808334 0.9892632961273193 48
1711713808605 0.8721421360969543 49
