1711713795599 56.13591003417969 0
1711713795875 15.793678283691406 1
1711713796144 7.682427406311035 2
1711713796413 5.86488151550293 3
1711713796687 4.611337661743164 4
1711713796953 3.898935556411743 5
1711713797224 3.450223684310913 6
1711713797491 3.1755692958831787 7
1711713797762 2.9529881477355957 8
1711713798091 2.8159170150756836 9
1711713798364 2.493474245071411 10
1711713798631 2.2269577980041504 11
1711713798907 1.9912883043289185 12
1711713799187 1.8977810144424438 13
1711713799456 1.722997784614563 14
1711713799728 1.6128593683242798 15
1711713799994 1.5626178979873657 16
1711713800262 1.5110633373260498 17
1711713800497 1.5041390657424927 18
1711713800761 1.4339040517807007 19
1711713800994 1.4161220788955688 20
1711713801265 1.3721739053726196 21
1711713801497 1.3547022342681885 22
1711713801766 1.3249858617782593 23
1711713802031 1.3368279933929443 24
1711713802301 1.2887027263641357 25
1711713802530 1.2280198335647583 26
1711713802795 1.1866405010223389 27
1711713803066 1.1887494325637817 28
1711713803334 1.156914472579956 29
1711713803574 1.1277743577957153 30
1711713803842 1.0615179538726807 31
1711713804106 1.08099365234375 32
1711713804372 1.0414685010910034 33
1711713804641 1.0512864589691162 34
1711713804910 1.0715980529785156 35
1711713805141 0.9689111113548279 36
1711713805441 0.9805154204368591 37
1711713805678 0.9859318137168884 38
1711713805942 0.9138720631599426 39
1711713806209 0.8693789839744568 40
1711713806477 0.9218758940696716 41
1711713806744 0.8414252996444702 42
1711713807015 0.8194798231124878 43
1711713807245 0.8391856551170349 44
1711713807512 0.7837859988212585 45
1711713807783 0.7716579437255859 46
1711713808056 0.8113527297973633 47
1711713808334 0.7506116628646851 48
1711713808605 0.6977648138999939 49
