1711708975253 5708.5390625 0
1711708975522 638.5289916992188 1
1711708975797 116.44337463378906 2
1711708976064 58.911048889160156 3
1711708976340 38.534061431884766 4
1711708976648 28.89951515197754 5
1711708976915 23.500307083129883 6
1711708977181 19.981550216674805 7
1711708977448 16.0114803314209 8
1711708977713 13.516802787780762 9
1711708977977 11.602090835571289 10
1711708978242 10.123711585998535 11
1711708978475 8.77315902709961 12
1711708978741 7.978003025054932 13
1711708979004 6.879877090454102 14
1711708979241 6.40955924987793 15
1711708979507 6.136029243469238 16
1711708979772 5.686028003692627 17
1711708980037 5.172773361206055 18
1711708980304 5.046264171600342 19
1711708980537 4.7629923820495605 20
1711708980803 4.57387113571167 21
1711708981067 4.292399883270264 22
1711708981305 4.2853684425354 23
1711708981569 4.289578437805176 24
1711708981801 3.9951136112213135 25
1711708982066 3.896848440170288 26
1711708982334 3.78139328956604 27
1711708982562 3.7758920192718506 28
1711708982830 3.574932098388672 29
1711708983096 3.664273262023926 30
1711708983324 3.426091194152832 31
1711708983554 3.6029117107391357 32
