1711708975253 57.49224090576172 0
1711708975522 19.064939498901367 1
1711708975797 7.360960483551025 2
1711708976064 4.777724266052246 3
1711708976340 4.019091606140137 4
1711708976648 3.611194610595703 5
1711708976915 3.3386223316192627 6
1711708977181 3.1313650608062744 7
1711708977448 2.8018300533294678 8
1711708977713 2.586301326751709 9
1711708977977 2.4146859645843506 10
1711708978242 2.2727649211883545 11
1711708978475 2.1280386447906494 12
1711708978741 2.046412467956543 13
1711708979004 1.9001778364181519 14
1711708979241 1.8404152393341064 15
1711708979507 1.8094435930252075 16
1711708979772 1.7534873485565186 17
1711708980037 1.6725908517837524 18
1711708980304 1.6496870517730713 19
1711708980537 1.6070635318756104 20
1711708980803 1.5790925025939941 21
1711708981067 1.5327204465866089 22
1711708981305 1.5298749208450317 23
1711708981569 1.5475707054138184 24
1711708981801 1.4868253469467163 25
1711708982066 1.4630086421966553 26
1711708982334 1.4378281831741333 27
1711708982562 1.440286636352539 28
1711708982830 1.3996837139129639 29
1711708983096 1.4296107292175293 30
1711708983324 1.3752715587615967 31
1711708983554 1.4289257526397705 32
