1711713592631 6822.3759765625 0
1711713592928 798.6634521484375 1
1711713593203 144.3581085205078 2
1711713593476 84.59300231933594 3
1711713593748 52.55214309692383 4
1711713594018 31.22819709777832 5
1711713594290 19.62665367126465 6
1711713594563 14.448288917541504 7
1711713594836 11.356316566467285 8
1711713595105 9.276396751403809 9
1711713595375 7.639598846435547 10
1711713595645 6.289358139038086 11
1711713595981 5.58089542388916 12
1711713596255 4.7074127197265625 13
1711713596524 4.466528415679932 14
1711713596794 3.9675190448760986 15
1711713597032 3.602877616882324 16
1711713597304 3.360623598098755 17
1711713597574 2.996025800704956 18
1711713597849 2.8822124004364014 19
1711713598119 2.5535590648651123 20
1711713598388 2.3575632572174072 21
1711713598663 2.313354015350342 22
1711713598934 2.241612434387207 23
1711713599201 2.0500643253326416 24
1711713599472 1.9457330703735352 25
1711713599742 1.801059603691101 26
1711713599980 1.815246343612671 27
1711713600252 1.7106996774673462 28
1711713600523 1.511748194694519 29
1711713600795 1.3535430431365967 30
1711713601029 1.3379721641540527 31
1711713601298 1.3303020000457764 32
1711713601567 1.206161618232727 33
1711713601834 1.0665864944458008 34
1711713602070 1.0613170862197876 35
1711713602303 1.109786868095398 36
1711713602574 0.9655908346176147 37
1711713602843 0.901212751865387 38
1711713603083 0.8527292609214783 39
1711713603387 0.9681216478347778 40
1711713603655 0.6709135174751282 41
1711713603923 0.7223135828971863 42
1711713604162 0.737296462059021 43
1711713604429 0.6894353032112122 44
