1711713592631 64.16410827636719 0
1711713592928 21.672977447509766 1
1711713593203 8.427387237548828 2
1711713593476 6.2814178466796875 3
1711713593748 4.907278060913086 4
1711713594018 3.7896411418914795 5
1711713594290 3.030489683151245 6
1711713594563 2.660001516342163 7
1711713594836 2.4025604724884033 8
1711713595105 2.177870750427246 9
1711713595375 1.9921365976333618 10
1711713595645 1.8042778968811035 11
1711713595981 1.726067304611206 12
1711713596255 1.5866416692733765 13
1711713596524 1.5717895030975342 14
1711713596794 1.4755659103393555 15
1711713597032 1.40548837184906 16
1711713597304 1.372998595237732 17
1711713597574 1.2855321168899536 18
1711713597849 1.2660644054412842 19
1711713598119 1.1934469938278198 20
1711713598388 1.147889256477356 21
1711713598663 1.1414103507995605 22
1711713598934 1.1286194324493408 23
1711713599201 1.0771126747131348 24
1711713599472 1.0535420179367065 25
1711713599742 1.017410397529602 26
1711713599980 1.025730013847351 27
1711713600252 0.9979735016822815 28
1711713600523 0.9335988163948059 29
1711713600795 0.8807876706123352 30
1711713601029 0.8815301656723022 31
1711713601298 0.8761928081512451 32
1711713601567 0.8332313299179077 33
1711713601834 0.7868203520774841 34
1711713602070 0.7916892170906067 35
1711713602303 0.8049947619438171 36
1711713602574 0.7564594745635986 37
1711713602843 0.7250573635101318 38
1711713603083 0.7089700102806091 39
1711713603387 0.7550207376480103 40
1711713603655 0.622854471206665 41
1711713603923 0.6506038308143616 42
1711713604162 0.6577895879745483 43
1711713604429 0.6352303624153137 44
