1711958914798 58.27272033691406 0
1711958915075 20.2108097076416 1
1711958915355 7.98617696762085 2
1711958915626 5.029817581176758 3
1711958915900 3.4490697383880615 4
1711958916171 2.776893377304077 5
1711958916440 2.470712423324585 6
1711958916713 2.296123743057251 7
1711958916983 2.1208419799804688 8
1711958917251 2.011035919189453 9
1711958917520 1.8977984189987183 10
1711958917790 1.8223494291305542 11
1711958918059 1.7609854936599731 12
1711958918327 1.699759602546692 13
1711958918595 1.6547414064407349 14
1711958918830 1.6212875843048096 15
1711958919097 1.5513956546783447 16
1711958919330 1.5374051332473755 17
1711958919596 1.5372809171676636 18
1711958919863 1.4704070091247559 19
1711958920131 1.4620110988616943 20
1711958920398 1.464905023574829 21
1711958920667 1.5051929950714111 22
1711958920978 1.397737741470337 23
1711958921214 1.374854326248169 24
1711958921481 1.3469222784042358 25
