1711958914798 5779.93212890625 0
1711958915075 710.5482177734375 1
1711958915355 131.15953063964844 2
1711958915626 60.232357025146484 3
1711958915900 28.91795539855957 4
1711958916171 17.262954711914062 5
1711958916440 12.667760848999023 6
1711958916713 10.364160537719727 7
1711958916983 8.610313415527344 8
1711958917251 7.614519119262695 9
1711958917520 6.6866607666015625 10
1711958917790 6.1068596839904785 11
1711958918059 5.667731285095215 12
1711958918327 5.267472743988037 13
1711958918595 4.949343204498291 14
1711958918830 4.734825611114502 15
1711958919097 4.345494747161865 16
1711958919330 4.271899700164795 17
1711958919596 4.217674255371094 18
1711958919863 3.9211413860321045 19
1711958920131 3.8659517765045166 20
1711958920398 3.817443370819092 21
1711958920667 3.998931884765625 22
1711958920978 3.532109260559082 23
1711958921214 3.4181933403015137 24
1711958921481 3.2826273441314697 25
