1711710556629 5766.53173828125 0
1711710556904 708.813720703125 1
1711710557180 128.36260986328125 2
1711710557445 70.94857788085938 3
1711710557714 40.3277473449707 4
1711710557983 24.632173538208008 5
1711710558251 17.713747024536133 6
1711710558516 13.608983993530273 7
1711710558785 10.940369606018066 8
1711710559052 9.324898719787598 9
1711710559324 7.772606372833252 10
1711710559595 6.956851482391357 11
1711710559860 6.2309956550598145 12
1711710560131 5.758810520172119 13
1711710560360 5.109279155731201 14
1711710560631 4.842046737670898 15
1711710560894 4.628117084503174 16
1711710561164 4.241183280944824 17
1711710561430 4.080723285675049 18
1711710561694 3.869102716445923 19
1711710561962 3.6705386638641357 20
1711710562289 3.4877355098724365 21
1711710562562 3.456141471862793 22
1711710562795 3.1733880043029785 23
1711710563058 3.051046371459961 24
1711710563328 2.914051055908203 25
1711710563556 2.6106998920440674 26
1711710563824 2.6665656566619873 27
1711710564090 2.3685009479522705 28
1711710564358 2.2594268321990967 29
1711710564628 2.1884331703186035 30
1711710564893 2.2078163623809814 31
1711710565125 1.8777207136154175 32
1711710565388 1.8864398002624512 33
1711710565625 1.69437837600708 34
1711710565857 1.7292609214782715 35
1711710566122 1.6265407800674438 36
1711710566354 1.6227800846099854 37
1711710566619 1.3793784379959106 38
1711710566851 1.46589994430542 39
1711710567118 1.2410560846328735 40
1711710567380 1.2234350442886353 41
1711710567649 1.0816094875335693 42
1711710567914 1.0989099740982056 43
1711710568143 0.9679778218269348 44
1711710568409 1.1897584199905396 45
1711710568645 0.9911284446716309 46
1711710568874 0.978930652141571 47
1711710569175 0.8092663288116455 48
1711710569416 0.8321830034255981 49
