1711710556629 58.224464416503906 0
1711710556904 20.360877990722656 1
1711710557180 7.9266862869262695 2
1711710557445 5.734738349914551 3
1711710557714 4.181652545928955 4
1711710557983 3.2904984951019287 5
1711710558251 2.8641645908355713 6
1711710558516 2.5480899810791016 7
1711710558785 2.3012187480926514 8
1711710559052 2.157717227935791 9
1711710559324 1.979352593421936 10
1711710559595 1.895382046699524 11
1711710559860 1.7969545125961304 12
1711710560131 1.7430365085601807 13
1711710560360 1.6458598375320435 14
1711710560631 1.6178902387619019 15
1711710560894 1.588352918624878 16
1711710561164 1.5283430814743042 17
1711710561430 1.4948662519454956 18
1711710561694 1.4645061492919922 19
1711710561962 1.430915355682373 20
1711710562289 1.397940754890442 21
1711710562562 1.3983312845230103 22
1711710562795 1.3353841304779053 23
1711710563058 1.3117214441299438 24
1711710563328 1.277714729309082 25
1711710563556 1.2084797620773315 26
1711710563824 1.2351104021072388 27
1711710564090 1.155503511428833 28
1711710564358 1.1284496784210205 29
1711710564628 1.1125003099441528 30
1711710564893 1.1273657083511353 31
1711710565125 1.0257529020309448 32
1711710565388 1.0283372402191162 33
1711710565625 0.9757490754127502 34
1711710565857 0.9856325387954712 35
1711710566122 0.9684196710586548 36
1711710566354 0.9641276001930237 37
1711710566619 0.8838780522346497 38
1711710566851 0.9183469414710999 39
1711710567118 0.8346003293991089 40
1711710567380 0.8308252692222595 41
1711710567649 0.7769374847412109 42
1711710567914 0.7897579669952393 43
1711710568143 0.7370301485061646 44
1711710568409 0.820343554019928 45
1711710568645 0.7519276142120361 46
1711710568874 0.7517393231391907 47
1711710569175 0.6783400177955627 48
1711710569416 0.6913164258003235 49
