1711707765699 6208.44921875 0
1711707765932 697.0579223632812 1
1711707766186 142.2408447265625 2
1711707766417 80.51299285888672 3
1711707766657 48.98920822143555 4
1711707766887 32.93477249145508 5
1711707767117 24.94822883605957 6
1711707767348 19.513912200927734 7
1711707767578 15.168647766113281 8
1711707767810 11.825630187988281 9
1711707768042 9.402121543884277 10
1711707768275 7.836027145385742 11
1711707768508 6.695612907409668 12
1711707768739 6.227732181549072 13
1711707768977 5.260741233825684 14
1711707769218 4.81158447265625 15
1711707769467 4.508120059967041 16
1711707769702 3.995227575302124 17
1711707769932 3.788954257965088 18
1711707770154 3.5793676376342773 19
1711707770383 3.1801514625549316 20
1711707770614 2.990959882736206 21
1711707770887 2.9902608394622803 22
1711707771117 2.839747905731201 23
1711707771341 2.585338830947876 24
1711707771570 2.483583450317383 25
1711707771800 2.2955005168914795 26
1711707772030 2.1808719635009766 27
1711707772251 2.0939574241638184 28
1711707772482 1.8832786083221436 29
1711707772722 1.8801125288009644 30
1711707772943 1.7905173301696777 31
1711707773180 1.6935821771621704 32
1711707773410 1.5573786497116089 33
1711707773634 1.463925838470459 34
1711707773866 1.3558337688446045 35
1711707774096 1.253656268119812 36
1711707774318 1.362506628036499 37
1711707774549 1.218866229057312 38
1711707774780 1.134067416191101 39
1711707775002 1.1872614622116089 40
1711707775232 1.0412124395370483 41
