1711707765699 60.25863265991211 0
1711707765932 20.12080192565918 1
1711707766186 8.156939506530762 2
1711707766417 5.807711124420166 3
1711707766657 4.497687816619873 4
1711707766887 3.77593994140625 5
1711707767117 3.3933494091033936 6
1711707767348 3.051647663116455 7
1711707767578 2.6885712146759033 8
1711707767810 2.377251148223877 9
1711707768042 2.1243021488189697 10
1711707768275 1.956261157989502 11
1711707768508 1.8384226560592651 12
1711707768739 1.8166579008102417 13
1711707768977 1.6677449941635132 14
1711707769218 1.6088294982910156 15
1711707769467 1.5667980909347534 16
1711707769702 1.4815802574157715 17
1711707769932 1.4505785703659058 18
1711707770154 1.41639244556427 19
1711707770383 1.3342225551605225 20
1711707770614 1.294486165046692 21
1711707770887 1.2973520755767822 22
1711707771117 1.2698780298233032 23
1711707771341 1.2145484685897827 24
1711707771570 1.1866494417190552 25
1711707771800 1.140244483947754 26
1711707772030 1.111609935760498 27
1711707772251 1.0895590782165527 28
1711707772482 1.035211443901062 29
1711707772722 1.0384970903396606 30
1711707772943 1.0126429796218872 31
1711707773180 0.987443208694458 32
1711707773410 0.9421777129173279 33
1711707773634 0.9127017259597778 34
1711707773866 0.8788856863975525 35
1711707774096 0.8439590930938721 36
1711707774318 0.8856913447380066 37
1711707774549 0.8390629291534424 38
1711707774780 0.8059407472610474 39
1711707775002 0.8277628421783447 40
1711707775232 0.7722910046577454 41
