1711958693855 5706.58837890625 0
1711958694127 677.1295166015625 1
1711958694399 143.5653839111328 2
1711958694708 86.44116973876953 3
1711958695045 52.5884895324707 4
1711958695316 32.274574279785156 5
1711958695586 22.820573806762695 6
1711958695856 17.843080520629883 7
1711958696125 15.01569652557373 8
1711958696396 13.067028045654297 9
1711958696666 11.477176666259766 10
1711958696936 9.598993301391602 11
1711958697170 7.686200141906738 12
1711958697448 6.358741760253906 13
1711958697718 5.391782760620117 14
1711958697986 4.699589252471924 15
1711958698262 4.1725969314575195 16
1711958698530 3.844352960586548 17
1711958698797 3.452533483505249 18
1711958699064 3.18202805519104 19
1711958699331 2.9336798191070557 20
1711958699568 2.7154176235198975 21
1711958699839 2.560946464538574 22
1711958700109 2.377558946609497 23
1711958700377 2.2011942863464355 24
1711958700645 2.017477035522461 25
1711958700913 1.9976184368133545 26
1711958701149 1.9145729541778564 27
1711958701385 1.8054999113082886 28
1711958701653 1.7397348880767822 29
1711958701937 1.5885262489318848 30
1711958702205 1.4249444007873535 31
1711958702483 1.4454454183578491 32
1711958702719 1.3369630575180054 33
1711958702987 1.290149211883545 34
1711958703257 1.2055840492248535 35
1711958703525 1.1874415874481201 36
1711958703761 1.248465657234192 37
1711958704026 1.0035918951034546 38
1711958704294 0.9046445488929749 39
1711958704529 1.0405303239822388 40
1711958704825 0.9027391672134399 41
1711958705094 0.7985588312149048 42
1711958705367 0.848932683467865 43
1711958705636 0.7455029487609863 44
1711958705871 0.7183512449264526 45
1711958706108 0.7324177622795105 46
1711958706376 0.6789821982383728 47
1711958706643 0.8270249366760254 48
1711958706879 0.6267909407615662 49
