1711958693855 57.89910125732422 0
1711958694127 19.91541862487793 1
1711958694399 8.297935485839844 2
1711958694708 6.21098518371582 3
1711958695045 4.751657009124756 4
1711958695316 3.72196364402771 5
1711958695586 3.2525904178619385 6
1711958695856 2.9249467849731445 7
1711958696125 2.7333476543426514 8
1711958696396 2.5550687313079834 9
1711958696666 2.408954381942749 10
1711958696936 2.216243267059326 11
1711958697170 1.9817723035812378 12
1711958697448 1.801763892173767 13
1711958697718 1.672389268875122 14
1711958697986 1.5749202966690063 15
1711958698262 1.4910222291946411 16
1711958698530 1.4385323524475098 17
1711958698797 1.3626707792282104 18
1711958699064 1.313063621520996 19
1711958699331 1.2657322883605957 20
1711958699568 1.2161345481872559 21
1711958699839 1.1912829875946045 22
1711958700109 1.1413100957870483 23
1711958700377 1.1020665168762207 24
1711958700645 1.0555548667907715 25
1711958700913 1.0528287887573242 26
1711958701149 1.0328782796859741 27
1711958701385 1.0119788646697998 28
1711958701653 0.987859308719635 29
1711958701937 0.9481510519981384 30
1711958702205 0.8913280963897705 31
1711958702483 0.9062217473983765 32
1711958702719 0.8674460053443909 33
1711958702987 0.8567038774490356 34
1711958703257 0.8236281871795654 35
1711958703525 0.8249285817146301 36
1711958703761 0.8489047884941101 37
1711958704026 0.7554734349250793 38
1711958704294 0.71571284532547 39
1711958704529 0.7662968635559082 40
1711958704825 0.7123879790306091 41
1711958705094 0.6717877984046936 42
1711958705367 0.697151780128479 43
1711958705636 0.6527441143989563 44
1711958705871 0.6368840336799622 45
1711958706108 0.6515220999717712 46
1711958706376 0.6232250928878784 47
1711958706643 0.6731691956520081 48
1711958706879 0.5990388989448547 49
