1711713502484 61.21836471557617 0
1711713502763 27.6757869720459 1
1711713503035 9.05485725402832 2
1711713503310 6.402361869812012 3
1711713503577 5.162562847137451 4
1711713503848 4.472928047180176 5
1711713504158 4.006389617919922 6
1711713504430 3.575521945953369 7
1711713504698 3.2180016040802 8
1711713504966 2.840123176574707 9
1711713505236 2.5440499782562256 10
1711713505509 2.297029733657837 11
1711713505778 2.139695167541504 12
1711713506049 1.9783676862716675 13
1711713506317 1.8579272031784058 14
1711713506585 1.7515331506729126 15
1711713506854 1.6602880954742432 16
1711713507124 1.5722061395645142 17
1711713507394 1.5432102680206299 18
1711713507634 1.5490670204162598 19
1711713507903 1.4090884923934937 20
1711713508174 1.372408151626587 21
1711713508447 1.3625969886779785 22
1711713508717 1.2513684034347534 23
1711713508981 1.227135419845581 24
1711713509250 1.2154920101165771 25
1711713509485 1.1783567667007446 26
1711713509755 1.1097068786621094 27
1711713510028 1.116442084312439 28
1711713510259 1.0808948278427124 29
1711713510586 1.0472946166992188 30
1711713510856 1.0804425477981567 31
1711713511096 0.9645732641220093 32
1711713511364 0.9425227046012878 33
1711713511634 0.949417233467102 34
1711713511870 0.9112673997879028 35
1711713512105 0.9189634323120117 36
1711713512373 0.8555414080619812 37
1711713512649 0.8374874591827393 38
1711713512885 0.8345527052879333 39
1711713513126 0.8805268406867981 40
1711713513392 0.769057035446167 41
1711713513660 0.7868679761886597 42
1711713513930 0.7484409213066101 43
1711713514167 0.7696990370750427 44
1711713514437 0.730205774307251 45
