1711713502484 6312.5634765625 0
1711713502763 1125.7149658203125 1
1711713503035 176.19488525390625 2
1711713503310 95.64248657226562 3
1711713503577 61.318748474121094 4
1711713503848 42.65247344970703 5
1711713504158 32.13151550292969 6
1711713504430 24.927839279174805 7
1711713504698 20.160024642944336 8
1711713504966 15.90738582611084 9
1711713505236 12.788050651550293 10
1711713505509 10.435158729553223 11
1711713505778 8.903688430786133 12
1711713506049 7.561957836151123 13
1711713506317 6.637204170227051 14
1711713506585 5.851751327514648 15
1711713506854 5.217592716217041 16
1711713507124 4.643119812011719 17
1711713507394 4.418126583099365 18
1711713507634 4.382726192474365 19
1711713507903 3.6624984741210938 20
1711713508174 3.465137243270874 21
1711713508447 3.359098434448242 22
1711713508717 2.8675336837768555 23
1711713508981 2.758232593536377 24
1711713509250 2.67848539352417 25
1711713509485 2.4985508918762207 26
1711713509755 2.2348814010620117 27
1711713510028 2.2419204711914062 28
1711713510259 2.0864362716674805 29
1711713510586 1.9366549253463745 30
1711713510856 2.0551583766937256 31
1711713511096 1.6652356386184692 32
1711713511364 1.5682311058044434 33
1711713511634 1.5709717273712158 34
1711713511870 1.4604872465133667 35
1711713512105 1.4667905569076538 36
1711713512373 1.2785005569458008 37
1711713512649 1.2229716777801514 38
1711713512885 1.2082459926605225 39
1711713513126 1.3436684608459473 40
1711713513392 1.0379871129989624 41
1711713513660 1.0748190879821777 42
1711713513930 0.9749881029129028 43
1711713514167 1.0057904720306396 44
1711713514437 0.9373505711555481 45
