1711708864038 6027.09033203125 0
1711708864317 584.0772094726562 1
1711708864588 139.9956512451172 2
1711708864856 81.67837524414062 3
1711708865126 50.500545501708984 4
1711708865392 31.913970947265625 5
1711708865660 22.81254005432129 6
1711708865925 18.211231231689453 7
1711708866202 15.357101440429688 8
1711708866471 13.614888191223145 9
1711708866742 11.76218318939209 10
1711708867009 10.421137809753418 11
1711708867277 8.788673400878906 12
1711708867541 7.799845218658447 13
1711708867824 6.851353168487549 14
1711708868091 6.290473937988281 15
1711708868359 5.594612121582031 16
1711708868627 5.237435340881348 17
1711708868924 5.111624717712402 18
1711708869190 4.627408504486084 19
1711708869465 4.426778793334961 20
1711708869739 4.172229290008545 21
1711708869971 4.219423294067383 22
1711708870240 3.788363456726074 23
1711708870506 4.273273944854736 24
1711708870773 3.537038564682007 25
1711708871041 3.6293437480926514 26
1711708871280 3.486583948135376 27
1711708871545 3.3834853172302246 28
1711708871854 3.297694206237793 29
1711708872145 3.064645290374756 30
1711708872414 2.9845221042633057 31
1711708872683 3.2275586128234863 32
1711708872918 3.0079598426818848 33
1711708873185 2.780231475830078 34
1711708873453 2.7258315086364746 35
1711708873718 2.4872217178344727 36
1711708873948 2.300658941268921 37
1711708874184 2.332698106765747 38
1711708874453 1.868829369544983 39
1711708874718 1.7250936031341553 40
1711708874982 1.7863640785217285 41
1711708875218 1.6494786739349365 42
1711708875482 1.4606202840805054 43
1711708875748 1.4207379817962646 44
1711708875985 1.3297864198684692 45
1711708876256 1.1954915523529053 46
1711708876520 1.2509325742721558 47
1711708876786 1.0695949792861938 48
1711708877052 0.9687528610229492 49
