1711708864038 59.36164855957031 0
1711708864317 17.940149307250977 1
1711708864588 8.250051498413086 2
1711708864856 5.998965740203857 3
1711708865126 4.694831371307373 4
1711708865392 3.8540072441101074 5
1711708865660 3.382641077041626 6
1711708865925 3.092047929763794 7
1711708866202 2.876854181289673 8
1711708866471 2.7337138652801514 9
1711708866742 2.5480599403381348 10
1711708867009 2.396969795227051 11
1711708867277 2.199467658996582 12
1711708867541 2.061798334121704 13
1711708867824 1.9399563074111938 14
1711708868091 1.8625622987747192 15
1711708868359 1.7519030570983887 16
1711708868627 1.6990987062454224 17
1711708868924 1.688938856124878 18
1711708869190 1.5995960235595703 19
1711708869465 1.5635074377059937 20
1711708869739 1.5180761814117432 21
1711708869971 1.5435878038406372 22
1711708870240 1.4430937767028809 23
1711708870506 1.5568820238113403 24
1711708870773 1.3957524299621582 25
1711708871041 1.4189647436141968 26
1711708871280 1.3946127891540527 27
1711708871545 1.3767750263214111 28
1711708871854 1.354577898979187 29
1711708872145 1.2983059883117676 30
1711708872414 1.2822849750518799 31
1711708872683 1.3475594520568848 32
1711708872918 1.2984989881515503 33
1711708873185 1.247596025466919 34
1711708873453 1.2399426698684692 35
1711708873718 1.1798784732818604 36
1711708873948 1.1406447887420654 37
1711708874184 1.1451936960220337 38
1711708874453 1.0174986124038696 39
1711708874718 0.9777927398681641 40
1711708874982 0.9995131492614746 41
1711708875218 0.9673077464103699 42
1711708875482 0.9042505621910095 43
1711708875748 0.8903841972351074 44
1711708875985 0.8687466382980347 45
1711708876256 0.818408727645874 46
1711708876520 0.8394581079483032 47
1711708876786 0.7741573452949524 48
1711708877052 0.7346754670143127 49
