1711711760316 5856.291015625 0
1711711760596 536.7139282226562 1
1711711760867 118.78738403320312 2
1711711761135 62.10469436645508 3
1711711761404 36.8500862121582 4
1711711761679 25.014801025390625 5
1711711761948 18.11017417907715 6
1711711762286 14.3009672164917 7
1711711762563 11.893876075744629 8
1711711762830 9.828604698181152 9
1711711763100 7.921401500701904 10
1711711763370 6.546726226806641 11
1711711763639 5.502560615539551 12
1711711763908 4.763241291046143 13
1711711764181 4.095145225524902 14
1711711764446 3.7717878818511963 15
1711711764715 3.4049813747406006 16
1711711764983 2.8695273399353027 17
1711711765257 2.5575389862060547 18
1711711765523 2.2504076957702637 19
1711711765793 2.0256805419921875 20
1711711766059 1.8174855709075928 21
1711711766327 1.6445850133895874 22
1711711766596 1.5465048551559448 23
1711711766829 1.511085033416748 24
1711711767098 1.2935676574707031 25
1711711767368 1.2772629261016846 26
1711711767603 1.1860321760177612 27
1711711767872 1.0344581604003906 28
1711711768145 0.9554173946380615 29
1711711768413 0.9325557351112366 30
1711711768649 0.9397371411323547 31
1711711768920 0.855364203453064 32
