1711711760316 58.62593078613281 0
1711711760596 17.127391815185547 1
1711711760867 7.584349155426025 2
1711711761135 5.1957621574401855 3
1711711761404 4.131284236907959 4
1711711761679 3.4986352920532227 5
1711711761948 3.0065858364105225 6
1711711762286 2.686617374420166 7
1711711762563 2.459317922592163 8
1711711762830 2.2590630054473877 9
1711711763100 2.008047342300415 10
1711711763370 1.8414686918258667 11
1711711763639 1.6976261138916016 12
1711711763908 1.5854089260101318 13
1711711764181 1.4790258407592773 14
1711711764446 1.4341635704040527 15
1711711764715 1.3534188270568848 16
1711711764983 1.2428442239761353 17
1711711765257 1.1778596639633179 18
1711711765523 1.105792760848999 19
1711711765793 1.0406394004821777 20
1711711766059 0.9910445213317871 21
1711711766327 0.9438708424568176 22
1711711766596 0.9141004681587219 23
1711711766829 0.9170199632644653 24
1711711767098 0.8372204303741455 25
1711711767368 0.8393669128417969 26
1711711767603 0.8093030452728271 27
1711711767872 0.7536609172821045 28
1711711768145 0.7249919772148132 29
1711711768413 0.7204853296279907 30
1711711768649 0.7225890159606934 31
1711711768920 0.6941999793052673 32
