1711710524745 5700.5498046875 0
1711710525019 585.8611450195312 1
1711710525290 112.78717803955078 2
1711710525554 61.682376861572266 3
1711710525822 38.324249267578125 4
1711710526093 26.889850616455078 5
1711710526361 20.82944107055664 6
1711710526687 15.177638053894043 7
1711710526958 12.085068702697754 8
1711710527229 9.525811195373535 9
1711710527493 7.651726722717285 10
1711710527775 6.295088291168213 11
1711710528045 5.411549091339111 12
1711710528310 4.639082908630371 13
1711710528579 3.9571330547332764 14
1711710528848 3.554434061050415 15
1711710529117 3.142153024673462 16
1711710529389 2.89260196685791 17
1711710529659 2.5787081718444824 18
1711710529923 2.4057066440582275 19
1711710530160 2.2689106464385986 20
1711710530432 2.118220329284668 21
1711710530697 1.9360123872756958 22
1711710530964 2.0017666816711426 23
1711710531227 1.8544985055923462 24
1711710531465 1.7325899600982666 25
1711710531697 1.6139501333236694 26
1711710531964 1.7187955379486084 27
1711710532203 1.5671570301055908 28
1711710532468 1.5616540908813477 29
1711710532734 1.586546540260315 30
1711710533001 1.5595543384552002 31
1711710533240 1.327157974243164 32
1711710533508 1.2735940217971802 33
1711710533776 1.2844935655593872 34
1711710534055 1.3380415439605713 35
1711710534330 1.369050145149231 36
