1711710524745 57.81340026855469 0
1711710525019 17.91781997680664 1
1711710525290 7.060279846191406 2
1711710525554 5.0834760665893555 3
1711710525822 4.114048480987549 4
1711710526093 3.563960075378418 5
1711710526361 3.203798294067383 6
1711710526687 2.7291650772094727 7
1711710526958 2.466357469558716 8
1711710527229 2.190667152404785 9
1711710527493 1.9725022315979004 10
1711710527775 1.8064128160476685 11
1711710528045 1.6911252737045288 12
1711710528310 1.5830241441726685 13
1711710528579 1.4650487899780273 14
1711710528848 1.40055251121521 15
1711710529117 1.3154555559158325 16
1711710529389 1.272308111190796 17
1711710529659 1.2027333974838257 18
1711710529923 1.1628642082214355 19
1711710530160 1.1345534324645996 20
1711710530432 1.0970749855041504 21
1711710530697 1.0408117771148682 22
1711710530964 1.0680850744247437 23
1711710531227 1.031002163887024 24
1711710531465 0.9911084175109863 25
1711710531697 0.9541195631027222 26
1711710531964 0.9931439161300659 27
1711710532203 0.9424871802330017 28
1711710532468 0.9473060965538025 29
1711710532734 0.9553111791610718 30
1711710533001 0.9483720660209656 31
1711710533240 0.8695482611656189 32
1711710533508 0.8546983003616333 33
1711710533776 0.8572017550468445 34
1711710534055 0.8805003762245178 35
1711710534330 0.8884219527244568 36
