1711708883303 57.38167953491211 0
1711708883574 18.5341854095459 1
1711708883839 8.310880661010742 2
1711708884108 5.633074760437012 3
1711708884372 4.1828293800354 4
1711708884642 3.513742208480835 5
1711708884909 3.1924962997436523 6
1711708885173 2.976593494415283 7
1711708885436 2.749404191970825 8
1711708885702 2.541386365890503 9
1711708885939 2.363065719604492 10
1711708886213 2.2087275981903076 11
1711708886483 2.1197445392608643 12
1711708886749 1.9972107410430908 13
1711708887014 1.9755637645721436 14
1711708887269 1.9000457525253296 15
1711708887534 1.8130780458450317 16
1711708887822 1.7731438875198364 17
1711708888085 1.719760537147522 18
1711708888394 1.7208046913146973 19
1711708888630 1.678127646446228 20
1711708888891 1.6047513484954834 21
1711708889157 1.5722460746765137 22
1711708889392 1.5373221635818481 23
1711708889657 1.5457159280776978 24
1711708889923 1.4117367267608643 25
1711708890154 1.3691132068634033 26
1711708890420 1.3060208559036255 27
1711708890650 1.2259830236434937 28
1711708890915 1.186588168144226 29
1711708891152 1.2281121015548706 30
1711708891384 1.1864690780639648 31
1711708891650 1.1008365154266357 32
1711708891917 1.1108245849609375 33
1711708892150 0.9894711375236511 34
1711708892414 1.0160391330718994 35
1711708892650 0.9938287138938904 36
1711708892914 0.9591475129127502 37
1711708893179 0.8994740843772888 38
1711708893441 0.8893396258354187 39
1711708893709 0.859759509563446 40
1711708893974 0.8126669526100159 41
1711708894202 0.7932553887367249 42
1711708894470 0.7758485674858093 43
1711708894735 0.7621022462844849 44
1711708895001 0.7115904688835144 45
1711708895266 0.7209581732749939 46
1711708895497 0.7759949564933777 47
1711708895799 0.7284219861030579 48
1711708896030 0.6819198131561279 49
