1711708883303 5697.61669921875 0
1711708883574 601.3294067382812 1
1711708883839 140.69937133789062 2
1711708884108 74.45135498046875 3
1711708884372 41.809085845947266 4
1711708884642 27.37200927734375 5
1711708884909 20.935916900634766 6
1711708885173 17.445295333862305 7
1711708885436 14.804591178894043 8
1711708885702 12.47912883758545 9
1711708885939 10.704556465148926 10
1711708886213 9.371992111206055 11
1711708886483 8.553670883178711 12
1711708886749 7.591582775115967 13
1711708887014 7.2791266441345215 14
1711708887269 6.792767524719238 15
1711708887534 6.238533020019531 16
1711708887822 5.971182346343994 17
1711708888085 5.664052486419678 18
1711708888394 5.552570343017578 19
1711708888630 5.321630001068115 20
1711708888891 4.931410789489746 21
1711708889157 4.740977764129639 22
1711708889392 4.589466571807861 23
1711708889657 4.516129970550537 24
1711708889923 3.843571424484253 25
1711708890154 3.6077678203582764 26
1711708890420 3.3354482650756836 27
1711708890650 2.98690128326416 28
1711708890915 2.7974884510040283 29
1711708891152 2.929661989212036 30
1711708891384 2.692692756652832 31
1711708891650 2.3964662551879883 32
1711708891917 2.3444554805755615 33
1711708892150 1.9623960256576538 34
1711708892414 2.010176420211792 35
1711708892650 1.9027866125106812 36
1711708892914 1.7710893154144287 37
1711708893179 1.5813448429107666 38
1711708893441 1.5214956998825073 39
1711708893709 1.4203543663024902 40
1711708893974 1.2903733253479004 41
1711708894202 1.2057228088378906 42
1711708894470 1.1432640552520752 43
1711708894735 1.1026995182037354 44
1711708895001 0.9598188996315002 45
1711708895266 0.9599672555923462 46
1711708895497 1.0744487047195435 47
1711708895799 0.9554075002670288 48
1711708896030 0.8400027751922607 49
