1711709886791 5824.08642578125 0
1711709887098 752.2255859375 1
1711709887424 159.6183624267578 2
1711709887690 80.37693786621094 3
1711709887955 42.46512985229492 4
1711709888218 27.87507438659668 5
1711709888492 20.31716537475586 6
1711709888754 15.090689659118652 7
1711709889022 10.90234088897705 8
1711709889292 8.04951000213623 9
1711709889556 6.58399772644043 10
1711709889822 5.4719977378845215 11
1711709890089 4.9704132080078125 12
1711709890353 4.31613302230835 13
1711709890588 3.9641849994659424 14
1711709890852 3.6999247074127197 15
1711709891118 3.412437915802002 16
1711709891350 3.121610403060913 17
1711709891613 2.909785270690918 18
1711709891879 2.728806495666504 19
1711709892145 2.5009806156158447 20
1711709892410 2.41086745262146 21
1711709892673 2.226806640625 22
1711709892940 2.086024284362793 23
1711709893252 1.883179783821106 24
1711709893519 1.700023889541626 25
1711709893753 1.6769001483917236 26
1711709894015 1.585851788520813 27
1711709894254 1.4932037591934204 28
1711709894523 1.328089952468872 29
1711709894755 1.357877492904663 30
1711709895019 1.2624984979629517 31
1711709895253 1.1784758567810059 32
1711709895485 1.0516351461410522 33
1711709895756 1.020846962928772 34
1711709896002 1.006306529045105 35
1711709896272 0.9363879561424255 36
1711709896536 0.8906811475753784 37
1711709896766 0.8553352952003479 38
1711709897030 0.8666698932647705 39
1711709897264 0.9682078957557678 40
1711709897497 0.7673252820968628 41
1711709897761 0.7863988280296326 42
1711709897991 0.8523016571998596 43
1711709898257 0.6245378851890564 44
1711709898489 0.6706839799880981 45
1711709898752 0.6697101593017578 46
