1711709886791 58.662010192871094 0
1711709887098 21.136924743652344 1
1711709887424 8.719161033630371 2
1711709887690 5.74260950088501 3
1711709887955 4.218773365020752 4
1711709888218 3.5840017795562744 5
1711709888492 3.0987701416015625 6
1711709888754 2.6881041526794434 7
1711709889022 2.2693214416503906 8
1711709889292 1.9587502479553223 9
1711709889556 1.8166216611862183 10
1711709889822 1.6781928539276123 11
1711709890089 1.6278752088546753 12
1711709890353 1.5270586013793945 13
1711709890588 1.4660570621490479 14
1711709890852 1.4331340789794922 15
1711709891118 1.38087797164917 16
1711709891350 1.313188076019287 17
1711709891613 1.2762792110443115 18
1711709891879 1.2473080158233643 19
1711709892145 1.188868761062622 20
1711709892410 1.1728324890136719 21
1711709892673 1.1239432096481323 22
1711709892940 1.0868568420410156 23
1711709893252 1.0290608406066895 24
1711709893519 0.969865620136261 25
1711709893753 0.9759263396263123 26
1711709894015 0.9507872462272644 27
1711709894254 0.9233092069625854 28
1711709894523 0.8643946051597595 29
1711709894755 0.8814898729324341 30
1711709895019 0.8552449345588684 31
1711709895253 0.8218256831169128 32
1711709895485 0.7769045829772949 33
1711709895756 0.7666253447532654 34
1711709896002 0.7611607909202576 35
1711709896272 0.7335747480392456 36
1711709896536 0.7212744951248169 37
1711709896766 0.706013560295105 38
1711709897030 0.7062282562255859 39
1711709897264 0.7515997886657715 40
1711709897497 0.6737151741981506 41
1711709897761 0.6809952855110168 42
1711709897991 0.7117080688476562 43
1711709898257 0.5978873372077942 44
1711709898489 0.6249991655349731 45
1711709898752 0.6271013021469116 46
