1711711176555 5718.80029296875 0
1711711176830 626.2427368164062 1
1711711177105 156.16738891601562 2
1711711177374 92.83139038085938 3
1711711177641 57.14909362792969 4
1711711177911 37.76634216308594 5
1711711178179 28.382144927978516 6
1711711178449 22.65721893310547 7
1711711178716 18.525707244873047 8
1711711178988 15.680421829223633 9
1711711179255 13.148219108581543 10
1711711179525 10.67795181274414 11
1711711179798 9.132880210876465 12
1711711180067 7.6188507080078125 13
1711711180354 6.744874477386475 14
1711711180632 6.05061149597168 15
1711711180907 5.619503021240234 16
1711711181188 5.283473491668701 17
1711711181456 4.885986804962158 18
1711711181749 4.778256416320801 19
1711711182016 4.499277114868164 20
1711711182287 4.191800594329834 21
1711711182555 4.066154479980469 22
1711711182823 3.8946683406829834 23
1711711183061 3.852534532546997 24
1711711183330 3.9061272144317627 25
1711711183563 3.472466230392456 26
1711711183832 3.4740772247314453 27
1711711184103 3.4023289680480957 28
1711711184422 3.220278024673462 29
1711711184687 3.1577627658843994 30
1711711184925 2.9399232864379883 31
1711711185193 2.893415927886963 32
1711711185427 2.973487615585327 33
1711711185693 2.6458756923675537 34
1711711185936 2.7842164039611816 35
1711711186171 2.6810641288757324 36
