1711711176555 57.74563217163086 0
1711711176830 18.985061645507812 1
1711711177105 8.807872772216797 2
1711711177374 6.522001266479492 3
1711711177641 5.034003257751465 4
1711711177911 4.155753135681152 5
1711711178179 3.7320828437805176 6
1711711178449 3.399949789047241 7
1711711178716 3.115309000015259 8
1711711178988 2.881516218185425 9
1711711179255 2.6325762271881104 10
1711711179525 2.37860107421875 11
1711711179798 2.209449052810669 12
1711711180067 2.006312608718872 13
1711711180354 1.9000434875488281 14
1711711180632 1.802911639213562 15
1711711180907 1.7479331493377686 16
1711711181188 1.7049154043197632 17
1711711181456 1.639207363128662 18
1711711181749 1.634435772895813 19
1711711182016 1.584405779838562 20
1711711182287 1.530737042427063 21
1711711182555 1.50946843624115 22
1711711182823 1.483743667602539 23
1711711183061 1.4722909927368164 24
1711711183330 1.4907028675079346 25
1711711183563 1.396260380744934 26
1711711183832 1.3933151960372925 27
1711711184103 1.3844752311706543 28
1711711184422 1.3505240678787231 29
1711711184687 1.342097520828247 30
1711711184925 1.2845823764801025 31
1711711185193 1.276504635810852 32
1711711185427 1.3063302040100098 33
1711711185693 1.2223029136657715 34
1711711185936 1.2619062662124634 35
1711711186171 1.235558271408081 36
