1711959221865 5785.900390625 0
1711959222136 783.1975708007812 1
1711959222405 144.21498107910156 2
1711959222670 80.48418426513672 3
1711959222940 46.44413375854492 4
1711959223207 31.08264923095703 5
1711959223472 23.755033493041992 6
1711959223777 18.67864418029785 7
1711959224046 15.448094367980957 8
1711959224351 12.731453895568848 9
1711959224621 10.427138328552246 10
1711959224885 8.986077308654785 11
1711959225158 7.949337482452393 12
1711959225423 7.107666015625 13
1711959225698 6.238149642944336 14
1711959225964 5.588028430938721 15
1711959226228 5.193813323974609 16
1711959226498 4.820493221282959 17
1711959226762 4.5660552978515625 18
1711959227025 4.304920196533203 19
1711959227258 4.223794937133789 20
1711959227520 3.97902512550354 21
1711959227753 3.8227930068969727 22
1711959228027 3.665558338165283 23
1711959228292 3.5604422092437744 24
1711959228558 3.5652835369110107 25
1711959228985 3.453216075897217 26
1711959229355 3.2553348541259766 27
1711959229649 3.285917043685913 28
1711959229949 3.196500539779663 29
1711959230213 3.142918825149536 30
1711959230522 3.0402257442474365 31
