1711959221865 58.39900207519531 0
1711959222136 21.694448471069336 1
1711959222405 8.146989822387695 2
1711959222670 5.729391098022461 3
1711959222940 4.278550148010254 4
1711959223207 3.7195498943328857 5
1711959223472 3.364994525909424 6
1711959223777 3.011239767074585 7
1711959224046 2.761101722717285 8
1711959224351 2.517768621444702 9
1711959224621 2.2632293701171875 10
1711959224885 2.117947816848755 11
1711959225158 2.015169382095337 12
1711959225423 1.9174525737762451 13
1711959225698 1.7994232177734375 14
1711959225964 1.7184840440750122 15
1711959226228 1.64992356300354 16
1711959226498 1.6015337705612183 17
1711959226762 1.5664551258087158 18
1711959227025 1.516672968864441 19
1711959227258 1.5117785930633545 20
1711959227520 1.4688020944595337 21
1711959227753 1.4376775026321411 22
1711959228027 1.4096176624298096 23
1711959228292 1.392828106880188 24
1711959228558 1.3958995342254639 25
1711959228985 1.3738664388656616 26
1711959229355 1.329818606376648 27
1711959229649 1.3451882600784302 28
1711959229949 1.3199564218521118 29
1711959230213 1.3136522769927979 30
1711959230522 1.2875611782073975 31
