1711958948682 5809.12353515625 0
1711958948953 810.8226318359375 1
1711958949218 136.61927795410156 2
1711958949482 71.88400268554688 3
1711958949745 39.44206237792969 4
1711958950012 24.399181365966797 5
1711958950273 17.750404357910156 6
1711958950536 14.114577293395996 7
1711958950797 11.349640846252441 8
1711958951063 9.603034019470215 9
1711958951325 8.398859977722168 10
1711958951588 7.208612442016602 11
1711958951851 6.591595649719238 12
1711958952112 5.877940654754639 13
1711958952426 5.305377960205078 14
1711958952694 4.905383586883545 15
1711958952924 4.597729682922363 16
1711958953185 4.168614387512207 17
1711958953449 3.7969706058502197 18
1711958953676 3.559427499771118 19
1711958953959 3.344691038131714 20
1711958954186 3.204453706741333 21
1711958954448 2.8610429763793945 22
1711958954710 2.8124988079071045 23
1711958954972 2.481275796890259 24
1711958955234 2.345470666885376 25
1711958955460 2.2714216709136963 26
1711958955721 2.061213970184326 27
