1711958948682 58.54376983642578 0
1711958948953 22.044252395629883 1
1711958949218 8.389216423034668 2
1711958949482 5.77316427230835 3
1711958949745 4.113717555999756 4
1711958950012 3.282701253890991 5
1711958950273 2.865649938583374 6
1711958950536 2.6201107501983643 7
1711958950797 2.372844696044922 8
1711958951063 2.206056833267212 9
1711958951325 2.0865402221679688 10
1711958951588 1.948117733001709 11
1711958951851 1.8754528760910034 12
1711958952112 1.7820794582366943 13
1711958952426 1.7013592720031738 14
1711958952694 1.6364179849624634 15
1711958952924 1.5853509902954102 16
1711958953185 1.515324592590332 17
1711958953449 1.4505574703216553 18
1711958953676 1.4078866243362427 19
1711958953959 1.3644565343856812 20
1711958954186 1.3443065881729126 21
1711958954448 1.2661008834838867 22
1711958954710 1.2600831985473633 23
1711958954972 1.1790289878845215 24
1711958955234 1.1522459983825684 25
1711958955460 1.1372911930084229 26
1711958955721 1.0846511125564575 27
