1711714573183 6433.98876953125 0
1711714573457 985.9366455078125 1
1711714573738 152.61724853515625 2
1711714574006 90.84536743164062 3
1711714574278 61.762149810791016 4
1711714574547 44.18746566772461 5
1711714574818 32.2872314453125 6
1711714575088 23.927616119384766 7
1711714575364 18.622163772583008 8
1711714575634 13.90319538116455 9
1711714575904 10.519716262817383 10
1711714576179 8.447933197021484 11
1711714576476 7.086002826690674 12
1711714576747 6.048546314239502 13
1711714577017 5.190255641937256 14
1711714577288 4.815544605255127 15
1711714577557 4.217985153198242 16
1711714577828 4.022251129150391 17
1711714578097 3.5809435844421387 18
1711714578371 3.3585784435272217 19
1711714578612 3.3202812671661377 20
1711714578879 2.997170925140381 21
1711714579153 2.8797366619110107 22
1711714579385 2.8166565895080566 23
1711714579656 2.4702000617980957 24
1711714579926 2.5200703144073486 25
1711714580170 2.283560276031494 26
1711714580437 2.1750593185424805 27
1711714580706 2.00471830368042 28
1711714580976 1.7906906604766846 29
1711714581245 1.8212908506393433 30
1711714581514 1.5144377946853638 31
1711714581783 1.467747688293457 32
1711714582055 1.4424996376037598 33
1711714582287 1.1907596588134766 34
1711714582555 1.1735371351242065 35
1711714582825 1.186528205871582 36
1711714583095 1.0958092212677002 37
1711714583331 0.9853282570838928 38
1711714583599 0.9421091675758362 39
1711714583934 0.8590230345726013 40
1711714584212 0.8369055390357971 41
1711714584500 0.8108848929405212 42
1711714584769 0.7328243255615234 43
1711714585007 0.6952595710754395 44
1711714585291 0.6780162453651428 45
