1711714573183 62.004791259765625 0
1711714573457 25.001848220825195 1
1711714573738 8.6602201461792 2
1711714574006 6.3663811683654785 3
1711714574278 5.227693557739258 4
1711714574547 4.481743335723877 5
1711714574818 3.9164669513702393 6
1711714575088 3.4150521755218506 7
1711714575364 3.0341055393218994 8
1711714575634 2.5907506942749023 9
1711714575904 2.2234842777252197 10
1711714576179 2.000356674194336 11
1711714576476 1.8611478805541992 12
1711714576747 1.7347596883773804 13
1711714577017 1.6228394508361816 14
1711714577288 1.5798957347869873 15
1711714577557 1.4792029857635498 16
1711714577828 1.465270757675171 17
1711714578097 1.3848416805267334 18
1711714578371 1.344071865081787 19
1711714578612 1.3545308113098145 20
1711714578879 1.2822480201721191 21
1711714579153 1.2610472440719604 22
1711714579385 1.2512037754058838 23
1711714579656 1.1654289960861206 24
1711714579926 1.1885443925857544 25
1711714580170 1.124959111213684 26
1711714580437 1.099800944328308 27
1711714580706 1.0498461723327637 28
1711714580976 0.9937454462051392 29
1711714581245 1.008739709854126 30
1711714581514 0.9027977585792542 31
1711714581783 0.9024693965911865 32
1711714582055 0.8976741433143616 33
1711714582287 0.8105722069740295 34
1711714582555 0.8145413994789124 35
1711714582825 0.8152939081192017 36
1711714583095 0.7885758876800537 37
1711714583331 0.7482424974441528 38
1711714583599 0.7301502823829651 39
1711714583934 0.693378746509552 40
1711714584212 0.691942036151886 41
1711714584500 0.6808254718780518 42
1711714584769 0.6435592174530029 43
1711714585007 0.631413996219635 44
1711714585291 0.6253808736801147 45
