1711714179840 6101.4248046875 0
1711714180126 723.8637084960938 1
1711714180405 148.1852569580078 2
1711714180676 82.4283447265625 3
1711714180952 48.00003433227539 4
1711714181224 32.15198516845703 5
1711714181493 24.419145584106445 6
1711714181758 20.298694610595703 7
1711714182026 15.581936836242676 8
1711714182297 11.91369915008545 9
1711714182567 8.801959991455078 10
1711714182838 6.813528060913086 11
1711714183108 5.697052478790283 12
1711714183379 4.839269638061523 13
1711714183614 4.452389240264893 14
1711714183886 4.087040424346924 15
1711714184156 3.865853786468506 16
1711714184391 3.721794366836548 17
1711714184660 3.3210790157318115 18
1711714184945 3.252866744995117 19
1711714185180 3.096989631652832 20
1711714185438 2.8255252838134766 21
1711714185731 2.6732213497161865 22
1711714185966 2.434591293334961 23
1711714186233 2.2756857872009277 24
1711714186469 2.1564254760742188 25
1711714186783 2.008690357208252 26
1711714187052 1.9112526178359985 27
1711714187285 1.8414949178695679 28
1711714187553 1.7084721326828003 29
1711714187788 1.64713716506958 30
1711714188056 1.5542267560958862 31
1711714188323 1.5188467502593994 32
1711714188559 1.3228487968444824 33
1711714188827 1.2922403812408447 34
1711714189100 1.3459877967834473 35
1711714189330 1.2438186407089233 36
1711714189599 1.1366268396377563 37
1711714189840 1.1981942653656006 38
1711714190108 1.108574390411377 39
