1711714179840 59.86134719848633 0
1711714180126 20.512910842895508 1
1711714180405 8.429281234741211 2
1711714180676 5.849770545959473 3
1711714180952 4.509237766265869 4
1711714181224 3.8571996688842773 5
1711714181493 3.4512431621551514 6
1711714181758 3.210355520248413 7
1711714182026 2.7986514568328857 8
1711714182297 2.444843292236328 9
1711714182567 2.103121042251587 10
1711714182838 1.8798093795776367 11
1711714183108 1.7334173917770386 12
1711714183379 1.6037650108337402 13
1711714183614 1.559937834739685 14
1711714183886 1.4956940412521362 15
1711714184156 1.4697074890136719 16
1711714184391 1.449068546295166 17
1711714184660 1.3618175983428955 18
1711714184945 1.3557878732681274 19
1711714185180 1.3298395872116089 20
1711714185438 1.2703988552093506 21
1711714185731 1.235874891281128 22
1711714185966 1.1759345531463623 23
1711714186233 1.1377475261688232 24
1711714186469 1.1124286651611328 25
1711714186783 1.0709593296051025 26
1711714187052 1.045539140701294 27
1711714187285 1.0291352272033691 28
1711714187553 0.9894262552261353 29
1711714187788 0.977218508720398 30
1711714188056 0.9444126486778259 31
1711714188323 0.9426293969154358 32
1711714188559 0.8760383129119873 33
1711714188827 0.8651912212371826 34
1711714189100 0.8880782127380371 35
1711714189330 0.8555945754051208 36
1711714189599 0.8108230829238892 37
1711714189840 0.8401768207550049 38
1711714190108 0.8006666302680969 39
