1711707932526 6367.86376953125 0
1711707932797 808.4795532226562 1
1711707933066 141.61093139648438 2
1711707933336 71.44493865966797 3
1711707933601 38.47203826904297 4
1711707933870 23.8504581451416 5
1711707934133 17.52423095703125 6
1711707934446 13.977458000183105 7
1711707934712 11.99892807006836 8
1711707934977 9.755572319030762 9
1711707935243 8.328049659729004 10
1711707935509 7.281486988067627 11
1711707935773 6.490025043487549 12
1711707936038 6.127734184265137 13
1711707936270 5.56449031829834 14
1711707936532 5.131817817687988 15
1711707936801 4.937160491943359 16
1711707937065 4.588664531707764 17
1711707937293 4.420860767364502 18
1711707937558 4.263301372528076 19
1711707937826 4.021777629852295 20
1711707938090 3.905884265899658 21
1711707938359 3.6754679679870605 22
1711707938623 3.4947762489318848 23
1711707938856 3.711228370666504 24
1711707939122 3.55275559425354 25
1711707939386 3.274935007095337 26
1711707939649 3.1263480186462402 27
1711707939879 3.124769449234009 28
1711707940142 3.2013747692108154 29
