1711707932526 61.3227653503418 0
1711707932797 21.982336044311523 1
1711707933066 8.315742492675781 2
1711707933336 5.536114692687988 3
1711707933601 3.971693992614746 4
1711707933870 3.224360704421997 5
1711707934133 2.8428502082824707 6
1711707934446 2.5802531242370605 7
1711707934712 2.4416723251342773 8
1711707934977 2.1918716430664062 9
1711707935243 2.041403293609619 10
1711707935509 1.9238152503967285 11
1711707935773 1.8368949890136719 12
1711707936038 1.8131515979766846 13
1711707936270 1.736444354057312 14
1711707936532 1.6759557723999023 15
1711707936801 1.6511356830596924 16
1711707937065 1.5894709825515747 17
1711707937293 1.570711374282837 18
1711707937558 1.5381639003753662 19
1711707937826 1.503318190574646 20
1711707938090 1.4839181900024414 21
1711707938359 1.436624526977539 22
1711707938623 1.410561203956604 23
1711707938856 1.4463117122650146 24
1711707939122 1.418573260307312 25
1711707939386 1.360255479812622 26
1711707939649 1.330578088760376 27
1711707939879 1.3301377296447754 28
1711707940142 1.352156639099121 29
