1711712187468 5575.5693359375 0
1711712187744 572.484375 1
1711712188020 142.68304443359375 2
1711712188291 81.45124816894531 3
1711712188564 49.2646369934082 4
1711712188834 33.10432052612305 5
1711712189106 24.85856819152832 6
1711712189376 20.398887634277344 7
1711712189647 17.111825942993164 8
1711712189916 14.245603561401367 9
1711712190185 12.47974967956543 10
1711712190455 10.831073760986328 11
1711712190725 9.64953327178955 12
1711712190995 8.435673713684082 13
1711712191266 7.897071838378906 14
1711712191536 7.332972049713135 15
1711712191804 6.935642242431641 16
1711712192074 6.487397193908691 17
1711712192312 6.030518054962158 18
1711712192588 5.769019603729248 19
1711712192821 5.745246410369873 20
1711712193092 5.1572136878967285 21
1711712193361 5.006900310516357 22
1711712193597 4.8494873046875 23
1711712193862 4.825500965118408 24
1711712194185 4.652414321899414 25
1711712194421 4.170736312866211 26
1711712194694 4.114240646362305 27
1711712194927 3.9364237785339355 28
1711712195197 3.6238644123077393 29
1711712195463 3.7811238765716553 30
1711712195732 3.297463893890381 31
1711712195973 3.195578098297119 32
1711712196238 3.413140058517456 33
1711712196476 3.1189000606536865 34
1711712196742 2.9860284328460693 35
1711712196976 2.783485174179077 36
1711712197244 2.844109058380127 37
1711712197484 2.7019453048706055 38
1711712197754 2.324877977371216 39
1711712197994 2.4569265842437744 40
1711712198263 2.217359781265259 41
1711712198532 2.0383167266845703 42
1711712198764 2.046621322631836 43
1711712199001 1.9866890907287598 44
1711712199267 1.7980055809020996 45
1711712199536 1.707689642906189 46
1711712199776 1.6147388219833374 47
1711712200042 1.536604881286621 48
1711712200310 1.3916484117507935 49
