1711712187468 56.914817810058594 0
1711712187744 17.857749938964844 1
1711712188020 8.106642723083496 2
1711712188291 5.743395805358887 3
1711712188564 4.429403781890869 4
1711712188834 3.7598371505737305 5
1711712189106 3.373044729232788 6
1711712189376 3.1367099285125732 7
1711712189647 2.9014337062835693 8
1711712189916 2.668879985809326 9
1711712190185 2.544501781463623 10
1711712190455 2.3693716526031494 11
1711712190725 2.2336783409118652 12
1711712190995 2.080929756164551 13
1711712191266 2.032034397125244 14
1711712191536 1.9635030031204224 15
1711712191804 1.9164031744003296 16
1711712192074 1.8559789657592773 17
1711712192312 1.7860196828842163 18
1711712192588 1.7469195127487183 19
1711712192821 1.7576184272766113 20
1711712193092 1.639103889465332 21
1711712193361 1.6189204454421997 22
1711712193597 1.5928833484649658 23
1711712193862 1.5874285697937012 24
1711712194185 1.5530451536178589 25
1711712194421 1.4713044166564941 26
1711712194694 1.4626384973526 27
1711712194927 1.4358962774276733 28
1711712195197 1.3568278551101685 29
1711712195463 1.402044653892517 30
1711712195732 1.28331458568573 31
1711712195973 1.2721257209777832 32
1711712196238 1.3323153257369995 33
1711712196476 1.2689179182052612 34
1711712196742 1.2305768728256226 35
1711712196976 1.1955127716064453 36
1711712197244 1.2192860841751099 37
1711712197484 1.1773980855941772 38
1711712197754 1.0827414989471436 39
1711712197994 1.1267350912094116 40
1711712198263 1.0638632774353027 41
1711712198532 1.0198041200637817 42
1711712198764 1.0282224416732788 43
1711712199001 1.0265547037124634 44
1711712199267 0.9663017988204956 45
1711712199536 0.9438167214393616 46
1711712199776 0.922471821308136 47
1711712200042 0.9016482830047607 48
1711712200310 0.8541837334632874 49
