1711711571936 5715.59716796875 0
1711711572212 655.832275390625 1
1711711572490 133.88223266601562 2
1711711572763 68.40241241455078 3
1711711573030 33.621681213378906 4
1711711573299 21.9423885345459 5
1711711573574 15.979545593261719 6
1711711573886 12.322171211242676 7
1711711574160 10.091612815856934 8
1711711574429 8.425788879394531 9
1711711574700 7.467718124389648 10
1711711574966 6.438016414642334 11
1711711575234 5.976267337799072 12
1711711575504 5.4763689041137695 13
1711711575777 5.029266357421875 14
1711711576046 4.9849348068237305 15
1711711576316 4.526543140411377 16
1711711576586 4.253133296966553 17
1711711576819 4.23417854309082 18
1711711577084 3.9052352905273438 19
1711711577325 3.8460958003997803 20
1711711577595 3.884951114654541 21
1711711577859 3.5555851459503174 22
1711711578096 3.4567489624023438 23
1711711578326 3.3722898960113525 24
