1711711571936 57.50868606567383 0
1711711572212 19.39925193786621 1
1711711572490 7.931539535522461 2
1711711572763 5.324491500854492 3
1711711573030 3.7363805770874023 4
1711711573299 3.217803955078125 5
1711711573574 2.825075626373291 6
1711711573886 2.508746862411499 7
1711711574160 2.2832539081573486 8
1711711574429 2.101794481277466 9
1711711574700 1.9872565269470215 10
1711711574966 1.854719877243042 11
1711711575234 1.8027746677398682 12
1711711575504 1.7363851070404053 13
1711711575777 1.6597421169281006 14
1711711576046 1.6670355796813965 15
1711711576316 1.5817493200302124 16
1711711576586 1.5332129001617432 17
1711711576819 1.5355191230773926 18
1711711577084 1.4671000242233276 19
1711711577325 1.4608159065246582 20
1711711577595 1.4638936519622803 21
1711711577859 1.404075026512146 22
1711711578096 1.384827733039856 23
1711711578326 1.3611149787902832 24
