1711708752489 6428.75244140625 0
1711708752766 925.716552734375 1
1711708753035 142.1679229736328 2
1711708753301 76.86508178710938 3
1711708753569 44.20730209350586 4
1711708753836 27.93053436279297 5
1711708754102 20.307294845581055 6
1711708754372 15.517332077026367 7
1711708754636 12.163043975830078 8
1711708754908 9.492164611816406 9
1711708755174 7.90048360824585 10
1711708755440 6.265773296356201 11
1711708755702 5.118958473205566 12
1711708756033 4.174782752990723 13
1711708756348 3.6114819049835205 14
1711708756616 3.138847589492798 15
1711708756901 2.8690896034240723 16
1711708757167 2.5918774604797363 17
1711708757432 2.446617841720581 18
1711708757706 2.201970100402832 19
1711708757974 2.057208776473999 20
1711708758237 1.8995487689971924 21
1711708758468 1.8722416162490845 22
1711708758730 1.800411581993103 23
1711708758996 1.6235300302505493 24
1711708759269 1.529031753540039 25
1711708759519 1.5038775205612183 26
1711708759785 1.4098352193832397 27
1711708760015 1.4637606143951416 28
1711708760280 1.2737103700637817 29
1711708760542 1.2264155149459839 30
1711708760809 1.1618666648864746 31
1711708761080 1.144901156425476 32
1711708761342 1.1207541227340698 33
1711708761610 0.9623547196388245 34
1711708761842 1.1442782878875732 35
1711708762103 0.9380093216896057 36
1711708762371 1.0169651508331299 37
1711708762600 0.9732376933097839 38
1711708762865 0.891262412071228 39
