1711708752489 61.77307891845703 0
1711708752766 24.321014404296875 1
1711708753035 8.084425926208496 2
1711708753301 5.632261276245117 3
1711708753569 4.282187461853027 4
1711708753836 3.5625035762786865 5
1711708754102 3.129953145980835 6
1711708754372 2.7849743366241455 7
1711708754636 2.478363275527954 8
1711708754908 2.1806564331054688 9
1711708755174 2.0213990211486816 10
1711708755440 1.8012046813964844 11
1711708755702 1.6440242528915405 12
1711708756033 1.490748643875122 13
1711708756348 1.405198574066162 14
1711708756616 1.3158341646194458 15
1711708756901 1.2617003917694092 16
1711708757167 1.2059690952301025 17
1711708757432 1.1736513376235962 18
1711708757706 1.1159287691116333 19
1711708757974 1.084751009941101 20
1711708758237 1.0380626916885376 21
1711708758468 1.0348588228225708 22
1711708758730 1.0158288478851318 23
1711708758996 0.9632461667060852 24
1711708759269 0.9426305294036865 25
1711708759519 0.9312872290611267 26
1711708759785 0.9004077911376953 27
1711708760015 0.918059766292572 28
1711708760280 0.8560645580291748 29
1711708760542 0.8427931666374207 30
1711708760809 0.8161371350288391 31
1711708761080 0.810265064239502 32
1711708761342 0.803988516330719 33
1711708761610 0.7428209781646729 34
1711708761842 0.810390293598175 35
1711708762103 0.736536979675293 36
1711708762371 0.7648263573646545 37
1711708762600 0.7478362321853638 38
1711708762865 0.7138899564743042 39
