1711713739557 5996.18994140625 0
1711713739831 651.9349365234375 1
1711713740103 105.40312957763672 2
1711713740377 52.49492645263672 3
1711713740646 29.459468841552734 4
1711713740915 20.971508026123047 5
1711713741184 16.174779891967773 6
1711713741454 13.377615928649902 7
1711713741727 10.829347610473633 8
1711713741992 9.116650581359863 9
1711713742262 8.048245429992676 10
1711713742531 7.270758628845215 11
1711713742802 6.620508670806885 12
1711713743075 6.148190498352051 13
1711713743343 5.853317737579346 14
1711713743580 5.473934650421143 15
1711713743847 5.256873607635498 16
1711713744116 4.913590431213379 17
1711713744351 4.906398296356201 18
1711713744587 4.566282749176025 19
1711713744856 4.442390441894531 20
1711713745086 4.240797996520996 21
1711713745354 4.164978504180908 22
1711713745590 4.013599395751953 23
1711713745859 4.031256198883057 24
1711713746128 3.659782648086548 25
1711713746453 3.5311169624328613 26
1711713746685 3.3746495246887207 27
1711713746918 3.462134599685669 28
1711713747187 3.1926536560058594 29
1711713747420 3.122471809387207 30
1711713747657 3.103147268295288 31
1711713747924 2.869843006134033 32
1711713748165 2.733708620071411 33
1711713748433 2.5638492107391357 34
1711713748702 2.4231903553009033 35
1711713748969 2.407872438430786 36
1711713749208 2.4245078563690186 37
1711713749439 2.204975128173828 38
