1711713739557 59.496192932128906 0
1711713739831 19.029390335083008 1
1711713740103 7.025662422180176 2
1711713740377 4.766456604003906 3
1711713740646 3.5874898433685303 4
1711713740915 3.183858633041382 5
1711713741184 2.8674182891845703 6
1711713741454 2.625741481781006 7
1711713741727 2.37923002243042 8
1711713741992 2.196617364883423 9
1711713742262 2.0807406902313232 10
1711713742531 1.9946577548980713 11
1711713742802 1.9087846279144287 12
1711713743075 1.8438175916671753 13
1711713743343 1.8143808841705322 14
1711713743580 1.7576297521591187 15
1711713743847 1.7327178716659546 16
1711713744116 1.6795352697372437 17
1711713744351 1.6779894828796387 18
1711713744587 1.6196320056915283 19
1711713744856 1.5965360403060913 20
1711713745086 1.56426203250885 21
1711713745354 1.5525013208389282 22
1711713745590 1.5235373973846436 23
1711713745859 1.5270893573760986 24
1711713746128 1.4558677673339844 25
1711713746453 1.4317139387130737 26
1711713746685 1.3937962055206299 27
1711713746918 1.4238708019256592 28
1711713747187 1.3660259246826172 29
1711713747420 1.346593976020813 30
1711713747657 1.349152684211731 31
1711713747924 1.2965786457061768 32
1711713748165 1.26020085811615 33
1711713748433 1.221235990524292 34
1711713748702 1.1874805688858032 35
1711713748969 1.185829520225525 36
1711713749208 1.1901895999908447 37
1711713749439 1.1403909921646118 38
