1711957945301 5722.005859375 0
1711957945609 856.6417236328125 1
1711957945896 161.60166931152344 2
1711957946177 97.23033142089844 3
1711957946555 62.279693603515625 4
1711957946909 41.5924186706543 5
1711957947180 30.997844696044922 6
1711957947504 24.583934783935547 7
1711957947770 18.969274520874023 8
1711957948077 13.835559844970703 9
1711957948349 10.833816528320312 10
1711957948620 8.673527717590332 11
1711957948888 7.333220958709717 12
1711957949155 6.31651496887207 13
1711957949423 5.717816352844238 14
1711957949691 5.2032904624938965 15
1711957949959 4.8863654136657715 16
1711957950196 4.501652240753174 17
1711957950465 4.30839204788208 18
1711957950700 4.035583972930908 19
1711957950968 3.7312731742858887 20
1711957951235 3.6352462768554688 21
1711957951531 3.313084363937378 22
1711957951806 3.1761982440948486 23
1711957952074 3.1475961208343506 24
1711957952346 2.9853804111480713 25
1711957952614 2.716564655303955 26
1711957952857 2.869870662689209 27
1711957953124 2.7066287994384766 28
1711957953361 2.6708450317382812 29
1711957953628 2.4198691844940186 30
1711957953899 2.346575975418091 31
1711957954132 2.14978289604187 32
1711957954402 2.193697690963745 33
1711957954638 2.149813652038574 34
1711957954906 1.958248257637024 35
