1711957945301 57.93233108520508 0
1711957945609 23.337120056152344 1
1711957945896 8.653189659118652 2
1711957946177 6.378624439239502 3
1711957946555 5.018862247467041 4
1711957946909 4.154186248779297 5
1711957947180 3.6771886348724365 6
1711957947504 3.3496217727661133 7
1711957947770 2.9355573654174805 8
1711957948077 2.4831435680389404 9
1711957948349 2.2359883785247803 10
1711957948620 2.0445687770843506 11
1711957948888 1.909973382949829 12
1711957949155 1.7908272743225098 13
1711957949423 1.721868872642517 14
1711957949691 1.6507575511932373 15
1711957949959 1.614045262336731 16
1711957950196 1.558584451675415 17
1711957950465 1.526545763015747 18
1711957950700 1.4858598709106445 19
1711957950968 1.42928147315979 20
1711957951235 1.4177838563919067 21
1711957951531 1.3445625305175781 22
1711957951806 1.3226783275604248 23
1711957952074 1.3313095569610596 24
1711957952346 1.2948697805404663 25
1711957952614 1.2264642715454102 26
1711957952857 1.2721067667007446 27
1711957953124 1.2359213829040527 28
1711957953361 1.2323675155639648 29
1711957953628 1.171467661857605 30
1711957953899 1.1554478406906128 31
1711957954132 1.1041617393493652 32
1711957954402 1.1167091131210327 33
1711957954638 1.107741117477417 34
1711957954906 1.0557221174240112 35
