1711711453594 58.73817825317383 0
1711711453866 22.802019119262695 1
1711711454141 8.108707427978516 2
1711711454411 6.144155025482178 3
1711711454676 4.9535393714904785 4
1711711454947 4.144975185394287 5
1711711455218 3.615954637527466 6
1711711455486 3.154890298843384 7
1711711455753 2.7979788780212402 8
1711711456019 2.4988064765930176 9
1711711456289 2.2784790992736816 10
1711711456555 2.0428457260131836 11
1711711456823 1.8512043952941895 12
1711711457091 1.7091599702835083 13
1711711457360 1.60684335231781 14
1711711457629 1.5012742280960083 15
1711711457864 1.4658761024475098 16
1711711458132 1.3856219053268433 17
1711711458365 1.30585515499115 18
1711711458630 1.2938413619995117 19
1711711458894 1.2723956108093262 20
1711711459203 1.2251012325286865 21
1711711459438 1.241432785987854 22
1711711459708 1.1456730365753174 23
1711711459975 1.098689317703247 24
1711711460209 1.1089814901351929 25
1711711460437 1.090615153312683 26
1711711460703 1.0914740562438965 27
1711711460970 1.0276743173599243 28
1711711461236 0.9852706789970398 29
1711711461470 0.9995890259742737 30
1711711461737 0.9855860471725464 31
1711711461972 0.9594022631645203 32
1711711462238 0.963984489440918 33
1711711462474 0.8932933807373047 34
1711711462706 0.8743192553520203 35
