1711711453594 5846.392578125 0
1711711453866 837.7924194335938 1
1711711454141 142.3366241455078 2
1711711454411 86.01847839355469 3
1711711454676 56.07418441772461 4
1711711454947 38.394039154052734 5
1711711455218 27.93145751953125 6
1711711455486 20.60894203186035 7
1711711455753 15.840585708618164 8
1711711456019 12.694632530212402 9
1711711456289 10.369109153747559 10
1711711456555 8.299894332885742 11
1711711456823 6.856313705444336 12
1711711457091 5.767792701721191 13
1711711457360 5.003767013549805 14
1711711457629 4.309454917907715 15
1711711457864 4.047070503234863 16
1711711458132 3.577974796295166 17
1711711458365 3.167985200881958 18
1711711458630 3.021277666091919 19
1711711458894 2.9112236499786377 20
1711711459203 2.6945302486419678 21
1711711459438 2.700214385986328 22
1711711459708 2.3173251152038574 23
1711711459975 2.1374616622924805 24
1711711460209 2.157561779022217 25
1711711460437 2.054412603378296 26
1711711460703 2.0772898197174072 27
1711711460970 1.8183902502059937 28
1711711461236 1.6877490282058716 29
1711711461470 1.7140775918960571 30
1711711461737 1.6759881973266602 31
1711711461972 1.5751798152923584 32
1711711462238 1.5755194425582886 33
1711711462474 1.3530992269515991 34
1711711462706 1.3063768148422241 35
