1711711231550 5843.68359375 0
1711711231823 956.8388671875 1
1711711232097 145.8406219482422 2
1711711232366 81.77043914794922 3
1711711232634 51.339988708496094 4
1711711232907 34.1379280090332 5
1711711233176 25.44904136657715 6
1711711233443 20.337509155273438 7
1711711233714 16.853435516357422 8
1711711233979 13.859967231750488 9
1711711234255 11.5590238571167 10
1711711234525 9.557707786560059 11
1711711234793 7.830870628356934 12
1711711235064 6.637710094451904 13
1711711235331 6.141462802886963 14
1711711235566 5.1775922775268555 15
1711711235835 4.4547224044799805 16
1711711236100 4.034088611602783 17
1711711236425 3.70086669921875 18
1711711236692 3.31308650970459 19
1711711236928 3.0468156337738037 20
1711711237200 3.008068561553955 21
1711711237465 2.7052879333496094 22
1711711237734 2.4742166996002197 23
1711711237966 2.356912851333618 24
1711711238233 2.308699607849121 25
1711711238501 1.982885718345642 26
1711711238768 1.875757098197937 27
1711711239035 1.7533540725708008 28
1711711239273 1.685579538345337 29
1711711239538 1.6483865976333618 30
1711711239809 1.4341552257537842 31
1711711240074 1.3209344148635864 32
1711711240342 1.277603268623352 33
1711711240612 1.2232542037963867 34
1711711240846 1.2230478525161743 35
1711711241110 1.0646814107894897 36
1711711241349 1.0320895910263062 37
1711711241586 1.2533739805221558 38
