1711711231550 58.59202575683594 0
1711711231823 24.67316246032715 1
1711711232097 8.373861312866211 2
1711711232366 5.971811294555664 3
1711711232634 4.6321120262146 4
1711711232907 3.8277266025543213 5
1711711233176 3.4112393856048584 6
1711711233443 3.1237215995788574 7
1711711233714 2.8879430294036865 8
1711711233979 2.6432909965515137 9
1711711234255 2.4317851066589355 10
1711711234525 2.2151479721069336 11
1711711234793 1.9976109266281128 12
1711711235064 1.851098656654358 13
1711711235331 1.8175673484802246 14
1711711235566 1.6580283641815186 15
1711711235835 1.545617938041687 16
1711711236100 1.482931137084961 17
1711711236425 1.4208824634552002 18
1711711236692 1.3531476259231567 19
1711711236928 1.2944790124893188 20
1711711237200 1.2945666313171387 21
1711711237465 1.222225546836853 22
1711711237734 1.170552372932434 23
1711711237966 1.1461539268493652 24
1711711238233 1.1400245428085327 25
1711711238501 1.0447653532028198 26
1711711238768 1.0205130577087402 27
1711711239035 0.9901396632194519 28
1711711239273 0.9722614288330078 29
1711711239538 0.9660313129425049 30
1711711239809 0.897681474685669 31
1711711240074 0.8609828948974609 32
1711711240342 0.8490047454833984 33
1711711240612 0.8332749605178833 34
1711711240846 0.8353461623191833 35
1711711241110 0.7798340916633606 36
1711711241349 0.76582932472229 37
1711711241586 0.8521034717559814 38
