1711711437487 5843.794921875 0
1711711437756 877.8306274414062 1
1711711438029 149.50363159179688 2
1711711438302 91.02775573730469 3
1711711438573 62.30549621582031 4
1711711438844 45.79972457885742 5
1711711439110 35.66038131713867 6
1711711439378 28.264150619506836 7
1711711439646 18.50836753845215 8
1711711439918 14.076645851135254 9
1711711440189 11.100375175476074 10
1711711440455 9.075139045715332 11
1711711440723 7.579990863800049 12
1711711440995 6.442091464996338 13
1711711441263 5.340315341949463 14
1711711441529 4.7298078536987305 15
1711711441798 4.354765892028809 16
1711711442066 4.226802349090576 17
1711711442309 4.013604164123535 18
1711711442578 3.7207117080688477 19
1711711442847 3.5671093463897705 20
1711711443153 3.355287790298462 21
1711711443388 3.191725254058838 22
1711711443657 3.207382917404175 23
1711711443926 2.9010186195373535 24
1711711444195 2.9967358112335205 25
1711711444479 2.665806770324707 26
1711711444747 2.6241471767425537 27
1711711445016 2.5464932918548584 28
1711711445285 2.326307535171509 29
1711711445553 2.454646348953247 30
1711711445787 2.1557457447052 31
1711711446057 2.2462525367736816 32
1711711446286 2.0091607570648193 33
1711711446523 1.954460620880127 34
