1711711437487 58.559452056884766 0
1711711437756 23.34368896484375 1
1711711438029 8.6001615524292 2
1711711438302 6.4557576179504395 3
1711711438573 5.329784870147705 4
1711711438844 4.67484712600708 5
1711711439110 4.1885151863098145 6
1711711439378 3.786806344985962 7
1711711439646 3.0744526386260986 8
1711711439918 2.729728937149048 9
1711711440189 2.4491868019104004 10
1711711440455 2.2208499908447266 11
1711711440723 2.032499313354492 12
1711711440995 1.8884692192077637 13
1711711441263 1.7160598039627075 14
1711711441529 1.621718168258667 15
1711711441798 1.5653038024902344 16
1711711442066 1.5442579984664917 17
1711711442309 1.5115529298782349 18
1711711442578 1.4523406028747559 19
1711711442847 1.4201931953430176 20
1711711443153 1.3855520486831665 21
1711711443388 1.349515676498413 22
1711711443657 1.3524545431137085 23
1711711443926 1.2838943004608154 24
1711711444195 1.307639718055725 25
1711711444479 1.2309917211532593 26
1711711444747 1.2277331352233887 27
1711711445016 1.2054271697998047 28
1711711445285 1.1495335102081299 29
1711711445553 1.1865439414978027 30
1711711445787 1.1087068319320679 31
1711711446057 1.1425514221191406 32
1711711446286 1.068480134010315 33
1711711446523 1.0584660768508911 34
