1711714409601 5790.34619140625 0
1711714409872 902.3357543945312 1
1711714410157 169.17144775390625 2
1711714410426 94.64705657958984 3
1711714410701 54.45296096801758 4
1711714410969 32.6208381652832 5
1711714411246 21.73260498046875 6
1711714411516 15.98292350769043 7
1711714411782 12.09863567352295 8
1711714412095 9.488470077514648 9
1711714412365 7.790164470672607 10
1711714412634 6.819856643676758 11
1711714412870 5.902349948883057 12
1711714413139 5.267672538757324 13
1711714413408 4.85439395904541 14
1711714413676 4.715373992919922 15
1711714413948 4.408775806427002 16
1711714414214 4.322412014007568 17
1711714414447 3.942106008529663 18
1711714414716 3.8853018283843994 19
1711714414949 3.732811689376831 20
1711714415223 3.583850145339966 21
1711714415581 3.451846122741699 22
1711714416140 3.3121116161346436 23
1711714416621 3.198753595352173 24
1711714417087 2.9846932888031006 25
1711714417383 2.9266390800476074 26
1711714417650 2.805426836013794 27
1711714417882 2.7739155292510986 28
1711714418144 2.7325000762939453 29
1711714418413 2.606334686279297 30
1711714418641 2.47135329246521 31
1711714418910 2.296280860900879 32
1711714419142 2.274576187133789 33
1711714419408 2.296647310256958 34
1711714419671 2.0049514770507812 35
1711714419934 1.9790091514587402 36
1711714420201 1.891882300376892 37
1711714420470 1.8878021240234375 38
1711714420703 1.9119162559509277 39
1711714420969 1.7163894176483154 40
1711714421234 1.6812314987182617 41
1711714421467 1.5134406089782715 42
1711714421728 1.5915203094482422 43
1711714421960 1.4552948474884033 44
1711714422225 1.3384822607040405 45
1711714422459 1.2805463075637817 46
1711714422694 1.2118359804153442 47
