1711714409601 58.397186279296875 0
1711714409872 24.346994400024414 1
1711714410157 8.872598648071289 2
1711714410426 6.465312480926514 3
1711714410701 4.795591831207275 4
1711714410969 3.802499294281006 5
1711714411246 3.2003798484802246 6
1711714411516 2.7995481491088867 7
1711714411782 2.4843227863311768 8
1711714412095 2.2093276977539062 9
1711714412365 2.0268044471740723 10
1711714412634 1.9216853380203247 11
1711714412870 1.807740330696106 12
1711714413139 1.7080665826797485 13
1711714413408 1.6545807123184204 14
1711714413676 1.6250356435775757 15
1711714413948 1.5768065452575684 16
1711714414214 1.5717562437057495 17
1711714414447 1.486970067024231 18
1711714414716 1.4877821207046509 19
1711714414949 1.459372878074646 20
1711714415223 1.4304362535476685 21
1711714415581 1.4021422863006592 22
1711714416140 1.3740369081497192 23
1711714416621 1.344611644744873 24
1711714417087 1.301439642906189 25
1711714417383 1.2862805128097534 26
1711714417650 1.2585787773132324 27
1711714417882 1.2482801675796509 28
1711714418144 1.2434483766555786 29
1711714418413 1.216954231262207 30
1711714418641 1.1842068433761597 31
1711714418910 1.137501835823059 32
1711714419142 1.1352441310882568 33
1711714419408 1.140670657157898 34
1711714419671 1.0541185140609741 35
1711714419934 1.050386667251587 36
1711714420201 1.0254157781600952 37
1711714420470 1.0363540649414062 38
1711714420703 1.0376548767089844 39
1711714420969 0.9789735674858093 40
1711714421234 0.9692606329917908 41
1711714421467 0.927027702331543 42
1711714421728 0.9553019404411316 43
1711714421960 0.9038596749305725 44
1711714422225 0.8677307367324829 45
1711714422459 0.8543013334274292 46
1711714422694 0.8256298303604126 47
