1711708810018 5634.4765625 0
1711708810311 693.9937744140625 1
1711708810574 156.5148162841797 2
1711708810846 95.72228240966797 3
1711708811120 60.00611877441406 4
1711708811384 39.037784576416016 5
1711708811651 27.8658504486084 6
1711708811918 21.895225524902344 7
1711708812181 18.366376876831055 8
1711708812451 15.945775985717773 9
1711708812713 13.623246192932129 10
1711708812980 11.935189247131348 11
1711708813243 10.844064712524414 12
1711708813474 9.22427749633789 13
1711708813745 7.7038116455078125 14
1711708814013 5.9464826583862305 15
1711708814280 4.800626754760742 16
1711708814549 4.222207546234131 17
1711708814819 3.529062032699585 18
1711708815084 3.1511034965515137 19
1711708815324 2.9173343181610107 20
1711708815587 2.8161957263946533 21
1711708815819 2.433135986328125 22
1711708816090 2.2401161193847656 23
1711708816356 2.1433775424957275 24
1711708816705 1.9651786088943481 25
1711708817004 1.8128759860992432 26
1711708817273 1.9928981065750122 27
1711708817556 1.681148648262024 28
1711708817791 1.6534885168075562 29
1711708818080 1.4334555864334106 30
1711708818348 1.2903327941894531 31
1711708818584 1.2519569396972656 32
1711708818851 1.2264471054077148 33
1711708819117 1.1549098491668701 34
1711708819386 1.077610731124878 35
1711708819652 1.058440089225769 36
1711708819890 1.0345309972763062 37
1711708820157 1.017148494720459 38
1711708820434 0.962052583694458 39
1711708820700 0.785169780254364 40
1711708820936 0.8339790105819702 41
1711708821181 0.705888032913208 42
