1711708810018 57.42510986328125 0
1711708810311 20.185462951660156 1
1711708810574 8.54687786102295 2
1711708810846 6.416354179382324 3
1711708811120 4.973058700561523 4
1711708811384 4.039298057556152 5
1711708811651 3.560706853866577 6
1711708811918 3.2811238765716553 7
1711708812181 3.05059814453125 8
1711708812451 2.8820669651031494 9
1711708812713 2.6721479892730713 10
1711708812980 2.5020813941955566 11
1711708813243 2.4170286655426025 12
1711708813474 2.23614239692688 13
1711708813745 2.040109872817993 14
1711708814013 1.7947800159454346 15
1711708814280 1.6116260290145874 16
1711708814549 1.5161164999008179 17
1711708814819 1.3891786336898804 18
1711708815084 1.3126126527786255 19
1711708815324 1.2728229761123657 20
1711708815587 1.2699347734451294 21
1711708815819 1.166563630104065 22
1711708816090 1.1195772886276245 23
1711708816356 1.0982558727264404 24
1711708816705 1.0494036674499512 25
1711708817004 1.0140645503997803 26
1711708817273 1.0692713260650635 27
1711708817556 0.977301836013794 28
1711708817791 0.9754635691642761 29
1711708818080 0.9001981616020203 30
1711708818348 0.8506935834884644 31
1711708818584 0.8383816480636597 32
1711708818851 0.8329451680183411 33
1711708819117 0.8108903169631958 34
1711708819386 0.7833518981933594 35
1711708819652 0.777110755443573 36
1711708819890 0.769027590751648 37
1711708820157 0.7651395797729492 38
1711708820434 0.7433733344078064 39
1711708820700 0.6680221557617188 40
1711708820936 0.6906909942626953 41
1711708821181 0.6339530348777771 42
