1711710027236 6257.7275390625 0
1711710027505 993.9500122070312 1
1711710027788 168.9971160888672 2
1711710028058 89.36479949951172 3
1711710028326 52.66509246826172 4
1711710028595 36.27503204345703 5
1711710028865 28.838388442993164 6
1711710029180 24.210947036743164 7
1711710029449 20.885723114013672 8
1711710029720 18.326242446899414 9
1711710029987 15.757888793945312 10
1711710030252 13.399133682250977 11
1711710030522 11.417649269104004 12
1711710030792 9.231160163879395 13
1711710031062 7.627341270446777 14
1711710031326 5.88113260269165 15
1711710031592 5.002074718475342 16
1711710031829 4.321667194366455 17
1711710032064 3.9060099124908447 18
1711710032329 3.423626184463501 19
1711710032596 3.255941152572632 20
1711710032866 2.999802350997925 21
1711710033130 2.806004047393799 22
1711710033397 2.6474034786224365 23
1711710033636 2.797136068344116 24
1711710033906 2.3280482292175293 25
1711710034173 2.4595468044281006 26
1711710034436 2.194338798522949 27
1711710034670 2.178776502609253 28
1711710034939 2.054746389389038 29
1711710035174 1.8891708850860596 30
1711710035439 1.7798789739608765 31
1711710035673 1.7718578577041626 32
1711710035939 1.7742183208465576 33
1711710036207 1.7686387300491333 34
1711710036437 1.6203210353851318 35
1711710036708 1.5227007865905762 36
1711710036940 1.5621246099472046 37
1711710037208 1.5825154781341553 38
1711710037441 1.4586983919143677 39
1711710037704 1.3539170026779175 40
