1711710027236 61.0220832824707 0
1711710027505 25.1215763092041 1
1711710027788 9.352112770080566 2
1711710028058 6.3213791847229 3
1711710028326 4.689112663269043 4
1711710028595 4.058015823364258 5
1711710028865 3.7545218467712402 6
1711710029180 3.513625144958496 7
1711710029449 3.28753924369812 8
1711710029720 3.1056673526763916 9
1711710029987 2.8962576389312744 10
1711710030252 2.671879768371582 11
1711710030522 2.468526601791382 12
1711710030792 2.2025809288024902 13
1711710031062 1.9999496936798096 14
1711710031326 1.7631038427352905 15
1711710031592 1.6378875970840454 16
1711710031829 1.527984619140625 17
1711710032064 1.4613392353057861 18
1711710032329 1.3801140785217285 19
1711710032596 1.3512376546859741 20
1711710032866 1.2916502952575684 21
1711710033130 1.259921908378601 22
1711710033397 1.2249152660369873 23
1711710033636 1.2761123180389404 24
1711710033906 1.1490731239318848 25
1711710034173 1.194138526916504 26
1711710034436 1.1217223405838013 27
1711710034670 1.1176224946975708 28
1711710034939 1.0841429233551025 29
1711710035174 1.0429047346115112 30
1711710035439 1.0135210752487183 31
1711710035673 1.006400227546692 32
1711710035939 1.0151621103286743 33
1711710036207 1.0158801078796387 34
1711710036437 0.9754844307899475 35
1711710036708 0.9380886554718018 36
1711710036940 0.9559608697891235 37
1711710037208 0.9685039520263672 38
1711710037441 0.9299031496047974 39
1711710037704 0.889880359172821 40
