1711708393587 5711.271484375 0
1711708393857 496.8460388183594 1
1711708394127 114.34097290039062 2
1711708394391 60.27763748168945 3
1711708394659 36.9973258972168 4
1711708394925 27.289466857910156 5
1711708395190 21.81862449645996 6
1711708395462 17.734466552734375 7
1711708395791 14.225862503051758 8
1711708396057 11.442816734313965 9
1711708396322 9.348411560058594 10
1711708396583 8.0201416015625 11
1711708396846 6.666168212890625 12
1711708397112 6.010277271270752 13
1711708397376 5.332204818725586 14
1711708397607 4.770111560821533 15
1711708397873 4.384434223175049 16
1711708398136 3.8736555576324463 17
1711708398397 3.6350772380828857 18
1711708398662 3.5164973735809326 19
1711708398893 3.3503236770629883 20
1711708399156 3.005174398422241 21
1711708399417 2.8644750118255615 22
1711708399684 2.6067004203796387 23
1711708399969 2.4350593090057373 24
1711708400199 2.4314305782318115 25
1711708400464 2.106797695159912 26
1711708400724 2.1116926670074463 27
1711708400991 1.918561577796936 28
1711708401221 2.1727938652038574 29
1711708401485 1.7618381977081299 30
