1711708393587 58.009185791015625 0
1711708393857 16.479907989501953 1
1711708394127 7.062837600708008 2
1711708394391 4.985161304473877 3
1711708394659 4.06548547744751 4
1711708394925 3.656444549560547 5
1711708395190 3.3423101902008057 6
1711708395462 3.0254786014556885 7
1711708395791 2.7158615589141846 8
1711708396057 2.4382829666137695 9
1711708396322 2.2056448459625244 10
1711708396583 2.0494461059570312 11
1711708396846 1.8696179389953613 12
1711708397112 1.7919440269470215 13
1711708397376 1.6841961145401 14
1711708397607 1.6038503646850586 15
1711708397873 1.5387076139450073 16
1711708398136 1.4404538869857788 17
1711708398397 1.3941316604614258 18
1711708398662 1.37969970703125 19
1711708398893 1.3582024574279785 20
1711708399156 1.2768256664276123 21
1711708399417 1.246878743171692 22
1711708399684 1.1893088817596436 23
1711708399969 1.147405743598938 24
1711708400199 1.1545385122299194 25
1711708400464 1.063955307006836 26
1711708400724 1.077992558479309 27
1711708400991 1.0261435508728027 28
1711708401221 1.1061878204345703 29
1711708401485 0.9828325510025024 30
