1711709520057 5966.9208984375 0
1711709520344 753.471923828125 1
1711709520615 133.35107421875 2
1711709520883 71.67658996582031 3
1711709521150 43.377220153808594 4
1711709521420 29.937149047851562 5
1711709521687 22.106056213378906 6
1711709521960 16.253955841064453 7
1711709522297 11.92690658569336 8
1711709522574 9.144966125488281 9
1711709522860 7.075910568237305 10
1711709523143 5.69387149810791 11
1711709523447 5.128476142883301 12
1711709523787 4.271336078643799 13
1711709524100 3.760047674179077 14
1711709524369 3.404527187347412 15
1711709524662 3.07952618598938 16
1711709524963 2.7688543796539307 17
1711709525256 2.4825820922851562 18
1711709525510 2.3615493774414062 19
1711709525784 2.1795759201049805 20
1711709526061 1.9446724653244019 21
1711709526328 1.903849720954895 22
1711709526560 1.7099283933639526 23
1711709526832 1.5858087539672852 24
1711709527124 1.4897998571395874 25
1711709527358 1.492710828781128 26
1711709527624 1.4024134874343872 27
1711709527889 1.2704836130142212 28
1711709528158 1.174138069152832 29
1711709528474 1.0657655000686646 30
1711709528719 1.0142238140106201 31
1711709528985 0.9937329292297363 32
1711709529250 0.9397931694984436 33
1711709529484 0.9547100067138672 34
1711709529749 0.91286700963974 35
1711709530017 0.8354164958000183 36
1711709530246 0.809988260269165 37
1711709530510 0.8781344890594482 38
1711709530776 0.6715207695960999 39
1711709531010 0.7570649981498718 40
1711709531243 0.7536823749542236 41
