1711709520057 59.409393310546875 0
1711709520344 21.02994728088379 1
1711709520615 7.775838375091553 2
1711709520883 5.507406234741211 3
1711709521150 4.337018013000488 4
1711709521420 3.6882121562957764 5
1711709521687 3.229153633117676 6
1711709521960 2.742274522781372 7
1711709522297 2.3456220626831055 8
1711709522574 2.081646680831909 9
1711709522860 1.8517557382583618 10
1711709523143 1.6696466207504272 11
1711709523447 1.6195679903030396 12
1711709523787 1.4874485731124878 13
1711709524100 1.4039448499679565 14
1711709524369 1.3429670333862305 15
1711709524662 1.2784392833709717 16
1711709524963 1.2213376760482788 17
1711709525256 1.1529731750488281 18
1711709525510 1.1303513050079346 19
1711709525784 1.0903462171554565 20
1711709526061 1.0283377170562744 21
1711709526328 1.0258499383926392 22
1711709526560 0.9676591753959656 23
1711709526832 0.9331748485565186 24
1711709527124 0.9088708758354187 25
1711709527358 0.9118955731391907 26
1711709527624 0.8911842107772827 27
1711709527889 0.8478699326515198 28
1711709528158 0.8135005235671997 29
1711709528474 0.7765060663223267 30
1711709528719 0.7603171467781067 31
1711709528985 0.7491186261177063 32
1711709529250 0.7340284585952759 33
1711709529484 0.7468217611312866 34
1711709529749 0.7278757095336914 35
1711709530017 0.6890114545822144 36
1711709530246 0.687391996383667 37
1711709530510 0.7111367583274841 38
1711709530776 0.6217421889305115 39
1711709531010 0.6657926440238953 40
1711709531243 0.665401041507721 41
