1711959051570 5758.61083984375 0
1711959051849 606.2401733398438 1
1711959052147 126.54386901855469 2
1711959052766 68.54756164550781 3
1711959053088 41.8822021484375 4
1711959053359 29.136791229248047 5
1711959053639 22.580516815185547 6
1711959053924 17.067106246948242 7
1711959054240 13.501924514770508 8
1711959054538 11.249591827392578 9
1711959054814 8.779637336730957 10
1711959055086 7.152360916137695 11
1711959055355 6.192717552185059 12
1711959055639 5.246391773223877 13
1711959055907 4.788907527923584 14
1711959056174 4.377952575683594 15
1711959056430 3.969970226287842 16
1711959056711 3.703139305114746 17
1711959056965 3.476663827896118 18
1711959057232 3.195518970489502 19
1711959057498 3.128359079360962 20
1711959057745 2.8591697216033936 21
1711959058100 2.7173233032226562 22
1711959058536 2.4599955081939697 23
1711959058944 2.355389356613159 24
1711959059304 2.3418684005737305 25
1711959059619 1.9896447658538818 26
1711959059887 1.921440839767456 27
1711959060155 1.8654561042785645 28
1711959060427 1.8548767566680908 29
1711959060693 1.5729304552078247 30
1711959060924 1.4656169414520264 31
1711959061192 1.4387909173965454 32
1711959061458 1.4699759483337402 33
1711959061791 1.3731907606124878 34
1711959062127 1.4248806238174438 35
1711959062426 1.099678635597229 36
1711959062707 1.0437384843826294 37
1711959062971 0.951717734336853 38
1711959063282 1.0532341003417969 39
1711959063562 0.8469961285591125 40
1711959063928 0.9764639139175415 41
1711959064282 0.8373897075653076 42
