1711959051570 57.983482360839844 0
1711959051849 18.599773406982422 1
1711959052147 7.642221450805664 2
1711959052766 5.355472564697266 3
1711959053088 4.277829647064209 4
1711959053359 3.7226722240448 5
1711959053639 3.3539881706237793 6
1711959053924 2.9175214767456055 7
1711959054240 2.604355812072754 8
1711959054538 2.406303644180298 9
1711959054814 2.111255407333374 10
1711959055086 1.9296760559082031 11
1711959055355 1.8111273050308228 12
1711959055639 1.673966884613037 13
1711959055907 1.6144651174545288 14
1711959056174 1.5573692321777344 15
1711959056430 1.4858112335205078 16
1711959056711 1.4338699579238892 17
1711959056965 1.39547860622406 18
1711959057232 1.341217041015625 19
1711959057498 1.3297635316848755 20
1711959057745 1.2748527526855469 21
1711959058100 1.2434884309768677 22
1711959058536 1.183456301689148 23
1711959058944 1.1586657762527466 24
1711959059304 1.1531599760055542 25
1711959059619 1.0638028383255005 26
1711959059887 1.04658043384552 27
1711959060155 1.0341778993606567 28
1711959060427 1.0323736667633057 29
1711959060693 0.9447738528251648 30
1711959060924 0.9165447950363159 31
1711959061192 0.9083870649337769 32
1711959061458 0.91985684633255 33
1711959061791 0.8892228007316589 34
1711959062127 0.914754331111908 35
1711959062426 0.7925410270690918 36
1711959062707 0.7718722820281982 37
1711959062971 0.7413415312767029 38
1711959063282 0.7802497744560242 39
1711959063562 0.6987086534500122 40
1711959063928 0.7544024586677551 41
1711959064282 0.6979963779449463 42
