1711959028083 59.65091323852539 0
1711959028356 20.183244705200195 1
1711959028649 8.13166332244873 2
1711959028919 6.099963188171387 3
1711959029188 4.811663627624512 4
1711959029461 3.940709114074707 5
1711959029729 3.566147565841675 6
1711959029997 3.20666241645813 7
1711959030274 2.990544319152832 8
1711959030560 2.693845510482788 9
1711959030827 2.5756990909576416 10
1711959031133 2.258741855621338 11
1711959031436 2.123016357421875 12
1711959032091 1.948187232017517 13
1711959032817 1.8094171285629272 14
1711959033169 1.7632629871368408 15
1711959033582 1.694494605064392 16
1711959033959 1.5538395643234253 17
1711959034386 1.4754019975662231 18
1711959034671 1.4247108697891235 19
1711959034995 1.3458377122879028 20
1711959035304 1.3674335479736328 21
1711959035577 1.2882424592971802 22
1711959035883 1.2316303253173828 23
1711959036154 1.2017873525619507 24
1711959036399 1.2056174278259277 25
1711959036671 1.168885350227356 26
1711959036937 1.1036911010742188 27
1711959037205 1.0955008268356323 28
1711959037472 1.0773495435714722 29
1711959037756 1.0387868881225586 30
1711959038025 1.0413461923599243 31
1711959038259 1.0165143013000488 32
1711959038526 1.0310968160629272 33
1711959038812 1.0445656776428223 34
1711959039189 0.9141761064529419 35
1711959039475 0.9515627026557922 36
1711959039779 0.9973394870758057 37
1711959040142 0.9855362772941589 38
1711959040446 0.9375906586647034 39
1711959040886 0.9795628786087036 40
1711959041336 0.8898223638534546 41
1711959041685 0.8457784652709961 42
1711959041965 0.8226615190505981 43
1711959042273 0.8070371747016907 44
1711959042644 0.816665768623352 45
1711959043182 0.8073928952217102 46
1711959043532 0.8382183909416199 47
1711959043830 0.8242566585540771 48
1711959044199 0.7475655674934387 49
