1711959028083 6028.36962890625 0
1711959028356 707.9906005859375 1
1711959028649 142.85516357421875 2
1711959028919 84.75352478027344 3
1711959029188 53.2220458984375 4
1711959029461 34.07613754272461 5
1711959029729 25.87604522705078 6
1711959029997 20.667600631713867 7
1711959030274 17.660715103149414 8
1711959030560 14.365188598632812 9
1711959030827 12.802998542785645 10
1711959031133 10.114365577697754 11
1711959031436 8.827231407165527 12
1711959032091 7.449798107147217 13
1711959032817 6.408657073974609 14
1711959033169 5.9026923179626465 15
1711959033582 5.353224754333496 16
1711959033959 4.529550552368164 17
1711959034386 4.042550563812256 18
1711959034671 3.7366466522216797 19
1711959034995 3.3227906227111816 20
1711959035304 3.3150832653045654 21
1711959035577 2.9667789936065674 22
1711959035883 2.728107452392578 23
1711959036154 2.5736570358276367 24
1711959036399 2.5501058101654053 25
1711959036671 2.3974692821502686 26
1711959036937 2.1654326915740967 27
1711959037205 2.106203079223633 28
1711959037472 2.0173418521881104 29
1711959037756 1.8761087656021118 30
1711959038025 1.8852092027664185 31
1711959038259 1.7956825494766235 32
1711959038526 1.8337558507919312 33
1711959038812 1.8341213464736938 34
1711959039189 1.4579821825027466 35
1711959039475 1.5713497400283813 36
1711959039779 1.6687078475952148 37
1711959040142 1.641442060470581 38
1711959040446 1.5007387399673462 39
1711959040886 1.6075348854064941 40
1711959041336 1.348023772239685 41
1711959041685 1.223352074623108 42
1711959041965 1.1640578508377075 43
1711959042273 1.1201077699661255 44
1711959042644 1.1406725645065308 45
1711959043182 1.1150965690612793 46
1711959043532 1.1781984567642212 47
1711959043830 1.1608308553695679 48
1711959044199 0.9564475417137146 49
