1711714057133 55.71664810180664 0
1711714057409 21.764707565307617 1
1711714057681 8.433021545410156 2
1711714057952 5.547121524810791 3
1711714058224 4.0861406326293945 4
1711714058492 3.5447652339935303 5
1711714058761 3.176342725753784 6
1711714059031 2.8857195377349854 7
1711714059301 2.6591100692749023 8
1711714059575 2.4181714057922363 9
1711714059844 2.2136402130126953 10
1711714060112 2.0555930137634277 11
1711714060380 1.9051413536071777 12
1711714060649 1.7594205141067505 13
1711714060916 1.6475999355316162 14
1711714061186 1.5289241075515747 15
1711714061457 1.4553550481796265 16
1711714061724 1.3922171592712402 17
1711714061956 1.3913477659225464 18
1711714062224 1.2692207098007202 19
1711714062492 1.2418795824050903 20
1711714062729 1.2100028991699219 21
1711714063033 1.1583213806152344 22
1711714063316 1.0848060846328735 23
1711714063550 1.0508824586868286 24
1711714063815 0.9987816214561462 25
1711714064083 1.0096091032028198 26
1711714064354 0.9467213153839111 27
1711714064623 0.949795126914978 28
1711714064860 0.9331519603729248 29
1711714065128 0.8789105415344238 30
1711714065392 0.851863443851471 31
1711714065659 0.8504414558410645 32
1711714065928 0.8489607572555542 33
1711714066167 0.8657128810882568 34
1711714066398 0.7592909932136536 35
1711714066666 0.7550336122512817 36
1711714066933 0.7438910007476807 37
1711714067170 0.7014783620834351 38
1711714067437 0.719811737537384 39
1711714067709 0.7062123417854309 40
1711714067938 0.7177610397338867 41
1711714068205 0.6690034866333008 42
1711714068437 0.7306222319602966 43
1711714068703 0.6926072239875793 44
1711714068970 0.6485586762428284 45
1711714069226 0.6106491684913635 46
1711714069469 0.6380239725112915 47
