1711714057133 5342.25537109375 0
1711714057409 773.4834594726562 1
1711714057681 149.03350830078125 2
1711714057952 74.14390563964844 3
1711714058224 40.00375747680664 4
1711714058492 27.24161720275879 5
1711714058761 20.76981544494629 6
1711714059031 16.533935546875 7
1711714059301 13.58044719696045 8
1711714059575 11.131152153015137 9
1711714059844 9.22940731048584 10
1711714060112 7.909877300262451 11
1711714060380 6.6724700927734375 12
1711714060649 5.674450397491455 13
1711714060916 4.897768497467041 14
1711714061186 4.214065074920654 15
1711714061457 3.7868409156799316 16
1711714061724 3.458773136138916 17
1711714061956 3.3936705589294434 18
1711714062224 2.8966171741485596 19
1711714062492 2.732278347015381 20
1711714062729 2.5719149112701416 21
1711714063033 2.3630759716033936 22
1711714063316 2.1070847511291504 23
1711714063550 1.9883748292922974 24
1711714063815 1.7980446815490723 25
1711714064083 1.8004343509674072 26
1711714064354 1.5810363292694092 27
1711714064623 1.58064866065979 28
1711714064860 1.5188698768615723 29
1711714065128 1.351274847984314 30
1711714065392 1.265215277671814 31
1711714065659 1.2611620426177979 32
1711714065928 1.259919285774231 33
1711714066167 1.2764216661453247 34
1711714066398 0.9956417679786682 35
1711714066666 0.9828470945358276 36
1711714066933 0.9667954444885254 37
1711714067170 0.8508153557777405 38
1711714067437 0.8854002952575684 39
1711714067709 0.8634274005889893 40
1711714067938 0.8857243061065674 41
1711714068205 0.7732660174369812 42
1711714068437 0.931647539138794 43
1711714068703 0.8317781090736389 44
1711714068970 0.7141919732093811 45
1711714069226 0.6404991745948792 46
1711714069469 0.6924105286598206 47
