1711959112053 6076.8291015625 0
1711959112321 704.3513793945312 1
1711959112586 125.51626586914062 2
1711959112900 60.240325927734375 3
1711959113167 30.931087493896484 4
1711959113437 19.364450454711914 5
1711959113705 14.598315238952637 6
1711959113970 11.293280601501465 7
1711959114236 9.298725128173828 8
1711959114531 7.761847496032715 9
1711959114795 6.577329158782959 10
1711959115059 5.940493106842041 11
1711959115323 5.320481777191162 12
1711959115585 4.787003517150879 13
1711959115849 4.592401504516602 14
1711959116114 4.526742935180664 15
1711959116377 4.109022617340088 16
1711959116647 3.7738163471221924 17
1711959116925 3.7908012866973877 18
1711959117189 3.703317880630493 19
1711959117418 3.5159683227539062 20
1711959117683 3.50600266456604 21
1711959117948 3.230292558670044 22
1711959118210 3.2667806148529053 23
1711959118476 3.0004661083221436 24
1711959118738 2.9340827465057373 25
1711959118968 2.8309385776519775 26
1711959119230 2.870408058166504 27
1711959119459 2.6026599407196045 28
1711959119721 2.6524112224578857 29
1711959119949 2.456206798553467 30
1711959120214 2.3063528537750244 31
1711959120443 2.231240749359131 32
1711959120704 2.0559840202331543 33
1711959120967 2.0323057174682617 34
1711959121195 2.2313907146453857 35
1711959121476 1.6727744340896606 36
1711959121738 2.0019164085388184 37
1711959122001 1.5003137588500977 38
1711959122267 1.3644449710845947 39
1711959122572 1.2094048261642456 40
1711959122833 1.1561084985733032 41
1711959123095 1.2643119096755981 42
1711959123368 0.9154573678970337 43
1711959123613 0.8917054533958435 44
1711959123842 0.8527020215988159 45
1711959124135 0.9004102349281311 46
1711959124397 0.8766189813613892 47
1711959124663 0.7309684753417969 48
1711959124956 0.8006144762039185 49
