1711959112053 59.949668884277344 0
1711959112321 20.11501121520996 1
1711959112586 7.627949237823486 2
1711959112900 4.92957067489624 3
1711959113167 3.532160997390747 4
1711959113437 2.9636354446411133 5
1711959113705 2.724579095840454 6
1711959113970 2.4513819217681885 7
1711959114236 2.252411127090454 8
1711959114531 2.072028636932373 9
1711959114795 1.9214411973953247 10
1711959115059 1.8361722230911255 11
1711959115323 1.7445966005325317 12
1711959115585 1.6568106412887573 13
1711959115849 1.634071707725525 14
1711959116114 1.6197154521942139 15
1711959116377 1.5457231998443604 16
1711959116647 1.479529857635498 17
1711959116925 1.4843510389328003 18
1711959117189 1.4723329544067383 19
1711959117418 1.4305121898651123 20
1711959117683 1.4297261238098145 21
1711959117948 1.3686094284057617 22
1711959118210 1.3734909296035767 23
1711959118476 1.3166937828063965 24
1711959118738 1.3022860288619995 25
1711959118968 1.2810393571853638 26
1711959119230 1.286013126373291 27
1711959119459 1.2214430570602417 28
1711959119721 1.229653239250183 29
1711959119949 1.1919468641281128 30
1711959120214 1.1425023078918457 31
1711959120443 1.1271964311599731 32
1711959120704 1.07856023311615 33
1711959120967 1.0790759325027466 34
1711959121195 1.1260292530059814 35
1711959121476 0.9700843095779419 36
1711959121738 1.0720280408859253 37
1711959122001 0.9208309054374695 38
1711959122267 0.8765605688095093 39
1711959122572 0.8234067559242249 40
1711959122833 0.8026991486549377 41
1711959123095 0.8372946977615356 42
1711959123368 0.7168676853179932 43
1711959123613 0.7083731889724731 44
1711959123842 0.6926802396774292 45
1711959124135 0.7174999117851257 46
1711959124397 0.7059270739555359 47
1711959124663 0.64505535364151 48
1711959124956 0.672295331954956 49
