1711708943541 5963.33447265625 0
1711708943815 712.4218139648438 1
1711708944088 143.02427673339844 2
1711708944353 87.61035919189453 3
1711708944622 58.316829681396484 4
1711708944888 39.61957550048828 5
1711708945154 26.877994537353516 6
1711708945419 20.642318725585938 7
1711708945682 17.047218322753906 8
1711708945947 14.202155113220215 9
1711708946212 12.131916046142578 10
1711708946506 10.48101806640625 11
1711708946773 8.866785049438477 12
1711708947059 7.4935173988342285 13
1711708947323 6.466704845428467 14
1711708947586 5.595951080322266 15
1711708947854 4.944125175476074 16
1711708948119 4.578396797180176 17
1711708948387 4.10184907913208 18
1711708948652 3.947835683822632 19
1711708948918 3.6877872943878174 20
1711708949183 3.3186264038085938 21
1711708949447 3.192861557006836 22
1711708949795 3.007995843887329 23
1711708950035 3.1500015258789062 24
1711708950300 2.775799036026001 25
1711708950563 2.5954015254974365 26
1711708950792 2.6255979537963867 27
1711708951031 2.6481215953826904 28
1711708951302 2.526654005050659 29
1711708951533 2.463106393814087 30
1711708951798 2.3731091022491455 31
1711708952027 2.213966131210327 32
1711708952296 2.086519479751587 33
