1711708943541 59.19789123535156 0
1711708943815 20.227256774902344 1
1711708944088 8.180893898010254 2
1711708944353 6.178293228149414 3
1711708944622 5.123715877532959 4
1711708944888 4.230710029602051 5
1711708945154 3.5412437915802 6
1711708945419 3.1807475090026855 7
1711708945682 2.9517600536346436 8
1711708945947 2.716716766357422 9
1711708946212 2.5179407596588135 10
1711708946506 2.3576929569244385 11
1711708946773 2.1756207942962646 12
1711708947059 2.00189208984375 13
1711708947323 1.8591055870056152 14
1711708947586 1.7370176315307617 15
1711708947854 1.6270084381103516 16
1711708948119 1.572536826133728 17
1711708948387 1.4918296337127686 18
1711708948652 1.4729230403900146 19
1711708948918 1.4239041805267334 20
1711708949183 1.345895528793335 21
1711708949447 1.3179893493652344 22
1711708949795 1.2845762968063354 23
1711708950035 1.3274396657943726 24
1711708950300 1.2299648523330688 25
1711708950563 1.1877707242965698 26
1711708950792 1.2013887166976929 27
1711708951031 1.2148241996765137 28
1711708951302 1.1895140409469604 29
1711708951533 1.1671093702316284 30
1711708951798 1.150928020477295 31
1711708952027 1.1062783002853394 32
1711708952296 1.0772053003311157 33
