1711711268669 6080.9111328125 0
1711711268945 728.0018920898438 1
1711711269213 147.96299743652344 2
1711711269488 80.79898071289062 3
1711711269757 44.92877960205078 4
1711711270023 29.45475959777832 5
1711711270293 21.086408615112305 6
1711711270559 17.058324813842773 7
1711711270829 13.720027923583984 8
1711711271093 11.358970642089844 9
1711711271363 9.594074249267578 10
1711711271633 8.322608947753906 11
1711711271902 7.685137748718262 12
1711711272171 6.499109268188477 13
1711711272438 5.945861339569092 14
1711711272677 5.434482097625732 15
1711711272943 4.963011264801025 16
1711711273217 4.515346527099609 17
1711711273485 4.389974117279053 18
1711711273750 4.0562238693237305 19
1711711273987 3.9274275302886963 20
1711711274253 3.8436193466186523 21
1711711274489 3.4962968826293945 22
1711711274804 3.3534018993377686 23
1711711275074 3.204974412918091 24
1711711275337 3.0875015258789062 25
1711711275608 2.943540096282959 26
1711711275873 2.7361385822296143 27
1711711276144 2.616861343383789 28
1711711276408 2.5298004150390625 29
1711711276679 2.52168345451355 30
1711711276915 2.284546375274658 31
1711711277184 2.1859443187713623 32
