1711711268669 59.71111297607422 0
1711711268945 20.773727416992188 1
1711711269213 8.381379127502441 2
1711711269488 5.944561004638672 3
1711711269757 4.377274513244629 4
1711711270023 3.686643362045288 5
1711711270293 3.1826584339141846 6
1711711270559 2.9207189083099365 7
1711711270829 2.6416444778442383 8
1711711271093 2.412534236907959 9
1711711271363 2.2335829734802246 10
1711711271633 2.080789804458618 11
1711711271902 2.0273706912994385 12
1711711272171 1.8640562295913696 13
1711711272438 1.7871018648147583 14
1711711272677 1.7261464595794678 15
1711711272943 1.6544957160949707 16
1711711273217 1.5805985927581787 17
1711711273485 1.5679041147232056 18
1711711273750 1.5071842670440674 19
1711711273987 1.4888254404067993 20
1711711274253 1.4783037900924683 21
1711711274489 1.4054265022277832 22
1711711274804 1.3848803043365479 23
1711711275074 1.3527932167053223 24
1711711275337 1.3330680131912231 25
1711711275608 1.2939953804016113 26
1711711275873 1.2514541149139404 27
1711711276144 1.2268297672271729 28
1711711276408 1.2055840492248535 29
1711711276679 1.2036375999450684 30
1711711276915 1.1465744972229004 31
1711711277184 1.1224322319030762 32
