1711959273752 6335.08203125 0
1711959274044 774.2371826171875 1
1711959274313 149.8438262939453 2
1711959274582 88.99603271484375 3
1711959274846 54.352481842041016 4
1711959275125 36.7512321472168 5
1711959275421 27.262252807617188 6
1711959275699 21.706571578979492 7
1711959275989 18.048999786376953 8
1711959276267 14.427897453308105 9
1711959276563 11.45317554473877 10
1711959276824 9.287148475646973 11
1711959277093 7.663498401641846 12
1711959277385 6.440628528594971 13
1711959277671 5.661091327667236 14
1711959277933 5.1957292556762695 15
1711959278197 4.886190891265869 16
1711959278463 4.532447338104248 17
1711959278726 4.466975688934326 18
1711959278954 4.259039878845215 19
1711959279223 4.075556755065918 20
1711959279487 4.316153526306152 21
1711959279716 4.052366733551025 22
1711959279943 3.7720870971679688 23
1711959280228 3.800806999206543 24
1711959280540 3.5489065647125244 25
1711959280799 3.5558431148529053 26
1711959281064 3.3890349864959717 27
1711959281405 3.42952036857605 28
1711959281728 3.421166181564331 29
1711959282004 3.3172361850738525 30
1711959282242 3.340546131134033 31
