1711959273752 61.12726593017578 0
1711959274044 21.15715217590332 1
1711959274313 8.444001197814941 2
1711959274582 6.312217712402344 3
1711959274846 4.906414985656738 4
1711959275125 4.182009220123291 5
1711959275421 3.7061219215393066 6
1711959275699 3.3875279426574707 7
1711959275989 3.105119228363037 8
1711959276267 2.8030357360839844 9
1711959276563 2.500505208969116 10
1711959276824 2.2591986656188965 11
1711959277093 2.0672614574432373 12
1711959277385 1.8927931785583496 13
1711959277671 1.7886265516281128 14
1711959277933 1.7090741395950317 15
1711959278197 1.6668620109558105 16
1711959278463 1.601246953010559 17
1711959278726 1.5925737619400024 18
1711959278954 1.559339165687561 19
1711959279223 1.5250171422958374 20
1711959279487 1.5762434005737305 21
1711959279716 1.51597261428833 22
1711959279943 1.4603393077850342 23
1711959280228 1.4690321683883667 24
1711959280540 1.4104831218719482 25
1711959280799 1.416899561882019 26
1711959281064 1.3826013803482056 27
1711959281405 1.3944755792617798 28
1711959281728 1.3887804746627808 29
1711959282004 1.3665629625320435 30
1711959282242 1.3722150325775146 31
