1711713904182 6092.57470703125 0
1711713904459 734.197998046875 1
1711713904735 144.2007293701172 2
1711713905029 79.85369873046875 3
1711713905318 46.29717254638672 4
1711713905588 28.073997497558594 5
1711713905856 19.176477432250977 6
1711713906127 14.752638816833496 7
1711713906401 11.573685646057129 8
1711713906672 9.61017894744873 9
1711713906939 7.861876487731934 10
1711713907208 6.454049110412598 11
1711713907477 5.532567501068115 12
1711713907718 5.163047790527344 13
1711713907984 4.339361190795898 14
1711713908254 4.04839563369751 15
1711713908523 3.7409536838531494 16
1711713908855 3.2782130241394043 17
1711713909132 3.0625061988830566 18
1711713909400 2.96282696723938 19
1711713909637 2.6873083114624023 20
1711713909907 2.4900410175323486 21
1711713910145 2.3366613388061523 22
1711713910418 2.2898080348968506 23
1711713910684 2.0918655395507812 24
1711713910925 2.0961754322052 25
1711713911195 1.8917673826217651 26
