1711713904182 59.65119934082031 0
1711713904459 20.814069747924805 1
1711713904735 8.353360176086426 2
1711713905029 5.918504238128662 3
1711713905318 4.481227874755859 4
1711713905588 3.530829668045044 5
1711713905856 3.0118584632873535 6
1711713906127 2.7155916690826416 7
1711713906401 2.4407236576080322 8
1711713906672 2.2484657764434814 9
1711713906939 2.0363616943359375 10
1711713907208 1.8575637340545654 11
1711713907477 1.7300127744674683 12
1711713907718 1.6912850141525269 13
1711713907984 1.5475183725357056 14
1711713908254 1.502318024635315 15
1711713908523 1.444633960723877 16
1711713908855 1.348349928855896 17
1711713909132 1.305996298789978 18
1711713909400 1.289125680923462 19
1711713909637 1.2344413995742798 20
1711713909907 1.1817915439605713 21
1711713910145 1.1443824768066406 22
1711713910418 1.1393808126449585 23
1711713910684 1.0871537923812866 24
1711713910925 1.0984035730361938 25
1711713911195 1.0389983654022217 26
