1711958578354 6033.91552734375 0
1711958578625 657.5584106445312 1
1711958578889 137.0009307861328 2
1711958579154 82.17870330810547 3
1711958579418 51.385169982910156 4
1711958579688 34.807167053222656 5
1711958579950 26.730205535888672 6
1711958580212 21.667156219482422 7
1711958580476 19.19767951965332 8
1711958580739 15.574820518493652 9
1711958581001 11.511615753173828 10
1711958581263 9.263345718383789 11
1711958581526 7.919288158416748 12
1711958581796 7.19382905960083 13
1711958582059 6.6691694259643555 14
1711958582328 6.084208011627197 15
1711958582588 5.836028099060059 16
1711958582851 5.519954204559326 17
1711958583114 5.161595821380615 18
1711958583377 5.0634684562683105 19
1711958583639 4.770918369293213 20
1711958583867 4.537067890167236 21
1711958584128 4.392765998840332 22
1711958584392 4.289036273956299 23
1711958584619 3.9617459774017334 24
1711958584847 3.829612970352173 25
