1711958578354 59.6285400390625 0
1711958578625 19.313695907592773 1
1711958578889 8.017577171325684 2
1711958579154 5.970339775085449 3
1711958579418 4.643288612365723 4
1711958579688 3.929147481918335 5
1711958579950 3.591677665710449 6
1711958580212 3.3172335624694824 7
1711958580476 3.162222385406494 8
1711958580739 2.8292315006256104 9
1711958581001 2.389505386352539 10
1711958581263 2.1456453800201416 11
1711958581526 1.9799240827560425 12
1711958581796 1.9054374694824219 13
1711958582059 1.8461421728134155 14
1711958582328 1.7715457677841187 15
1711958582588 1.7455676794052124 16
1711958582851 1.7086374759674072 17
1711958583114 1.6508861780166626 18
1711958583377 1.6533488035202026 19
1711958583639 1.6085792779922485 20
1711958583867 1.5694658756256104 21
1711958584128 1.5504318475723267 22
1711958584392 1.5313829183578491 23
1711958584619 1.46364426612854 24
1711958584847 1.4414695501327515 25
