1711711597434 5579.4052734375 0
1711711597707 627.3267822265625 1
1711711598017 128.23524475097656 2
1711711598289 70.133056640625 3
1711711598564 40.558170318603516 4
1711711598831 26.84617805480957 5
1711711599104 20.412336349487305 6
1711711599373 15.477315902709961 7
1711711599640 12.190865516662598 8
1711711599908 9.95286750793457 9
1711711600178 8.360259056091309 10
1711711600449 6.953487873077393 11
1711711600721 5.886268138885498 12
1711711600990 5.264739513397217 13
1711711601220 4.635575294494629 14
1711711601492 4.325004577636719 15
1711711601757 3.782372236251831 16
1711711602023 3.436278820037842 17
1711711602295 3.057225465774536 18
1711711602537 2.9880428314208984 19
1711711602851 2.551316738128662 20
1711711603117 2.501394748687744 21
1711711603386 2.3544921875 22
1711711603625 2.118406057357788 23
1711711603895 1.8666030168533325 24
1711711604132 1.7878633737564087 25
1711711604400 1.6840927600860596 26
1711711604667 1.5680031776428223 27
1711711604935 1.4386850595474243 28
1711711605173 1.3051809072494507 29
1711711605439 1.471992015838623 30
1711711605708 1.2568485736846924 31
1711711605945 1.1453486680984497 32
1711711606211 1.1144646406173706 33
1711711606482 1.0248355865478516 34
1711711606748 1.1127769947052002 35
1711711607018 0.9932166337966919 36
1711711607256 1.1301132440567017 37
1711711607533 0.9601840972900391 38
1711711607799 0.9453480839729309 39
1711711608037 0.8636007905006409 40
1711711608302 0.848282516002655 41
1711711608570 0.9192619919776917 42
1711711608808 0.8746572136878967 43
1711711609044 0.8308464288711548 44
