1711711597434 57.42564392089844 0
1711711597707 18.961803436279297 1
1711711598017 7.616475582122803 2
1711711598289 5.419762134552002 3
1711711598564 4.216099739074707 4
1711711598831 3.595609426498413 5
1711711599104 3.2388782501220703 6
1711711599373 2.8405630588531494 7
1711711599640 2.523125410079956 8
1711711599908 2.3054356575012207 9
1711711600178 2.120330333709717 10
1711711600449 1.953735589981079 11
1711711600721 1.7914866209030151 12
1711711600990 1.706994652748108 13
1711711601220 1.5992223024368286 14
1711711601492 1.5549442768096924 15
1711711601757 1.4517287015914917 16
1711711602023 1.3832160234451294 17
1711711602295 1.3017140626907349 18
1711711602537 1.2947561740875244 19
1711711602851 1.1890301704406738 20
1711711603117 1.1815742254257202 21
1711711603386 1.1492202281951904 22
1711711603625 1.0860693454742432 23
1711711603895 1.0240516662597656 24
1711711604132 1.0042839050292969 25
1711711604400 0.9720346927642822 26
1711711604667 0.9421330690383911 27
1711711604935 0.9030061960220337 28
1711711605173 0.8617390990257263 29
1711711605439 0.9269168972969055 30
1711711605708 0.8500999212265015 31
1711711605945 0.8123786449432373 32
1711711606211 0.797979474067688 33
1711711606482 0.7652710676193237 34
1711711606748 0.8040478825569153 35
1711711607018 0.7615781426429749 36
1711711607256 0.8100738525390625 37
1711711607533 0.7463626265525818 38
1711711607799 0.7439591884613037 39
1711711608037 0.7134411931037903 40
1711711608302 0.7027305960655212 41
1711711608570 0.7302820086479187 42
1711711608808 0.7201547026634216 43
1711711609044 0.6986837983131409 44
