1711709603860 6030.35107421875 0
1711709604140 647.681640625 1
1711709604414 105.38947296142578 2
1711709604686 53.956729888916016 3
1711709604951 32.61503601074219 4
1711709605223 23.013341903686523 5
1711709605491 18.214998245239258 6
1711709605759 14.596510887145996 7
1711709606032 11.538784980773926 8
1711709606300 9.282641410827637 9
1711709606563 7.439284801483154 10
1711709606834 6.101191997528076 11
1711709607101 4.850225925445557 12
1711709607335 4.207013130187988 13
1711709607664 3.7021961212158203 14
1711709607934 3.3899736404418945 15
1711709608201 3.0828640460968018 16
1711709608438 2.8130929470062256 17
1711709608705 2.5580339431762695 18
1711709608973 2.4477031230926514 19
1711709609243 2.36195707321167 20
1711709609514 2.0700509548187256 21
1711709609783 2.0095934867858887 22
1711709610051 1.8511104583740234 23
1711709610285 1.800771713256836 24
1711709610554 1.7471281290054321 25
1711709610819 1.7056225538253784 26
1711709611058 1.5068165063858032 27
1711709611327 1.4078649282455444 28
1711709611558 1.323064923286438 29
1711709611826 1.2118669748306274 30
1711709612101 1.1425563097000122 31
1711709612370 1.1124991178512573 32
1711709612605 1.0968191623687744 33
1711709612875 1.0286808013916016 34
1711709613143 1.0167378187179565 35
1711709613382 0.9086738228797913 36
1711709613651 0.8822417259216309 37
1711709613920 0.8568745851516724 38
1711709614189 0.9411745071411133 39
1711709614428 0.8337834477424622 40
1711709614696 0.7665504813194275 41
