1711709603860 59.76173782348633 0
1711709604140 18.621557235717773 1
1711709604414 6.861131191253662 2
1711709604686 4.7335028648376465 3
1711709604951 3.744917392730713 4
1711709605223 3.2741472721099854 5
1711709605491 3.0138003826141357 6
1711709605759 2.6934738159179688 7
1711709606032 2.4094619750976562 8
1711709606300 2.163356304168701 9
1711709606563 1.922143578529358 10
1711709606834 1.746660590171814 11
1711709607101 1.556826114654541 12
1711709607335 1.4649096727371216 13
1711709607664 1.3878726959228516 14
1711709607934 1.3350597620010376 15
1711709608201 1.2846286296844482 16
1711709608438 1.2276523113250732 17
1711709608705 1.1687544584274292 18
1711709608973 1.152031660079956 19
1711709609243 1.1443581581115723 20
1711709609514 1.0628200769424438 21
1711709609783 1.0528301000595093 22
1711709610051 1.004123330116272 23
1711709610285 0.9962832927703857 24
1711709610554 0.9884074926376343 25
1711709610819 0.9836024045944214 26
1711709611058 0.9161615967750549 27
1711709611327 0.8867472410202026 28
1711709611558 0.8610959649085999 29
1711709611826 0.8253195881843567 30
1711709612101 0.7964141964912415 31
1711709612370 0.7894895076751709 32
1711709612605 0.7859435081481934 33
1711709612875 0.7636173367500305 34
1711709613143 0.760057806968689 35
1711709613382 0.7182210087776184 36
1711709613651 0.7069041132926941 37
1711709613920 0.7000840306282043 38
1711709614189 0.7378814220428467 39
1711709614428 0.6926360726356506 40
1711709614696 0.6609964370727539 41
