1711958828909 5673.95556640625 0
1711958829183 628.6585083007812 1
1711958829454 104.54527282714844 2
1711958829725 59.29386901855469 3
1711958829995 39.087913513183594 4
1711958830264 29.392969131469727 5
1711958830535 24.0976619720459 6
1711958830814 20.054527282714844 7
1711958831083 17.081119537353516 8
1711958831351 14.010007858276367 9
1711958831620 11.393440246582031 10
1711958831889 9.420488357543945 11
1711958832168 7.933642387390137 12
1711958832418 6.630472183227539 13
1711958832690 5.870019912719727 14
1711958832959 5.090690612792969 15
1711958833200 4.694339275360107 16
1711958833473 4.345332622528076 17
1711958833749 4.036633491516113 18
1711958833996 4.10852575302124 19
1711958834259 3.6146528720855713 20
1711958834522 3.5435168743133545 21
1711958834747 3.3071365356445312 22
1711958835021 3.311244010925293 23
1711958835249 3.2003679275512695 24
1711958835535 2.889094114303589 25
1711958835794 2.753208875656128 26
1711958836022 2.8128480911254883 27
1711958836283 2.534458637237549 28
1711958836509 2.502006769180298 29
1711958836796 2.2983903884887695 30
1711958837026 2.4324750900268555 31
1711958837284 2.360675096511841 32
1711958837551 2.086474657058716 33
1711958837813 2.0528018474578857 34
1711958838040 2.0509822368621826 35
1711958838270 2.071148633956909 36
