1711958828909 58.244102478027344 0
1711958829183 18.404565811157227 1
1711958829454 6.8208465576171875 2
1711958829725 5.014703750610352 3
1711958829995 4.191392421722412 4
1711958830264 3.729750156402588 5
1711958830535 3.43953013420105 6
1711958830814 3.163912773132324 7
1711958831083 2.9426217079162598 8
1711958831351 2.6683576107025146 9
1711958831620 2.38795804977417 10
1711958831889 2.180649995803833 11
1711958832168 2.0275681018829346 12
1711958832418 1.8572967052459717 13
1711958832690 1.761030912399292 14
1711958832959 1.64053213596344 15
1711958833200 1.584347128868103 16
1711958833473 1.526745080947876 17
1711958833749 1.4785243272781372 18
1711958833996 1.502730369567871 19
1711958834259 1.4049855470657349 20
1711958834522 1.4006646871566772 21
1711958834747 1.3517082929611206 22
1711958835021 1.3559999465942383 23
1711958835249 1.3334523439407349 24
1711958835535 1.2668339014053345 25
1711958835794 1.234649658203125 26
1711958836022 1.2513141632080078 27
1711958836283 1.185628056526184 28
1711958836509 1.181298851966858 29
1711958836796 1.1284538507461548 30
1711958837026 1.1761473417282104 31
1711958837284 1.152755618095398 32
1711958837551 1.080622911453247 33
1711958837813 1.0784590244293213 34
1711958838040 1.078810214996338 35
1711958838270 1.0866272449493408 36
