1711958392381 6088.4501953125 0
1711958392649 903.947998046875 1
1711958392963 137.98318481445312 2
1711958393228 67.15058135986328 3
1711958393490 39.294395446777344 4
1711958393755 28.507652282714844 5
1711958394017 22.723865509033203 6
1711958394283 18.252016067504883 7
1711958394550 15.224356651306152 8
1711958394813 12.975358963012695 9
1711958395075 11.015425682067871 10
1711958395337 9.304479598999023 11
1711958395598 8.378265380859375 12
1711958395858 7.381426811218262 13
1711958396120 6.841886520385742 14
1711958396409 6.178154468536377 15
1711958396671 5.777163505554199 16
1711958396936 5.424806118011475 17
1711958397198 5.105319976806641 18
1711958397460 4.776740550994873 19
1711958397686 4.969771862030029 20
1711958397946 4.414305210113525 21
1711958398173 4.27494478225708 22
1711958398443 3.744283437728882 23
1711958398669 3.7241008281707764 24
1711958398930 3.444974660873413 25
1711958399192 3.077622890472412 26
1711958399420 3.1189751625061035 27
1711958399682 2.9928431510925293 28
1711958399945 2.5928850173950195 29
1711958400207 2.3948895931243896 30
1711958400472 2.2459800243377686 31
1711958400733 2.2669730186462402 32
1711958400994 2.0126516819000244 33
1711958401221 1.9275500774383545 34
1711958401488 1.7604742050170898 35
1711958401750 1.7149410247802734 36
1711958401983 1.685723066329956 37
1711958402249 1.5980757474899292 38
1711958402511 1.7601356506347656 39
1711958402738 1.5829318761825562 40
1711958402998 1.2554399967193604 41
1711958403226 1.2473783493041992 42
1711958403454 1.1832900047302246 43
1711958403716 1.1567580699920654 44
1711958403978 1.2155462503433228 45
1711958404241 1.1584663391113281 46
1711958404467 1.1559827327728271 47
1711958404728 1.0475835800170898 48
1711958404954 1.0268257856369019 49
