1711958392381 60.29408264160156 0
1711958392649 23.370803833007812 1
1711958392963 8.27713680267334 2
1711958393228 5.345141410827637 3
1711958393490 4.139895915985107 4
1711958393755 3.674978017807007 5
1711958394017 3.3644449710845947 6
1711958394283 3.0117528438568115 7
1711958394550 2.7748568058013916 8
1711958394813 2.579390525817871 9
1711958395075 2.388214588165283 10
1711958395337 2.19876766204834 11
1711958395598 2.1132314205169678 12
1711958395858 1.9820435047149658 13
1711958396120 1.9302685260772705 14
1711958396409 1.8306881189346313 15
1711958396671 1.780674695968628 16
1711958396936 1.7341610193252563 17
1711958397198 1.6905403137207031 18
1711958397460 1.6359816789627075 19
1711958397686 1.6701619625091553 20
1711958397946 1.5827999114990234 21
1711958398173 1.551620364189148 22
1711958398443 1.4472817182540894 23
1711958398669 1.4505759477615356 24
1711958398930 1.3959333896636963 25
1711958399192 1.3126670122146606 26
1711958399420 1.32593834400177 27
1711958399682 1.3039840459823608 28
1711958399945 1.2098369598388672 29
1711958400207 1.1589477062225342 30
1711958400472 1.1245718002319336 31
1711958400733 1.1403971910476685 32
1711958400994 1.0682693719863892 33
1711958401221 1.047932505607605 34
1711958401488 1.0001065731048584 35
1711958401750 0.9907580614089966 36
1711958401983 0.9848541021347046 37
1711958402249 0.9540737867355347 38
1711958402511 1.006029725074768 39
1711958402738 0.9504898190498352 40
1711958402998 0.842746913433075 41
1711958403226 0.8445033431053162 42
1711958403454 0.8227578997612 43
1711958403716 0.8129159808158875 44
1711958403978 0.8306140899658203 45
1711958404241 0.816088080406189 46
1711958404467 0.8174193501472473 47
1711958404728 0.7755568623542786 48
1711958404954 0.7703823447227478 49
