1711709866019 6468.51171875 0
1711709866295 913.6233520507812 1
1711709866565 145.78884887695312 2
1711709866854 83.84973907470703 3
1711709867122 55.39455795288086 4
1711709867390 39.06486129760742 5
1711709867658 29.8734188079834 6
1711709867926 24.254026412963867 7
1711709868192 20.55760955810547 8
1711709868466 17.4865779876709 9
1711709868731 14.357696533203125 10
1711709869035 11.395683288574219 11
1711709869301 8.831029891967773 12
1711709869568 7.116084575653076 13
1711709869837 5.594098091125488 14
1711709870102 4.702352523803711 15
1711709870373 4.141424655914307 16
1711709870635 3.730278253555298 17
1711709870901 3.252842426300049 18
1711709871230 3.0524353981018066 19
1711709871505 2.8833649158477783 20
1711709871771 2.5470659732818604 21
1711709872036 2.498696804046631 22
1711709872269 2.202927350997925 23
1711709872534 2.06488299369812 24
1711709872801 1.9718984365463257 25
1711709873067 1.9319720268249512 26
1711709873303 1.7356288433074951 27
1711709873569 1.6434907913208008 28
1711709873835 1.6615943908691406 29
1711709874067 1.4533904790878296 30
1711709874300 1.423753261566162 31
1711709874564 1.3013595342636108 32
1711709874799 1.188628077507019 33
1711709875064 1.1334543228149414 34
1711709875296 1.1602107286453247 35
1711709875562 1.045888900756836 36
1711709875827 1.195664644241333 37
1711709876095 0.9584342241287231 38
1711709876328 1.0179262161254883 39
1711709876597 0.8279309868812561 40
1711709876826 0.8291811347007751 41
1711709877127 0.7400454878807068 42
1711709877388 0.7695590853691101 43
1711709877623 0.7570399045944214 44
1711709877906 0.6933172345161438 45
1711709878205 0.7112894058227539 46
1711709878497 0.6323121190071106 47
1711709878735 0.6481421589851379 48
1711709879000 0.578952968120575 49
