1711709866019 62.505821228027344 0
1711709866295 23.559284210205078 1
1711709866565 8.330469131469727 2
1711709866854 5.952168941497803 3
1711709867122 4.884042739868164 4
1711709867390 4.253130912780762 5
1711709867658 3.8591458797454834 6
1711709867926 3.55049204826355 7
1711709868192 3.2953929901123047 8
1711709868466 3.0399842262268066 9
1711709868731 2.755937099456787 10
1711709869035 2.452981948852539 11
1711709869301 2.14567494392395 12
1711709869568 1.918642520904541 13
1711709869837 1.6932603120803833 14
1711709870102 1.5647867918014526 15
1711709870373 1.474301815032959 16
1711709870635 1.4147182703018188 17
1711709870901 1.3218770027160645 18
1711709871230 1.2862857580184937 19
1711709871505 1.254734754562378 20
1711709871771 1.1795631647109985 21
1711709872036 1.1823335886001587 22
1711709872269 1.1023387908935547 23
1711709872534 1.0759068727493286 24
1711709872801 1.0440788269042969 25
1711709873067 1.0417510271072388 26
1711709873303 0.9805846214294434 27
1711709873569 0.9574071168899536 28
1711709873835 0.9685245752334595 29
1711709874067 0.90628582239151 30
1711709874300 0.8926523923873901 31
1711709874564 0.8510998487472534 32
1711709874799 0.8172325491905212 33
1711709875064 0.7956823706626892 34
1711709875296 0.8079825043678284 35
1711709875562 0.7683187127113342 36
1711709875827 0.818816602230072 37
1711709876095 0.7398562431335449 38
1711709876328 0.7624949216842651 39
1711709876597 0.6843259930610657 40
1711709876826 0.6834772825241089 41
1711709877127 0.6442168354988098 42
1711709877388 0.6616373062133789 43
1711709877623 0.654055655002594 44
1711709877906 0.628958523273468 45
1711709878205 0.636002779006958 46
1711709878497 0.6007330417633057 47
1711709878735 0.607852578163147 48
1711709879000 0.5774677395820618 49
