1711702891110 6104.97705078125 0
1711702891346 921.4921875 1
1711702891581 158.80145263671875 2
1711702891817 91.99122619628906 3
1711702892052 59.784732818603516 4
1711702892284 41.16560363769531 5
1711702892515 31.779857635498047 6
1711702892745 24.861392974853516 7
1711702892977 20.59355354309082 8
1711702893206 16.51178741455078 9
1711702893438 13.669241905212402 10
1711702893669 11.195637702941895 11
1711702893900 9.192435264587402 12
1711702894132 7.968509197235107 13
1711702894363 7.004075527191162 14
1711702894593 5.885265350341797 15
1711702894823 5.274855136871338 16
1711702895064 4.832352161407471 17
1711702895296 4.608849048614502 18
1711702895531 4.2584757804870605 19
1711702895766 4.038768291473389 20
1711702896041 3.9225122928619385 21
1711702896278 3.71858286857605 22
1711702896509 3.508770227432251 23
1711702896742 3.4249658584594727 24
1711702896970 3.2220818996429443 25
1711702897207 3.108372926712036 26
1711702897443 3.0880281925201416 27
1711702897671 3.0342798233032227 28
1711702897904 2.7222728729248047 29
1711702898145 2.7176287174224854 30
1711702898385 2.5448241233825684 31
1711702898612 2.525203227996826 32
1711702898836 2.4487085342407227 33
1711702899081 2.383396625518799 34
1711702899316 2.1626765727996826 35
1711702899554 2.175058603286743 36
1711702899786 1.9258105754852295 37
1711702900017 1.7982465028762817 38
1711702900249 1.7572044134140015 39
1711702900481 1.65968918800354 40
1711702900703 1.634248971939087 41
1711702900934 1.4637855291366577 42
1711702901156 1.4420794248580933 43
1711702901386 1.267492413520813 44
1711702901616 1.1914037466049194 45
1711702901852 1.1485432386398315 46
1711702902084 1.1417784690856934 47
1711702902348 1.0944111347198486 48
1711702902583 1.0115424394607544 49
