1711702891110 60.01676940917969 0
1711702891346 23.991365432739258 1
1711702891581 8.53449535369873 2
1711702891817 6.200712203979492 3
1711702892052 5.063207149505615 4
1711702892284 4.284919261932373 5
1711702892515 3.9004759788513184 6
1711702892745 3.504183053970337 7
1711702892977 3.2379448413848877 8
1711702893206 2.9107844829559326 9
1711702893438 2.6515634059906006 10
1711702893669 2.414976119995117 11
1711702893900 2.1898813247680664 12
1711702894132 2.050281286239624 13
1711702894363 1.9371188879013062 14
1711702894593 1.7847641706466675 15
1711702894823 1.7005521059036255 16
1711702895064 1.6365042924880981 17
1711702895296 1.6048508882522583 18
1711702895531 1.5482490062713623 19
1711702895766 1.5119292736053467 20
1711702896041 1.4906736612319946 21
1711702896278 1.4606702327728271 22
1711702896509 1.412280559539795 23
1711702896742 1.4020404815673828 24
1711702896970 1.359735369682312 25
1711702897207 1.334162950515747 26
1711702897443 1.3346787691116333 27
1711702897671 1.3196558952331543 28
1711702897904 1.243340253829956 29
1711702898145 1.2477197647094727 30
1711702898385 1.2048285007476807 31
1711702898612 1.1993213891983032 32
1711702898836 1.186128854751587 33
1711702899081 1.1652885675430298 34
1711702899316 1.1132172346115112 35
1711702899554 1.115950584411621 36
1711702899786 1.0503400564193726 37
1711702900017 1.0121073722839355 38
1711702900249 0.9955064654350281 39
1711702900481 0.9703985452651978 40
1711702900703 0.9628300070762634 41
1711702900934 0.9099917411804199 42
1711702901156 0.9037522673606873 43
1711702901386 0.8421930074691772 44
1711702901616 0.812910795211792 45
1711702901852 0.804990291595459 46
1711702902084 0.8027071952819824 47
1711702902348 0.7859477400779724 48
1711702902583 0.7594387531280518 49
