1711714374743 59.055625915527344 0
1711714375022 19.242969512939453 1
1711714375297 7.468864917755127 2
1711714375571 5.397945404052734 3
1711714375892 3.790050506591797 4
1711714376162 3.2487130165100098 5
1711714376432 2.945826530456543 6
1711714376704 2.6669580936431885 7
1711714376973 2.4544615745544434 8
1711714377243 2.283298969268799 9
1711714377514 2.0997610092163086 10
1711714377784 1.9856886863708496 11
1711714378053 1.8865492343902588 12
1711714378324 1.801998496055603 13
1711714378593 1.708272099494934 14
1711714378861 1.651249647140503 15
1711714379132 1.603737235069275 16
1711714379400 1.6124869585037231 17
1711714379670 1.502297282218933 18
1711714379943 1.4509668350219727 19
1711714380213 1.4183499813079834 20
1711714380477 1.381330966949463 21
1711714380748 1.4221655130386353 22
1711714380986 1.3425050973892212 23
1711714381256 1.2822322845458984 24
1711714381492 1.2619314193725586 25
1711714381762 1.2398332357406616 26
1711714382000 1.1975058317184448 27
1711714382268 1.1445859670639038 28
1711714382536 1.1716296672821045 29
1711714382806 1.0977522134780884 30
1711714383129 1.0571154356002808 31
1711714383394 1.0634660720825195 32
1711714383663 1.0150439739227295 33
1711714383930 0.9777041673660278 34
1711714384200 1.00409734249115 35
1711714384437 0.9308657646179199 36
1711714384705 0.8921567797660828 37
