1711714374743 5929.1513671875 0
1711714375022 656.052978515625 1
1711714375297 118.30713653564453 2
1711714375571 67.02738189697266 3
1711714375892 34.87384796142578 4
1711714376162 23.279651641845703 5
1711714376432 17.900978088378906 6
1711714376704 14.230340003967285 7
1711714376973 11.84325885772705 8
1711714377243 10.054349899291992 9
1711714377514 8.498629570007324 10
1711714377784 7.484586715698242 11
1711714378053 6.671539783477783 12
1711714378324 5.99418830871582 13
1711714378593 5.345684051513672 14
1711714378861 4.942636966705322 15
1711714379132 4.617605209350586 16
1711714379400 4.635196685791016 17
1711714379670 4.065736293792725 18
1711714379943 3.7939741611480713 19
1711714380213 3.603671073913574 20
1711714380477 3.419128894805908 21
1711714380748 3.596839666366577 22
1711714380986 3.2748377323150635 23
1711714381256 2.9569790363311768 24
1711714381492 2.8515801429748535 25
1711714381762 2.740953207015991 26
1711714382000 2.5664424896240234 27
1711714382268 2.362619161605835 28
1711714382536 2.4296834468841553 29
1711714382806 2.162899971008301 30
1711714383129 2.0201940536499023 31
1711714383394 2.016995668411255 32
1711714383663 1.8545233011245728 33
1711714383930 1.7238606214523315 34
1711714384200 1.7700238227844238 35
1711714384437 1.549304723739624 36
1711714384705 1.4310212135314941 37
