1711708465394 5671.27783203125 0
1711708465667 733.3319702148438 1
1711708465933 162.09637451171875 2
1711708466203 97.02586364746094 3
1711708466474 54.936580657958984 4
1711708466739 32.613243103027344 5
1711708467004 22.108455657958984 6
1711708467273 16.682987213134766 7
1711708467539 13.530986785888672 8
1711708467805 11.134675025939941 9
1711708468072 9.155858039855957 10
1711708468339 7.4781813621521 11
1711708468606 6.202428817749023 12
1711708468907 5.08071756362915 13
1711708469200 4.413941860198975 14
1711708469434 3.97453236579895 15
1711708469697 3.5009536743164062 16
1711708469986 3.147230625152588 17
1711708470255 2.8818306922912598 18
1711708470537 2.68601655960083 19
1711708470803 2.462756633758545 20
1711708471068 2.216554880142212 21
1711708471333 2.205073118209839 22
1711708471570 1.9172896146774292 23
1711708471836 1.9299952983856201 24
1711708472101 1.7601957321166992 25
1711708472334 1.617586612701416 26
1711708472595 1.499208927154541 27
1711708472833 1.356057047843933 28
1711708473096 1.2682843208312988 29
1711708473363 1.1973694562911987 30
1711708473629 1.2302438020706177 31
1711708473889 1.208971381187439 32
1711708474124 1.091640591621399 33
1711708474356 1.051231861114502 34
