1711708465394 57.68107604980469 0
1711708465667 20.864683151245117 1
1711708465933 8.835962295532227 2
1711708466203 6.529565811157227 3
1711708466474 4.697412490844727 4
1711708466739 3.667492628097534 5
1711708467004 3.1605982780456543 6
1711708467273 2.8293192386627197 7
1711708467539 2.5867557525634766 8
1711708467805 2.3693768978118896 9
1711708468072 2.15010142326355 10
1711708468339 1.932726263999939 11
1711708468606 1.7752172946929932 12
1711708468907 1.6038399934768677 13
1711708469200 1.504663109779358 14
1711708469434 1.438269853591919 15
1711708469697 1.3569848537445068 16
1711708469986 1.2881110906600952 17
1711708470255 1.2382205724716187 18
1711708470537 1.203381061553955 19
1711708470803 1.161501407623291 20
1711708471068 1.1011816263198853 21
1711708471333 1.100163221359253 22
1711708471570 1.0248908996582031 23
1711708471836 1.0366754531860352 24
1711708472101 0.9860550165176392 25
1711708472334 0.9499731659889221 26
1711708472595 0.906427800655365 27
1711708472833 0.8632494211196899 28
1711708473096 0.8400465250015259 29
1711708473363 0.8159160614013672 30
1711708473629 0.8324958682060242 31
1711708473889 0.8284244537353516 32
1711708474124 0.7906291484832764 33
1711708474356 0.7777451872825623 34
