1711714629145 5994.50537109375 0
1711714629419 669.9146118164062 1
1711714629694 148.85108947753906 2
1711714629965 83.91242218017578 3
1711714630238 48.72217559814453 4
1711714630504 32.616886138916016 5
1711714630773 24.233436584472656 6
1711714631043 19.108442306518555 7
1711714631316 15.416025161743164 8
1711714631580 12.646989822387695 9
1711714631847 10.932707786560059 10
1711714632119 9.455022811889648 11
1711714632387 8.138764381408691 12
1711714632627 7.4281463623046875 13
1711714632894 6.493712902069092 14
1711714633175 5.79901647567749 15
1711714633440 4.904245376586914 16
1711714633716 4.293722629547119 17
1711714633985 3.629476308822632 18
1711714634254 3.247568368911743 19
1711714634524 2.9821712970733643 20
1711714634797 2.7198355197906494 21
1711714635032 2.4749813079833984 22
1711714635301 2.4765119552612305 23
1711714635570 2.4164865016937256 24
1711714635840 2.3044822216033936 25
1711714636115 2.1582963466644287 26
1711714636380 2.035261869430542 27
1711714636615 1.9920783042907715 28
1711714636882 1.7851202487945557 29
1711714637123 1.7304292917251587 30
1711714637389 1.6765501499176025 31
1711714637657 1.6512413024902344 32
1711714637930 1.7356593608856201 33
1711714638162 1.4817328453063965 34
1711714638429 1.608058214187622 35
1711714638700 1.3832495212554932 36
1711714638933 1.348375678062439 37
1711714639198 1.343881607055664 38
1711714639469 1.2689512968063354 39
1711714639707 1.2036933898925781 40
1711714639975 1.2069610357284546 41
1711714640213 1.3140442371368408 42
1711714640454 1.1272376775741577 43
