1711714629145 59.5503044128418 0
1711714629419 19.810165405273438 1
1711714629694 8.462492942810059 2
1711714629965 6.053106307983398 3
1711714630238 4.510903835296631 4
1711714630504 3.789104461669922 5
1711714630773 3.405412435531616 6
1711714631043 3.0791070461273193 7
1711714631316 2.805171251296997 8
1711714631580 2.547849416732788 9
1711714631847 2.389286756515503 10
1711714632119 2.241217851638794 11
1711714632387 2.077942371368408 12
1711714632627 1.9835708141326904 13
1711714632894 1.838542103767395 14
1711714633175 1.7422503232955933 15
1711714633440 1.6194722652435303 16
1711714633716 1.526889681816101 17
1711714633985 1.394467830657959 18
1711714634254 1.3270938396453857 19
1711714634524 1.2751072645187378 20
1711714634797 1.2243902683258057 21
1711714635032 1.168068766593933 22
1711714635301 1.1758509874343872 23
1711714635570 1.163628339767456 24
1711714635840 1.1339294910430908 25
1711714636115 1.1029794216156006 26
1711714636380 1.0673431158065796 27
1711714636615 1.055134654045105 28
1711714636882 0.9933416843414307 29
1711714637123 0.9888418316841125 30
1711714637389 0.9621872901916504 31
1711714637657 0.9641010761260986 32
1711714637930 0.9931407570838928 33
1711714638162 0.910346269607544 34
1711714638429 0.9587140083312988 35
1711714638700 0.8821818232536316 36
1711714638933 0.876641035079956 37
1711714639198 0.8754278421401978 38
1711714639469 0.8423240184783936 39
1711714639707 0.8240171074867249 40
1711714639975 0.8295360803604126 41
1711714640213 0.8689320087432861 42
1711714640454 0.7987481951713562 43
