1711712918980 6260.1513671875 0
1711712919252 810.5142211914062 1
1711712919524 159.30589294433594 2
1711712919795 84.64495086669922 3
1711712920068 47.97779083251953 4
1711712920337 32.282958984375 5
1711712920604 24.41227912902832 6
1711712920875 19.73161506652832 7
1711712921142 16.73072052001953 8
1711712921416 13.481375694274902 9
1711712921730 11.88917064666748 10
1711712922001 9.805418968200684 11
1711712922274 7.817736625671387 12
1711712922540 5.668039321899414 13
1711712922808 4.578068256378174 14
1711712923077 3.791635036468506 15
1711712923347 3.396239995956421 16
1711712923635 2.8756678104400635 17
1711712923904 2.7886221408843994 18
1711712924208 2.50793194770813 19
1711712924483 2.2892136573791504 20
1711712924726 2.238079071044922 21
1711712924996 2.144416093826294 22
1711712925269 2.0741071701049805 23
1711712925533 1.8466894626617432 24
1711712925805 1.8497792482376099 25
1711712926039 1.6519429683685303 26
1711712926308 1.6699367761611938 27
1711712926580 1.6700053215026855 28
1711712926850 1.4879707098007202 29
1711712927081 1.531386137008667 30
1711712927349 1.4262255430221558 31
1711712927583 1.329428791999817 32
1711712927854 1.4017319679260254 33
1711712928086 1.3068236112594604 34
1711712928354 1.4412126541137695 35
