1711712918980 60.774940490722656 0
1711712919252 21.892457962036133 1
1711712919524 9.137791633605957 2
1711712919795 6.169662952423096 3
1711712920068 4.49584436416626 4
1711712920337 3.817617893218994 5
1711712920604 3.4258625507354736 6
1711712920875 3.1593995094299316 7
1711712921142 2.9385926723480225 8
1711712921416 2.63342022895813 9
1711712921730 2.492109775543213 10
1711712922001 2.2638258934020996 11
1711712922274 2.00858998298645 12
1711712922540 1.6944103240966797 13
1711712922808 1.5380218029022217 14
1711712923077 1.4072721004486084 15
1711712923347 1.342654824256897 16
1711712923635 1.2368416786193848 17
1711712923904 1.2240709066390991 18
1711712924208 1.173167109489441 19
1711712924483 1.1171926259994507 20
1711712924726 1.112212896347046 21
1711712924996 1.1018602848052979 22
1711712925269 1.0742424726486206 23
1711712925533 1.0178905725479126 24
1711712925805 1.0265330076217651 25
1711712926039 0.9644834399223328 26
1711712926308 0.9741535186767578 27
1711712926580 0.9797429442405701 28
1711712926850 0.9211753606796265 29
1711712927081 0.9419339895248413 30
1711712927349 0.9058414697647095 31
1711712927583 0.8733179569244385 32
1711712927854 0.9092336297035217 33
1711712928086 0.8773082494735718 34
1711712928354 0.9162613749504089 35
