1711710649391 5941.869140625 0
1711710649670 1071.0362548828125 1
1711710649940 165.6828155517578 2
1711710650212 88.13770294189453 3
1711710650480 58.08210372924805 4
1711710650749 40.746299743652344 5
1711710651018 29.475162506103516 6
1711710651286 22.886743545532227 7
1711710651554 18.408281326293945 8
1711710651822 15.567988395690918 9
1711710652086 13.588766098022461 10
1711710652357 11.727398872375488 11
1711710652626 10.85952091217041 12
1711710652894 9.768960952758789 13
1711710653165 8.915270805358887 14
1711710653429 8.158082008361816 15
1711710653700 7.7822747230529785 16
1711710653970 7.578606605529785 17
1711710654238 7.08689546585083 18
1711710654511 6.5698981285095215 19
1711710654777 6.405372142791748 20
1711710655011 6.070855617523193 21
1711710655282 5.838741302490234 22
1711710655515 5.765982151031494 23
1711710655782 5.532930850982666 24
1711710656046 5.440364360809326 25
1711710656314 5.356983661651611 26
1711710656583 5.230565071105957 27
1711710656865 4.986697196960449 28
1711710657129 5.039669990539551 29
1711710657368 4.9538726806640625 30
1711710657631 4.778620719909668 31
1711710657902 4.485198497772217 32
1711710658136 4.663227558135986 33
1711710658368 4.355353355407715 34
1711710658636 4.250243186950684 35
1711710658901 3.8586902618408203 36
1711710659170 3.811833143234253 37
1711710659441 3.65787672996521 38
1711710659674 3.7064404487609863 39
1711710659999 3.2792162895202637 40
1711710660292 3.063666343688965 41
1711710660563 3.037457227706909 42
1711710660829 2.8674490451812744 43
1711710661061 2.5938756465911865 44
1711710661337 2.4065871238708496 45
1711710661609 2.044896125793457 46
1711710661873 2.0583958625793457 47
1711710662131 1.8095999956130981 48
1711710662398 1.636147379875183 49
