1711710649391 59.82386779785156 0
1711710649670 26.56974220275879 1
1711710649940 8.7782564163208 2
1711710650212 6.098853588104248 3
1711710650480 4.972436904907227 4
1711710650749 4.269248008728027 5
1711710651018 3.7276155948638916 6
1711710651286 3.325862169265747 7
1711710651554 3.034898519515991 8
1711710651822 2.796351194381714 9
1711710652086 2.642988920211792 10
1711710652357 2.445371389389038 11
1711710652626 2.381416082382202 12
1711710652894 2.2694807052612305 13
1711710653165 2.1710193157196045 14
1711710653429 2.0808427333831787 15
1711710653700 2.0473718643188477 16
1711710653970 2.0323028564453125 17
1711710654238 1.9650979042053223 18
1711710654511 1.883123517036438 19
1711710654777 1.8637672662734985 20
1711710655011 1.815809965133667 21
1711710655282 1.7758463621139526 22
1711710655515 1.7826696634292603 23
1711710655782 1.7287211418151855 24
1711710656046 1.7203688621520996 25
1711710656314 1.7061954736709595 26
1711710656583 1.6848434209823608 27
1711710656865 1.6386748552322388 28
1711710657129 1.6542770862579346 29
1711710657368 1.6384881734848022 30
1711710657631 1.6023094654083252 31
1711710657902 1.5466033220291138 32
1711710658136 1.5953038930892944 33
1711710658368 1.5263745784759521 34
1711710658636 1.5036554336547852 35
1711710658901 1.4179202318191528 36
1711710659170 1.4186322689056396 37
1711710659441 1.3897743225097656 38
1711710659674 1.4038280248641968 39
1711710659999 1.3088489770889282 40
1711710660292 1.266107439994812 41
1711710660563 1.2750917673110962 42
1711710660829 1.238714337348938 43
1711710661061 1.1744712591171265 44
1711710661337 1.1363441944122314 45
1711710661609 1.0367006063461304 46
1711710661873 1.0543766021728516 47
1711710662131 0.9905696511268616 48
1711710662398 0.9415323734283447 49
