1711710222280 6653.92822265625 0
1711710222553 795.6534423828125 1
1711710222821 157.67323303222656 2
1711710223100 85.349853515625 3
1711710223377 47.68941879272461 4
1711710223648 29.304534912109375 5
1711710223917 20.479013442993164 6
1711710224181 15.253564834594727 7
1711710224448 12.21203899383545 8
1711710224716 9.977425575256348 9
1711710224982 8.285600662231445 10
1711710225244 7.184229373931885 11
1711710225478 6.174298286437988 12
1711710225744 5.401402473449707 13
1711710226007 5.071673393249512 14
1711710226273 4.50497579574585 15
1711710226539 3.8628649711608887 16
1711710226802 3.5577030181884766 17
1711710227067 3.2019035816192627 18
1711710227346 3.007002592086792 19
1711710227653 2.878993034362793 20
1711710227919 2.604444980621338 21
1711710228182 2.446230173110962 22
1711710228444 2.511688232421875 23
1711710228710 2.171358823776245 24
1711710228977 2.188610792160034 25
1711710229247 2.0297656059265137 26
1711710229512 1.9618550539016724 27
1711710229782 1.7578822374343872 28
1711710230015 1.7316871881484985 29
1711710230286 1.7854423522949219 30
1711710230516 1.589207410812378 31
1711710230786 1.537481427192688 32
