1711710222280 62.78716278076172 0
1711710222553 21.566537857055664 1
1711710222821 8.947614669799805 2
1711710223100 6.137001991271973 3
1711710223377 4.5021257400512695 4
1711710223648 3.6462368965148926 5
1711710223917 3.163980484008789 6
1711710224181 2.7928643226623535 7
1711710224448 2.549384355545044 8
1711710224716 2.3142940998077393 9
1711710224982 2.1270060539245605 10
1711710225244 1.9742822647094727 11
1711710225478 1.8414294719696045 12
1711710225744 1.7246966361999512 13
1711710226007 1.676669955253601 14
1711710226273 1.584254503250122 15
1711710226539 1.4643586874008179 16
1711710226802 1.4076448678970337 17
1711710227067 1.338356375694275 18
1711710227346 1.2975029945373535 19
1711710227653 1.2700635194778442 20
1711710227919 1.2062581777572632 21
1711710228182 1.1675655841827393 22
1711710228444 1.1902917623519897 23
1711710228710 1.0957462787628174 24
1711710228977 1.1087566614151 25
1711710229247 1.069689154624939 26
1711710229512 1.0523053407669067 27
1711710229782 0.9902556538581848 28
1711710230015 0.9832375049591064 29
1711710230286 1.0000852346420288 30
1711710230516 0.9439775347709656 31
1711710230786 0.9259032011032104 32
