1711708695608 60.82938766479492 0
1711708695880 20.788028717041016 1
1711708696146 8.202929496765137 2
1711708696417 6.155247211456299 3
1711708696684 4.801168918609619 4
1711708696952 3.97587513923645 5
1711708697254 3.429258108139038 6
1711708697517 3.109280586242676 7
1711708697787 2.8533570766448975 8
1711708698053 2.6154098510742188 9
1711708698364 2.4638969898223877 10
1711708698625 2.2753663063049316 11
1711708698898 2.1333320140838623 12
1711708699164 2.0384557247161865 13
1711708699429 1.9663702249526978 14
1711708699698 1.8000166416168213 15
1711708699961 1.7452950477600098 16
1711708700228 1.640984296798706 17
1711708700490 1.5683940649032593 18
1711708700762 1.4810751676559448 19
1711708701026 1.412754774093628 20
1711708701295 1.3808857202529907 21
1711708701561 1.3538074493408203 22
1711708701825 1.2096731662750244 23
1711708702087 1.1845892667770386 24
1711708702325 1.1378732919692993 25
1711708702589 1.0944278240203857 26
1711708702854 1.0641010999679565 27
1711708703121 0.9594987034797668 28
1711708703382 0.9324432611465454 29
1711708703616 0.8982356786727905 30
1711708703882 0.8739776611328125 31
1711708704214 0.8440887928009033 32
1711708704484 0.8461650013923645 33
1711708704747 0.7548673748970032 34
1711708705014 0.7253256440162659 35
1711708705276 0.7361753582954407 36
1711708705588 0.680613100528717 37
1711708705859 0.6687408685684204 38
1711708706090 0.6759259700775146 39
1711708706355 0.6861541867256165 40
1711708706585 0.5962774753570557 41
1711708706846 0.6040704250335693 42
1711708707080 0.5865222811698914 43
1711708707363 0.5530893206596375 44
1711708707632 0.5643088221549988 45
1711708707899 0.5489090085029602 46
1711708708180 0.5316564440727234 47
1711708708407 0.49827688932418823 48
1711708708698 0.5291345119476318 49
