1711708695608 6252.96728515625 0
1711708695880 741.9014282226562 1
1711708696146 144.70237731933594 2
1711708696417 89.01461029052734 3
1711708696684 56.27001953125 4
1711708696952 37.42600631713867 5
1711708697254 26.478837966918945 6
1711708697517 20.505836486816406 7
1711708697787 16.86809539794922 8
1711708698053 13.968896865844727 9
1711708698364 12.135262489318848 10
1711708698625 10.421075820922852 11
1711708698898 9.084067344665527 12
1711708699164 8.198967933654785 13
1711708699429 7.519205570220947 14
1711708699698 6.381008625030518 15
1711708699961 5.88092041015625 16
1711708700228 5.175849437713623 17
1711708700490 4.670689582824707 18
1711708700762 4.166211128234863 19
1711708701026 3.7601070404052734 20
1711708701295 3.5238094329833984 21
1711708701561 3.334338903427124 22
1711708701825 2.7381796836853027 23
1711708702087 2.588515043258667 24
1711708702325 2.4089863300323486 25
1711708702589 2.215796709060669 26
1711708702854 2.0584585666656494 27
1711708703121 1.733534574508667 28
1711708703382 1.6126303672790527 29
1711708703616 1.500977635383606 30
1711708703882 1.41574227809906 31
1711708704214 1.317995548248291 32
1711708704484 1.2909244298934937 33
1711708704747 1.0652462244033813 34
1711708705014 0.9927982687950134 35
1711708705276 0.9891825318336487 36
1711708705588 0.8595491647720337 37
1711708705859 0.8145319223403931 38
1711708706090 0.8188939690589905 39
1711708706355 0.8438544869422913 40
1711708706585 0.6419972777366638 41
1711708706846 0.654599130153656 42
1711708707080 0.6061730980873108 43
1711708707363 0.5489103198051453 44
1711708707632 0.5637949109077454 45
1711708707899 0.5260434746742249 46
1711708708180 0.494693398475647 47
1711708708407 0.43360117077827454 48
1711708708698 0.4793838560581207 49
