1711709079491 5835.1171875 0
1711709079764 597.4110107421875 1
1711709080036 134.1847686767578 2
1711709080306 77.2960433959961 3
1711709080575 46.27393341064453 4
1711709080841 29.14030647277832 5
1711709081114 21.393136978149414 6
1711709081385 17.06157875061035 7
1711709081647 14.202418327331543 8
1711709081918 12.002655029296875 9
1711709082187 10.378768920898438 10
1711709082461 9.029828071594238 11
1711709082731 8.01318359375 12
1711709083012 7.316429138183594 13
1711709083281 6.724522113800049 14
1711709083549 6.248737812042236 15
1711709083801 5.824464797973633 16
1711709084069 5.431154251098633 17
1711709084319 5.333524703979492 18
1711709084583 5.059901714324951 19
1711709084861 4.707336902618408 20
1711709085130 4.528834819793701 21
1711709085397 4.372897148132324 22
1711709085651 4.253067970275879 23
1711709085916 3.907947301864624 24
1711709086184 3.534545421600342 25
1711709086455 3.379274606704712 26
1711709086688 3.253944158554077 27
1711709086952 2.950026512145996 28
1711709087221 2.788276433944702 29
1711709087493 2.6020405292510986 30
1711709087725 2.4939792156219482 31
1711709087989 2.491365671157837 32
1711709088258 2.2996318340301514 33
1711709088492 2.2757420539855957 34
1711709088723 2.168750524520874 35
