1711709079491 58.37515640258789 0
1711709079764 18.239776611328125 1
1711709080036 8.199350357055664 2
1711709080306 6.00506067276001 3
1711709080575 4.572288990020752 4
1711709080841 3.6395394802093506 5
1711709081114 3.2339727878570557 6
1711709081385 2.9584126472473145 7
1711709081647 2.7425410747528076 8
1711709081918 2.517388343811035 9
1711709082187 2.3538129329681396 10
1711709082461 2.2067575454711914 11
1711709082731 2.0882022380828857 12
1711709083012 2.0134871006011963 13
1711709083281 1.9253654479980469 14
1711709083549 1.8678269386291504 15
1711709083801 1.804612636566162 16
1711709084069 1.739105463027954 17
1711709084319 1.7327337265014648 18
1711709084583 1.6946269273757935 19
1711709084861 1.6223971843719482 20
1711709085130 1.5976009368896484 21
1711709085397 1.5682214498519897 22
1711709085651 1.558732032775879 23
1711709085916 1.4886497259140015 24
1711709086184 1.418284296989441 25
1711709086455 1.3841300010681152 26
1711709086688 1.3592289686203003 27
1711709086952 1.2886905670166016 28
1711709087221 1.2463361024856567 29
1711709087493 1.209907054901123 30
1711709087725 1.1824007034301758 31
1711709087989 1.1834551095962524 32
1711709088258 1.1380184888839722 33
1711709088492 1.139866590499878 34
1711709088723 1.1106235980987549 35
