1711958373531 6411.14599609375 0
1711958373800 797.2881469726562 1
1711958374065 171.6166229248047 2
1711958374331 94.39837646484375 3
1711958374596 58.332427978515625 4
1711958374859 41.585750579833984 5
1711958375122 31.17599868774414 6
1711958375385 23.415529251098633 7
1711958375647 17.855037689208984 8
1711958375909 14.377446174621582 9
1711958376170 12.112350463867188 10
1711958376433 10.405460357666016 11
1711958376694 8.957660675048828 12
1711958376961 8.009132385253906 13
1711958377223 7.229640483856201 14
1711958377485 6.650407314300537 15
1711958377747 6.110772132873535 16
1711958378009 5.817873954772949 17
1711958378270 5.516244411468506 18
1711958378531 5.248020648956299 19
1711958378793 4.998680114746094 20
1711958379019 4.897577285766602 21
1711958379279 4.6213836669921875 22
1711958379569 4.491453647613525 23
1711958379848 4.637050151824951 24
1711958380110 4.175904750823975 25
1711958380432 4.1092753410339355 26
1711958380659 4.387655258178711 27
1711958380920 4.009653091430664 28
1711958381148 3.779397487640381 29
1711958381374 3.6663658618927 30
1711958381634 3.412109613418579 31
1711958381861 3.3214757442474365 32
1711958382126 3.1563832759857178 33
1711958382389 3.175257444381714 34
1711958382616 2.9487409591674805 35
1711958382843 2.706416606903076 36
1711958383105 2.782593011856079 37
1711958383367 2.3697619438171387 38
1711958383629 2.2795135974884033 39
1711958383891 2.134445905685425 40
1711958384118 2.1282119750976562 41
1711958384351 1.9105443954467773 42
1711958384667 1.7577341794967651 43
1711958384895 1.7617716789245605 44
1711958385158 1.6560332775115967 45
1711958385386 1.7121472358703613 46
1711958385646 1.4150123596191406 47
1711958385906 1.4839015007019043 48
1711958386167 1.3120604753494263 49
