1711958373531 61.13151550292969 0
1711958373800 22.146034240722656 1
1711958374065 9.10971736907959 2
1711958374331 6.406238079071045 3
1711958374596 5.086552143096924 4
1711958374859 4.433758735656738 5
1711958375122 3.9247374534606934 6
1711958375385 3.4391651153564453 7
1711958375647 3.038245677947998 8
1711958375909 2.754525661468506 9
1711958376170 2.5475211143493652 10
1711958376433 2.364311933517456 11
1711958376694 2.1976065635681152 12
1711958376961 2.0733590126037598 13
1711958377223 1.9777268171310425 14
1711958377485 1.906944751739502 15
1711958377747 1.8223246335983276 16
1711958378009 1.7941206693649292 17
1711958378270 1.7560418844223022 18
1711958378531 1.7019809484481812 19
1711958378793 1.6565266847610474 20
1711958379019 1.6462973356246948 21
1711958379279 1.5978032350540161 22
1711958379569 1.5723869800567627 23
1711958379848 1.5989174842834473 24
1711958380110 1.5095738172531128 25
1711958380432 1.5001556873321533 26
1711958380659 1.5606015920639038 27
1711958380920 1.491877794265747 28
1711958381148 1.4426305294036865 29
1711958381374 1.415631651878357 30
1711958381634 1.3701503276824951 31
1711958381861 1.3599039316177368 32
1711958382126 1.3186984062194824 33
1711958382389 1.3253628015518188 34
1711958382616 1.2693578004837036 35
1711958382843 1.2087550163269043 36
1711958383105 1.2421023845672607 37
1711958383367 1.1387238502502441 38
1711958383629 1.1110191345214844 39
1711958383891 1.07173752784729 40
1711958384118 1.0822449922561646 41
1711958384351 1.0223891735076904 42
1711958384667 0.9796633720397949 43
1711958384895 0.985465407371521 44
1711958385158 0.9525260329246521 45
1711958385386 0.9765522480010986 46
1711958385646 0.8831340670585632 47
1711958385906 0.9067342281341553 48
1711958386167 0.8519774079322815 49
