1711712448829 5881.38671875 0
1711712449107 622.871337890625 1
1711712449381 139.6759796142578 2
1711712449654 82.56034088134766 3
1711712449923 51.00607681274414 4
1711712450193 33.34086227416992 5
1711712450465 20.49033546447754 6
1711712450749 13.523602485656738 7
1711712451018 10.039264678955078 8
1711712451289 7.955389022827148 9
1711712451559 6.551688194274902 10
1711712451828 5.3657331466674805 11
1711712452097 4.553620338439941 12
1711712452366 3.985255479812622 13
1711712452639 3.565643787384033 14
1711712452945 3.452639579772949 15
1711712453220 3.1192431449890137 16
1711712453488 2.820148468017578 17
1711712453756 2.6969408988952637 18
1711712454027 2.4892334938049316 19
1711712454293 2.4005656242370605 20
1711712454563 2.380704641342163 21
1711712454832 2.237896203994751 22
1711712455070 2.014069080352783 23
1711712455336 1.9790937900543213 24
1711712455611 1.86473548412323 25
1711712455845 1.7611565589904785 26
1711712456113 1.9317227602005005 27
