1711712448829 58.7140998840332 0
1711712449107 18.79602813720703 1
1711712449381 8.37497615814209 2
1711712449654 6.05626916885376 3
1711712449923 4.705958843231201 4
1711712450193 3.827939748764038 5
1711712450465 3.0779662132263184 6
1711712450749 2.5803565979003906 7
1711712451018 2.264078378677368 8
1711712451289 2.0336503982543945 9
1711712451559 1.8577014207839966 10
1711712451828 1.6718579530715942 11
1711712452097 1.5587693452835083 12
1711712452366 1.4720708131790161 13
1711712452639 1.3980234861373901 14
1711712452945 1.393426537513733 15
1711712453220 1.322365164756775 16
1711712453488 1.255734920501709 17
1711712453756 1.2351391315460205 18
1711712454027 1.1847704648971558 19
1711712454293 1.1677980422973633 20
1711712454563 1.1669682264328003 21
1711712454832 1.133467435836792 22
1711712455070 1.0682902336120605 23
1711712455336 1.0593301057815552 24
1711712455611 1.027323603630066 25
1711712455845 1.0017338991165161 26
1711712456113 1.0564433336257935 27
