1711709811576 6199.3779296875 0
1711709811847 787.811279296875 1
1711709812118 148.32606506347656 2
1711709812387 81.53776550292969 3
1711709812651 47.841575622558594 4
1711709812919 31.011884689331055 5
1711709813186 22.796314239501953 6
1711709813455 17.8045711517334 7
1711709813723 14.27457332611084 8
1711709813989 10.538135528564453 9
1711709814256 8.157379150390625 10
1711709814522 6.411695957183838 11
1711709814805 5.111076354980469 12
1711709815094 4.3443827629089355 13
1711709815364 3.8400704860687256 14
1711709815642 3.341029167175293 15
1711709815907 2.9585647583007812 16
1711709816193 2.769176483154297 17
1711709816460 2.50158429145813 18
1711709816693 2.202648639678955 19
1711709816953 1.9972949028015137 20
1711709817222 1.8715213537216187 21
1711709817487 1.8001796007156372 22
1711709817719 1.614806056022644 23
1711709817986 1.4275777339935303 24
1711709818250 1.3121414184570312 25
1711709818516 1.322181224822998 26
1711709818850 1.228843092918396 27
1711709819089 1.1504027843475342 28
1711709819322 1.2231013774871826 29
