1711709811576 60.26857376098633 0
1711709811847 21.736927032470703 1
1711709812118 8.496834754943848 2
1711709812387 5.88403844833374 3
1711709812651 4.415639877319336 4
1711709812919 3.6812751293182373 5
1711709813186 3.2742624282836914 6
1711709813455 2.935441255569458 7
1711709813723 2.6568264961242676 8
1711709813989 2.2666068077087402 9
1711709814256 2.008474111557007 10
1711709814522 1.7958917617797852 11
1711709814805 1.6075819730758667 12
1711709815094 1.4915711879730225 13
1711709815364 1.4245076179504395 14
1711709815642 1.342185378074646 15
1711709815907 1.260995626449585 16
1711709816193 1.231515645980835 17
1711709816460 1.1708011627197266 18
1711709816693 1.0967270135879517 19
1711709816953 1.0377635955810547 20
1711709817222 1.0113004446029663 21
1711709817487 0.996518075466156 22
1711709817719 0.9394913911819458 23
1711709817986 0.8834330439567566 24
1711709818250 0.8472447395324707 25
1711709818516 0.8559285402297974 26
1711709818850 0.8243687748908997 27
1711709819089 0.7964158058166504 28
1711709819322 0.8309804797172546 29
