1711713444948 6070.73779296875 0
1711713445223 744.5048217773438 1
1711713445495 148.77708435058594 2
1711713445767 87.76820373535156 3
1711713446047 54.76337814331055 4
1711713446316 35.680118560791016 5
1711713446589 25.55317497253418 6
1711713446858 20.07427978515625 7
1711713447124 16.419784545898438 8
1711713447396 13.726093292236328 9
1711713447670 11.275306701660156 10
1711713447942 9.46207332611084 11
1711713448210 7.818728923797607 12
1711713448480 6.604304790496826 13
1711713448752 5.5762200355529785 14
1711713449020 5.030271530151367 15
1711713449290 4.377976894378662 16
1711713449559 3.7886340618133545 17
1711713449826 3.586745500564575 18
1711713450121 3.3159921169281006 19
1711713450393 3.040513753890991 20
1711713450660 2.8999996185302734 21
1711713450927 2.8983185291290283 22
1711713451164 2.5593039989471436 23
1711713451432 2.540372610092163 24
1711713451671 2.3820130825042725 25
1711713451940 2.2008860111236572 26
1711713452182 2.277021646499634 27
1711713452446 1.9952130317687988 28
1711713452717 1.9921046495437622 29
1711713452983 1.9099359512329102 30
1711713453220 1.705584168434143 31
1711713453489 1.8519468307495117 32
1711713453758 1.5903525352478027 33
1711713453995 1.5313702821731567 34
1711713454264 1.4252368211746216 35
1711713454532 1.4503294229507446 36
1711713454802 1.2149710655212402 37
1711713455073 1.2749059200286865 38
1711713455339 1.4116228818893433 39
1711713455575 1.201155424118042 40
1711713455828 1.1881016492843628 41
1711713456098 1.0984207391738892 42
1711713456367 1.0696085691452026 43
1711713456622 1.108465313911438 44
1711713456890 0.9253265261650085 45
1711713457225 0.8535494208335876 46
1711713457458 0.8904702663421631 47
1711713457700 0.9670237302780151 48
1711713457969 0.8959439992904663 49
