1711713444948 60.17854309082031 0
1711713445223 20.696889877319336 1
1711713445495 8.482842445373535 2
1711713445767 6.1601643562316895 3
1711713446047 4.838441848754883 4
1711713446316 4.020267009735107 5
1711713446589 3.490586757659912 6
1711713446858 3.162810802459717 7
1711713447124 2.879563331604004 8
1711713447396 2.651418924331665 9
1711713447670 2.389820098876953 10
1711713447942 2.2035889625549316 11
1711713448210 2.009683132171631 12
1711713448480 1.8496326208114624 13
1711713448752 1.719648003578186 14
1711713449020 1.6399199962615967 15
1711713449290 1.5410937070846558 16
1711713449559 1.4370101690292358 17
1711713449826 1.400953769683838 18
1711713450121 1.3577830791473389 19
1711713450393 1.2930010557174683 20
1711713450660 1.2698628902435303 21
1711713450927 1.2814967632293701 22
1711713451164 1.1948994398117065 23
1711713451432 1.199415922164917 24
1711713451671 1.1684331893920898 25
1711713451940 1.1170439720153809 26
1711713452182 1.1376538276672363 27
1711713452446 1.0646530389785767 28
1711713452717 1.062490463256836 29
1711713452983 1.0470317602157593 30
1711713453220 0.9880924224853516 31
1711713453489 1.0376536846160889 32
1711713453758 0.9529405832290649 33
1711713453995 0.9377772808074951 34
1711713454264 0.8994731903076172 35
1711713454532 0.9103305339813232 36
1711713454802 0.8341190814971924 37
1711713455073 0.853412389755249 38
1711713455339 0.9014643430709839 39
1711713455575 0.83517986536026 40
1711713455828 0.8321056365966797 41
1711713456098 0.7947390675544739 42
1711713456367 0.7868532538414001 43
1711713456622 0.8038727045059204 44
1711713456890 0.7313321828842163 45
1711713457225 0.707727313041687 46
1711713457458 0.7212331891059875 47
1711713457700 0.7531001567840576 48
1711713457969 0.7250673770904541 49
