1711959303099 60.47727966308594 0
1711959303381 25.685440063476562 1
1711959303651 8.164677619934082 2
1711959303926 5.55190896987915 3
1711959304209 4.320579528808594 4
1711959304602 3.7048275470733643 5
1711959304880 3.342970609664917 6
1711959305145 2.914386034011841 7
1711959305455 2.604504108428955 8
1711959305808 2.3864781856536865 9
1711959306104 2.24937105178833 10
1711959306380 2.1094603538513184 11
1711959306652 2.0121328830718994 12
1711959306916 1.920387625694275 13
1711959307167 1.862344741821289 14
1711959307447 1.7102034091949463 15
1711959307730 1.6290606260299683 16
1711959308011 1.568879246711731 17
1711959308276 1.529884696006775 18
1711959308508 1.5094012022018433 19
1711959308793 1.4404776096343994 20
1711959309059 1.3868950605392456 21
1711959309347 1.3139820098876953 22
1711959309598 1.2620631456375122 23
1711959309864 1.2017816305160522 24
1711959310128 1.1567989587783813 25
1711959310391 1.1140307188034058 26
1711959310726 1.0728423595428467 27
1711959310982 1.049697756767273 28
1711959311228 1.0592390298843384 29
