1711959303099 6196.26708984375 0
1711959303381 1005.7843627929688 1
1711959303651 147.84619140625 2
1711959303926 75.72882080078125 3
1711959304209 44.87090301513672 4
1711959304602 30.090070724487305 5
1711959304880 22.70903778076172 6
1711959305145 17.33186912536621 7
1711959305455 13.24914264678955 8
1711959305808 10.900413513183594 9
1711959306104 9.43972396850586 10
1711959306380 8.16391658782959 11
1711959306652 7.277503967285156 12
1711959306916 6.6175665855407715 13
1711959307167 6.130985260009766 14
1711959307447 5.205994606018066 15
1711959307730 4.735963821411133 16
1711959308011 4.366707801818848 17
1711959308276 4.136073589324951 18
1711959308508 4.021735191345215 19
1711959308793 3.6737825870513916 20
1711959309059 3.453239679336548 21
1711959309347 3.0922272205352783 22
1711959309598 2.860119104385376 23
1711959309864 2.597235679626465 24
1711959310128 2.4089510440826416 25
1711959310391 2.2437429428100586 26
1711959310726 2.063825845718384 27
1711959310982 1.9711196422576904 28
1711959311228 1.996819019317627 29
