1711714145403 60.976139068603516 0
1711714145775 19.971593856811523 1
1711714146233 7.687440395355225 2
1711714146566 4.844992637634277 3
1711714146834 3.7380571365356445 4
1711714147101 3.3065826892852783 5
1711714147371 3.0179386138916016 6
1711714147645 2.720740556716919 7
1711714147916 2.453277587890625 8
1711714148185 2.2449123859405518 9
1711714148456 2.016711950302124 10
1711714148726 1.882344365119934 11
1711714148995 1.7043054103851318 12
1711714149288 1.6383576393127441 13
1711714149531 1.5581716299057007 14
1711714149806 1.4722986221313477 15
1711714150041 1.5117230415344238 16
1711714150311 1.4210189580917358 17
1711714150580 1.3990485668182373 18
1711714150815 1.307443380355835 19
1711714151083 1.2274243831634521 20
1711714151353 1.2151259183883667 21
1711714151657 1.1865289211273193 22
1711714151925 1.139601230621338 23
1711714152161 1.0880918502807617 24
1711714152432 1.0628547668457031 25
1711714152699 1.099973201751709 26
1711714152935 1.0753053426742554 27
1711714153166 0.9716281890869141 28
1711714153433 0.9702145457267761 29
1711714153703 0.9320999979972839 30
1711714153969 0.9341664910316467 31
1711714154238 0.9123162627220154 32
1711714154505 0.8744022846221924 33
1711714154779 0.8778175115585327 34
1711714155048 0.8171452283859253 35
1711714155280 0.7882336378097534 36
1711714155543 0.7808912396430969 37
1711714155774 0.755632758140564 38
1711714156042 0.7859418392181396 39
