1711714145403 6293.31396484375 0
1711714145775 696.0402221679688 1
1711714146233 123.42607116699219 2
1711714146566 58.1458740234375 3
1711714146834 32.56031036376953 4
1711714147101 23.322959899902344 5
1711714147371 18.526254653930664 6
1711714147645 14.957462310791016 7
1711714147916 12.038013458251953 8
1711714148185 10.042118072509766 9
1711714148456 8.16442584991455 10
1711714148726 7.013399124145508 11
1711714148995 5.774140357971191 12
1711714149288 5.191868305206299 13
1711714149531 4.656944751739502 14
1711714149806 4.1454362869262695 15
1711714150041 4.2129034996032715 16
1711714150311 3.7206053733825684 17
1711714150580 3.506972551345825 18
1711714150815 3.13014817237854 19
1711714151083 2.784749984741211 20
1711714151353 2.695059299468994 21
1711714151657 2.5468552112579346 22
1711714151925 2.324172258377075 23
1711714152161 2.149036407470703 24
1711714152432 2.0452208518981934 25
1711714152699 2.154088258743286 26
1711714152935 2.024956464767456 27
1711714153166 1.6699860095977783 28
1711714153433 1.656537413597107 29
1711714153703 1.5281428098678589 30
1711714153969 1.534658670425415 31
1711714154238 1.4455000162124634 32
1711714154505 1.321137547492981 33
1711714154779 1.3442246913909912 34
1711714155048 1.1638150215148926 35
1711714155280 1.0902979373931885 36
1711714155543 1.0548570156097412 37
1711714155774 0.9959143996238708 38
1711714156042 1.0480324029922485 39
