1711708529097 6036.43896484375 0
1711708529367 821.9718627929688 1
1711708529636 138.5544891357422 2
1711708529905 74.0101547241211 3
1711708530175 41.95939636230469 4
1711708530442 29.170936584472656 5
1711708530708 23.078428268432617 6
1711708531020 18.797143936157227 7
1711708531283 16.030555725097656 8
1711708531551 13.656585693359375 9
1711708531817 11.500609397888184 10
1711708532081 10.128239631652832 11
1711708532350 8.142635345458984 12
1711708532614 6.243478775024414 13
1711708532883 5.123222827911377 14
1711708533148 4.105385780334473 15
1711708533411 3.7806155681610107 16
1711708533678 3.205018997192383 17
1711708533947 2.8547873497009277 18
1711708534178 2.7111306190490723 19
1711708534443 2.4488320350646973 20
1711708534674 2.2985098361968994 21
1711708534940 2.196790933609009 22
1711708535207 1.9738800525665283 23
1711708535470 1.8057698011398315 24
1711708535736 1.6821106672286987 25
1711708536004 1.6276435852050781 26
1711708536237 1.5592344999313354 27
1711708536503 1.3761080503463745 28
1711708536769 1.6116546392440796 29
1711708537001 1.3068541288375854 30
1711708537267 1.1874395608901978 31
1711708537498 1.1531307697296143 32
1711708537762 1.1787456274032593 33
1711708538029 1.1371263265609741 34
1711708538332 1.0518293380737305 35
1711708538598 1.0486544370651245 36
1711708538835 0.9902442693710327 37
1711708539100 0.9178515672683716 38
1711708539362 0.93142169713974 39
1711708539598 0.9301855564117432 40
1711708539860 0.9384101629257202 41
1711708540133 0.8837055563926697 42
1711708540397 0.8030022382736206 43
1711708540625 0.7528956532478333 44
1711708540933 0.6525624990463257 45
1711708541196 0.6885419487953186 46
1711708541443 0.6463772058486938 47
1711708541708 0.6805253028869629 48
1711708541972 0.6756849884986877 49
