1711708529097 59.71877670288086 0
1711708529367 22.24680519104004 1
1711708529636 8.041111946105957 2
1711708529905 5.552051067352295 3
1711708530175 4.173118591308594 4
1711708530442 3.6855640411376953 5
1711708530708 3.4071967601776123 6
1711708531020 3.102536916732788 7
1711708531283 2.880624532699585 8
1711708531551 2.688345193862915 9
1711708531817 2.4595584869384766 10
1711708532081 2.3354945182800293 11
1711708532350 2.088193416595459 12
1711708532614 1.8193880319595337 13
1711708532883 1.6530450582504272 14
1711708533148 1.4804284572601318 15
1711708533411 1.4344946146011353 16
1711708533678 1.320672869682312 17
1711708533947 1.2567960023880005 18
1711708534178 1.2292274236679077 19
1711708534443 1.1721519231796265 20
1711708534674 1.1362801790237427 21
1711708534940 1.1118135452270508 22
1711708535207 1.0561035871505737 23
1711708535470 1.0100886821746826 24
1711708535736 0.9766701459884644 25
1711708536004 0.9642824530601501 26
1711708536237 0.9400579929351807 27
1711708536503 0.8863742351531982 28
1711708536769 0.9721230268478394 29
1711708537001 0.8664072751998901 30
1711708537267 0.8234252333641052 31
1711708537498 0.8112199306488037 32
1711708537762 0.8241980075836182 33
1711708538029 0.8070129752159119 34
1711708538332 0.7826407551765442 35
1711708538598 0.7845297455787659 36
1711708538835 0.7561476826667786 37
1711708539100 0.7285574078559875 38
1711708539362 0.7329727411270142 39
1711708539598 0.7349647283554077 40
1711708539860 0.7446845769882202 41
1711708540133 0.7156543135643005 42
1711708540397 0.6798749566078186 43
1711708540625 0.6587677597999573 44
1711708540933 0.6147865653038025 45
1711708541196 0.6325451731681824 46
1711708541443 0.6122739315032959 47
1711708541708 0.6281937956809998 48
1711708541972 0.6265532970428467 49
