1711709464419 57.553619384765625 0
1711709464695 18.690336227416992 1
1711709464966 7.798295974731445 2
1711709465234 5.5514984130859375 3
1711709465499 4.217977523803711 4
1711709465769 3.626027822494507 5
1711709466037 3.3449831008911133 6
1711709466303 3.013432502746582 7
1711709466570 2.7609691619873047 8
1711709466837 2.5700926780700684 9
1711709467104 2.383852243423462 10
1711709467372 2.144948959350586 11
1711709467640 2.0509042739868164 12
1711709467906 1.878166675567627 13
1711709468178 1.8260267972946167 14
1711709468447 1.7203130722045898 15
1711709468713 1.6181727647781372 16
1711709468980 1.5897358655929565 17
1711709469212 1.5369911193847656 18
1711709469474 1.476851224899292 19
1711709469741 1.4205025434494019 20
1711709470009 1.4026072025299072 21
1711709470272 1.3849354982376099 22
1711709470540 1.3482722043991089 23
1711709470772 1.2932133674621582 24
1711709471005 1.3041634559631348 25
1711709471268 1.2408387660980225 26
1711709471503 1.219857096672058 27
1711709471771 1.1764572858810425 28
1711709472085 1.1351054906845093 29
1711709472326 1.1315839290618896 30
1711709472593 1.1280102729797363 31
1711709472861 1.0829181671142578 32
1711709473131 1.0915899276733398 33
1711709473399 1.0363067388534546 34
1711709473665 1.0046600103378296 35
1711709473934 0.9621922969818115 36
1711709474200 0.9500758051872253 37
1711709474463 0.9546382427215576 38
1711709474701 0.931736946105957 39
1711709474964 0.9304955005645752 40
1711709475199 0.9863989353179932 41
1711709475467 0.8550729155540466 42
1711709475732 0.8327335119247437 43
1711709476000 0.8354217410087585 44
1711709476233 0.8272104859352112 45
1711709476466 0.8362591862678528 46
