1711709464419 5754.16650390625 0
1711709464695 611.3217163085938 1
1711709464966 134.3400421142578 2
1711709465234 74.8154525756836 3
1711709465499 43.88151168823242 4
1711709465769 29.67510414123535 5
1711709466037 23.138648986816406 6
1711709466303 18.069181442260742 7
1711709466570 14.714855194091797 8
1711709466837 12.517220497131348 9
1711709467104 10.614482879638672 10
1711709467372 8.59187126159668 11
1711709467640 7.704462051391602 12
1711709467906 6.454050064086914 13
1711709468178 6.00041389465332 14
1711709468447 5.3281474113464355 15
1711709468713 4.744380474090576 16
1711709468980 4.515957832336426 17
1711709469212 4.212045669555664 18
1711709469474 3.915893077850342 19
1711709469741 3.6121158599853516 20
1711709470009 3.538435935974121 21
1711709470272 3.4013404846191406 22
1711709470540 3.245072841644287 23
1711709470772 2.9772727489471436 24
1711709471005 3.020404577255249 25
1711709471268 2.7379300594329834 26
1711709471503 2.6532344818115234 27
1711709471771 2.453195095062256 28
1711709472085 2.298245668411255 29
1711709472326 2.2722010612487793 30
1711709472593 2.260648488998413 31
1711709472861 2.0876970291137695 32
1711709473131 2.1094956398010254 33
1711709473399 1.8890299797058105 34
1711709473665 1.8095237016677856 35
1711709473934 1.6631234884262085 36
1711709474200 1.6262428760528564 37
1711709474463 1.6064521074295044 38
1711709474701 1.5512518882751465 39
1711709474964 1.5439788103103638 40
1711709475199 1.7042886018753052 41
1711709475467 1.308083415031433 42
1711709475732 1.240655779838562 43
1711709476000 1.247051477432251 44
1711709476233 1.2037580013275146 45
1711709476466 1.233421802520752 46
