1711712393538 5777.9521484375 0
1711712393815 802.6541748046875 1
1711712394082 137.2860565185547 2
1711712394353 72.60613250732422 3
1711712394621 36.659812927246094 4
1711712394885 22.227155685424805 5
1711712395152 15.906536102294922 6
1711712395421 11.91895580291748 7
1711712395692 9.029603004455566 8
1711712395956 7.419227123260498 9
1711712396193 6.246351718902588 10
1711712396465 5.333343982696533 11
1711712396729 4.863891124725342 12
1711712396998 4.482253074645996 13
1711712397263 4.046046733856201 14
1711712397493 3.8703019618988037 15
1711712397759 3.4398624897003174 16
1711712397993 3.1295218467712402 17
1711712398260 3.08012056350708 18
1711712398532 2.8226735591888428 19
1711712398768 2.5997307300567627 20
1711712399031 2.4452638626098633 21
1711712399267 2.3781557083129883 22
1711712399531 2.1761550903320312 23
1711712399794 2.0610005855560303 24
1711712400060 1.8976446390151978 25
1711712400293 1.7815136909484863 26
1711712400558 1.7430849075317383 27
1711712400824 1.6045613288879395 28
1711712401089 1.4109293222427368 29
1711712401355 1.438088297843933 30
1711712401620 1.4029457569122314 31
1711712401918 1.362865924835205 32
1711712402155 1.4289007186889648 33
1711712402420 1.1769824028015137 34
1711712402653 1.0406532287597656 35
1711712402914 1.0686651468276978 36
1711712403183 1.0119251012802124 37
1711712403440 0.9980458617210388 38
1711712403707 0.8673694729804993 39
1711712403975 0.8731526732444763 40
1711712404204 0.7543081641197205 41
1711712404470 0.914315402507782 42
1711712404737 0.705034613609314 43
1711712404970 0.7314538359642029 44
1711712405235 0.7354418635368347 45
1711712405469 0.6571009159088135 46
1711712405779 0.605661153793335 47
1711712406046 0.6590889096260071 48
1711712406332 0.5618550181388855 49
