1711712393538 58.759765625 0
1711712393815 22.064682006835938 1
1711712394082 7.954261779785156 2
1711712394353 5.482954025268555 3
1711712394621 3.8535537719726562 4
1711712394885 3.1081607341766357 5
1711712395152 2.7250359058380127 6
1711712395421 2.3767945766448975 7
1711712395692 2.075866937637329 8
1711712395956 1.9034417867660522 9
1711712396193 1.7692195177078247 10
1711712396465 1.6220797300338745 11
1711712396729 1.5683050155639648 12
1711712396998 1.5294338464736938 13
1711712397263 1.4528603553771973 14
1711712397493 1.4291765689849854 15
1711712397759 1.3519506454467773 16
1711712397993 1.288467526435852 17
1711712398260 1.2907254695892334 18
1711712398532 1.2368528842926025 19
1711712398768 1.1936372518539429 20
1711712399031 1.1640907526016235 21
1711712399267 1.1626147031784058 22
1711712399531 1.102590799331665 23
1711712399794 1.075642466545105 24
1711712400060 1.0341721773147583 25
1711712400293 1.0045229196548462 26
1711712400558 0.9923943281173706 27
1711712400824 0.9507523775100708 28
1711712401089 0.8901309967041016 29
1711712401355 0.9051388502120972 30
1711712401620 0.8961342573165894 31
1711712401918 0.8850120306015015 32
1711712402155 0.9061787128448486 33
1711712402420 0.8204336762428284 34
1711712402653 0.7643383741378784 35
1711712402914 0.7818251848220825 36
1711712403183 0.7598833441734314 37
1711712403440 0.757084310054779 38
1711712403707 0.7066001296043396 39
1711712403975 0.7106331586837769 40
1711712404204 0.6609343886375427 41
1711712404470 0.7278945446014404 42
1711712404737 0.6354226469993591 43
1711712404970 0.6531876921653748 44
1711712405235 0.6513168811798096 45
1711712405469 0.6169455647468567 46
1711712405779 0.5954460501670837 47
1711712406046 0.6195142269134521 48
1711712406332 0.5725341439247131 49
