1711712014478 6558.18212890625 0
1711712014761 1033.2872314453125 1
1711712015031 156.70213317871094 2
1711712015323 84.3462142944336 3
1711712016036 45.73691940307617 4
1711712016643 26.352602005004883 5
1711712017277 16.84136962890625 6
1711712017603 12.129106521606445 7
1711712017875 9.174602508544922 8
1711712018141 7.399473667144775 9
1711712018412 6.309446334838867 10
1711712018681 5.693138599395752 11
1711712018944 5.189025402069092 12
1711712019211 4.567993640899658 13
1711712019446 4.36304235458374 14
1711712019686 3.9956905841827393 15
1711712019948 3.598705530166626 16
1711712020212 3.3232598304748535 17
1711712020481 3.158557176589966 18
1711712020746 2.8046207427978516 19
1711712021014 2.6719589233398438 20
1711712021244 2.6076924800872803 21
1711712021509 2.483346700668335 22
1711712021775 2.220000982284546 23
1711712022041 2.037411689758301 24
1711712022302 1.839609146118164 25
1711712022568 1.7509602308273315 26
1711712022838 1.6883569955825806 27
1711712023105 1.5840659141540527 28
1711712023376 1.442162036895752 29
1711712023641 1.3275303840637207 30
1711712023906 1.2473024129867554 31
1711712024145 1.1488747596740723 32
1711712024407 1.1367493867874146 33
1711712024638 1.014606237411499 34
1711712024902 1.0564881563186646 35
1711712025168 1.0472332239151 36
1711712025443 0.983462393283844 37
1711712025712 0.9630323052406311 38
1711712025943 0.7991551756858826 39
1711712026206 0.8651235103607178 40
1711712026474 0.7024514079093933 41
1711712026703 0.6842001080513 42
1711712026966 0.673886239528656 43
1711712027231 0.6057397723197937 44
1711712027462 0.734936535358429 45
1711712027728 0.6119691729545593 46
1711712027963 0.584072470664978 47
1711712028234 0.5637919902801514 48
