1711712014478 62.895896911621094 0
1711712014761 26.208364486694336 1
1711712015031 8.452919006347656 2
1711712015323 5.8976030349731445 3
1711712016036 4.285993576049805 4
1711712016643 3.358185052871704 5
1711712017277 2.797372579574585 6
1711712017603 2.441710948944092 7
1711712017875 2.1615190505981445 8
1711712018141 1.9623749256134033 9
1711712018412 1.8224159479141235 10
1711712018681 1.7461830377578735 11
1711712018944 1.675717830657959 12
1711712019211 1.572574257850647 13
1711712019446 1.539730191230774 14
1711712019686 1.476347804069519 15
1711712019948 1.3989559412002563 16
1711712020212 1.3464184999465942 17
1711712020481 1.3159241676330566 18
1711712020746 1.2364610433578491 19
1711712021014 1.2045559883117676 20
1711712021244 1.2052102088928223 21
1711712021509 1.1750540733337402 22
1711712021775 1.1081312894821167 23
1711712022041 1.0623973608016968 24
1711712022302 1.0089194774627686 25
1711712022568 0.9848299026489258 26
1711712022838 0.9695520997047424 27
1711712023105 0.9439973831176758 28
1711712023376 0.8950022459030151 29
1711712023641 0.8602889180183411 30
1711712023906 0.8361655473709106 31
1711712024145 0.7980801463127136 32
1711712024407 0.7991377711296082 33
1711712024638 0.7498683333396912 34
1711712024902 0.7726494669914246 35
1711712025168 0.7724288105964661 36
1711712025443 0.7511065006256104 37
1711712025712 0.743139922618866 38
1711712025943 0.6704940795898438 39
1711712026206 0.699635922908783 40
1711712026474 0.6253967881202698 41
1711712026703 0.621094286441803 42
1711712026966 0.618206262588501 43
1711712027231 0.5840542912483215 44
1711712027462 0.6449357867240906 45
1711712027728 0.586741030216217 46
1711712027963 0.5760097503662109 47
1711712028234 0.5658599734306335 48
