1711709429649 6540.29150390625 0
1711709429931 1076.8551025390625 1
1711709430230 173.35096740722656 2
1711709430530 93.5344467163086 3
1711709430809 55.7495002746582 4
1711709431222 37.37813186645508 5
1711709431500 27.850830078125 6
1711709431831 21.776268005371094 7
1711709432107 18.856508255004883 8
1711709432404 15.879443168640137 9
1711709432729 13.795571327209473 10
1711709433010 12.403054237365723 11
1711709433306 10.70226764678955 12
1711709433579 9.402495384216309 13
1711709433866 8.605976104736328 14
1711709434147 7.7752203941345215 15
1711709434441 6.967694282531738 16
1711709434718 6.585726261138916 17
1711709434971 5.892503261566162 18
1711709435244 5.625232696533203 19
1711709435527 5.1080145835876465 20
1711709435797 4.784443378448486 21
1711709436084 4.655330181121826 22
1711709436330 4.39785623550415 23
1711709436609 4.012446880340576 24
1711709436874 3.912198066711426 25
1711709437163 3.755312204360962 26
1711709437489 3.50341796875 27
1711709437783 3.412580728530884 28
1711709438061 3.2605724334716797 29
1711709438341 3.153489828109741 30
1711709438625 3.2371292114257812 31
1711709438919 3.009129524230957 32
1711709439203 2.80014967918396 33
1711709439470 2.714587688446045 34
1711709439735 2.5114963054656982 35
1711709440002 2.446303606033325 36
1711709440235 2.2130966186523438 37
1711709440504 2.5615928173065186 38
1711709440771 1.9269895553588867 39
1711709441044 1.816846489906311 40
1711709441344 1.6459180116653442 41
1711709441583 1.6840237379074097 42
1711709441815 1.5743314027786255 43
1711709442082 1.4294811487197876 44
1711709442320 1.3898401260375977 45
1711709442599 1.3519656658172607 46
1711709442869 1.2312413454055786 47
1711709443108 1.2207274436950684 48
1711709443393 1.127160668373108 49
