1711709429649 62.74244689941406 0
1711709429931 26.289949417114258 1
1711709430230 9.368073463439941 2
1711709430530 6.31360387802124 3
1711709430809 4.685245990753174 4
1711709431222 3.952746629714966 5
1711709431500 3.5686535835266113 6
1711709431831 3.245626211166382 7
1711709432107 3.080906867980957 8
1711709432404 2.8354172706604004 9
1711709432729 2.663149118423462 10
1711709433010 2.546863079071045 11
1711709433306 2.353506326675415 12
1711709433579 2.2204713821411133 13
1711709433866 2.123793840408325 14
1711709434147 2.043262481689453 15
1711709434441 1.9205940961837769 16
1711709434718 1.8866798877716064 17
1711709434971 1.788325548171997 18
1711709435244 1.7545169591903687 19
1711709435527 1.6845693588256836 20
1711709435797 1.6340291500091553 21
1711709436084 1.615870714187622 22
1711709436330 1.5793485641479492 23
1711709436609 1.5103189945220947 24
1711709436874 1.4865655899047852 25
1711709437163 1.4566377401351929 26
1711709437489 1.4085336923599243 27
1711709437783 1.3956198692321777 28
1711709438061 1.3580418825149536 29
1711709438341 1.3378803730010986 30
1711709438625 1.3578484058380127 31
1711709438919 1.3077805042266846 32
1711709439203 1.2584348917007446 33
1711709439470 1.2460356950759888 34
1711709439735 1.1938179731369019 35
1711709440002 1.1814043521881104 36
1711709440235 1.1204748153686523 37
1711709440504 1.2155168056488037 38
1711709440771 1.0440491437911987 39
1711709441044 1.0057625770568848 40
1711709441344 0.9593275189399719 41
1711709441583 0.969936192035675 42
1711709441815 0.9423815011978149 43
1711709442082 0.890536904335022 44
1711709442320 0.8795424103736877 45
1711709442599 0.8693016767501831 46
1711709442869 0.8281052708625793 47
1711709443108 0.8217691779136658 48
1711709443393 0.7929380536079407 49
