1711708958590 6047.17041015625 0
1711708958863 695.4971923828125 1
1711708959134 166.07826232910156 2
1711708959403 95.74327850341797 3
1711708959676 61.4830207824707 4
1711708959944 42.750736236572266 5
1711708960212 32.63039779663086 6
1711708960481 25.09239959716797 7
1711708960746 21.107261657714844 8
1711708961014 18.181703567504883 9
1711708961292 15.53702163696289 10
1711708961555 13.743821144104004 11
1711708961821 11.83569049835205 12
1711708962090 10.517255783081055 13
1711708962356 9.374191284179688 14
1711708962626 8.269122123718262 15
1711708962918 7.390955448150635 16
1711708963186 6.872532367706299 17
1711708963454 6.360239505767822 18
1711708963687 5.829800605773926 19
1711708963990 5.447783946990967 20
1711708964261 4.992293357849121 21
1711708964527 4.718537330627441 22
1711708964793 4.361749649047852 23
1711708965091 4.0835065841674805 24
1711708965368 3.596301317214966 25
1711708965602 3.301997184753418 26
1711708965868 3.0735599994659424 27
1711708966135 2.869506597518921 28
1711708966405 2.755016565322876 29
1711708966638 2.5076606273651123 30
1711708966905 2.3884565830230713 31
1711708967169 2.0877575874328613 32
1711708967437 1.9504170417785645 33
1711708967703 1.7467141151428223 34
1711708967936 1.6310442686080933 35
1711708968201 1.7153518199920654 36
1711708968470 1.3968015909194946 37
1711708968702 1.3249996900558472 38
1711708968934 1.3150640726089478 39
