1711708958590 59.3286247253418 0
1711708958863 20.493988037109375 1
1711708959134 9.100220680236816 2
1711708959403 6.510441303253174 3
1711708959676 5.179305076599121 4
1711708959944 4.459198951721191 5
1711708960212 4.019141674041748 6
1711708960481 3.5728793144226074 7
1711708960746 3.3117151260375977 8
1711708961014 3.0995378494262695 9
1711708961292 2.8620963096618652 10
1711708961555 2.691547393798828 11
1711708961821 2.4978601932525635 12
1711708962090 2.3671634197235107 13
1711708962356 2.2461507320404053 14
1711708962626 2.105510711669922 15
1711708962918 2.007077693939209 16
1711708963186 1.9394458532333374 17
1711708963454 1.8673667907714844 18
1711708963687 1.7961926460266113 19
1711708963990 1.7348707914352417 20
1711708964261 1.6520874500274658 21
1711708964527 1.610044002532959 22
1711708964793 1.5475932359695435 23
1711708965091 1.5033843517303467 24
1711708965368 1.406042218208313 25
1711708965602 1.350560188293457 26
1711708965868 1.2985771894454956 27
1711708966135 1.2558491230010986 28
1711708966405 1.243761420249939 29
1711708966638 1.1842483282089233 30
1711708966905 1.158262014389038 31
1711708967169 1.078582763671875 32
1711708967437 1.0397891998291016 33
1711708967703 0.9898284673690796 34
1711708967936 0.9558707475662231 35
1711708968201 0.992679238319397 36
1711708968470 0.8866417407989502 37
1711708968702 0.8696235418319702 38
1711708968934 0.8692358136177063 39
