1711712207911 5941.5556640625 0
1711712208187 592.2151489257812 1
1711712208457 121.27791595458984 2
1711712208728 62.760658264160156 3
1711712208994 35.64531326293945 4
1711712209270 25.168701171875 5
1711712209541 20.2380428314209 6
1711712209811 16.565670013427734 7
1711712210081 13.763175010681152 8
1711712210363 11.661808013916016 9
1711712210634 9.787951469421387 10
1711712210903 8.517403602600098 11
1711712211172 7.587929725646973 12
1711712211438 6.771982192993164 13
1711712211703 6.289874076843262 14
1711712211972 5.768073558807373 15
1711712212202 5.14108419418335 16
1711712212468 4.8396315574646 17
1711712212715 4.735860347747803 18
1711712212979 4.467531681060791 19
1711712213255 4.270730972290039 20
1711712213524 3.985783576965332 21
1711712213757 3.778116464614868 22
1711712214025 3.7315852642059326 23
1711712214292 3.545258045196533 24
1711712214599 3.408114433288574 25
1711712214833 3.5158143043518066 26
1711712215101 3.436314582824707 27
1711712215334 3.142427921295166 28
1711712215605 3.232919454574585 29
1711712215873 2.886690378189087 30
1711712216136 2.9988021850585938 31
1711712216402 2.840554714202881 32
1711712216638 2.50264048576355 33
1711712216902 2.5013577938079834 34
1711712217168 2.3354623317718506 35
1711712217399 2.398582696914673 36
1711712217634 2.3766658306121826 37
1711712217899 2.193183183670044 38
1711712218135 2.1126582622528076 39
1711712218398 2.1396563053131104 40
1711712218665 2.051213264465332 41
1711712218901 1.9791452884674072 42
1711712219169 1.8612536191940308 43
1711712219400 1.7342783212661743 44
1711712219668 1.546386957168579 45
1711712219933 1.4368631839752197 46
1711712220200 1.4666324853897095 47
1711712220461 1.5137009620666504 48
1711712220696 1.2662793397903442 49
