1711712207911 58.99968719482422 0
1711712208187 18.206769943237305 1
1711712208457 7.6204915046691895 2
1711712208728 5.203713893890381 3
1711712208994 3.9343934059143066 4
1711712209270 3.4560208320617676 5
1711712209541 3.1823618412017822 6
1711712209811 2.9188780784606934 7
1711712210081 2.6765928268432617 8
1711712210363 2.475137710571289 9
1711712210634 2.293001174926758 10
1711712210903 2.142622232437134 11
1711712211172 2.050405263900757 12
1711712211438 1.938270926475525 13
1711712211703 1.8799660205841064 14
1711712211972 1.8061857223510742 15
1711712212202 1.705507755279541 16
1711712212468 1.6517372131347656 17
1711712212715 1.643282175064087 18
1711712212979 1.5943598747253418 19
1711712213255 1.561187505722046 20
1711712213524 1.5113884210586548 21
1711712213757 1.4595614671707153 22
1711712214025 1.4527003765106201 23
1711712214292 1.419775128364563 24
1711712214599 1.382744550704956 25
1711712214833 1.4193787574768066 26
1711712215101 1.3924633264541626 27
1711712215334 1.3305840492248535 28
1711712215605 1.3459011316299438 29
1711712215873 1.2735273838043213 30
1711712216136 1.30167818069458 31
1711712216402 1.2657756805419922 32
1711712216638 1.182634711265564 33
1711712216902 1.1851900815963745 34
1711712217168 1.1384830474853516 35
1711712217399 1.160629153251648 36
1711712217634 1.155002236366272 37
1711712217899 1.1036734580993652 38
1711712218135 1.0874496698379517 39
1711712218398 1.0911005735397339 40
1711712218665 1.0669726133346558 41
1711712218901 1.052949070930481 42
1711712219169 1.0171722173690796 43
1711712219400 0.9813241362571716 44
1711712219668 0.9210245609283447 45
1711712219933 0.8895868062973022 46
1711712220200 0.8947950005531311 47
1711712220461 0.9159597754478455 48
1711712220696 0.8322485089302063 49
