1711711023920 6259.736328125 0
1711711024281 1122.4278564453125 1
1711711024709 181.25143432617188 2
1711711024991 102.6842269897461 3
1711711025260 66.80268096923828 4
1711711025526 43.96872329711914 5
1711711025838 29.772239685058594 6
1711711026106 17.977985382080078 7
1711711026372 11.617292404174805 8
1711711026644 8.650588035583496 9
1711711026907 7.030121326446533 10
1711711027173 6.101485729217529 11
1711711027440 5.391009330749512 12
1711711027706 4.79634428024292 13
1711711027976 4.4596333503723145 14
1711711028241 4.103508949279785 15
1711711028473 4.1600565910339355 16
1711711028736 3.7701339721679688 17
1711711029005 3.6741535663604736 18
1711711029270 3.2464377880096436 19
1711711029540 3.188056230545044 20
1711711029806 3.0255982875823975 21
1711711030039 2.9304850101470947 22
1711711030305 2.719362497329712 23
1711711030569 2.962667226791382 24
1711711030808 2.622028112411499 25
1711711031076 2.554363250732422 26
1711711031308 2.3394389152526855 27
1711711031568 2.232922077178955 28
