1711711023920 60.82882308959961 0
1711711024281 27.37606430053711 1
1711711024709 9.45348834991455 2
1711711024991 6.865262031555176 3
1711711025260 5.4490861892700195 4
1711711025526 4.449249267578125 5
1711711025838 3.7124316692352295 6
1711711026106 2.830443859100342 7
1711711026372 2.287760019302368 8
1711711026644 2.024940252304077 9
1711711026907 1.8769500255584717 10
1711711027173 1.760844111442566 11
1711711027440 1.6803581714630127 12
1711711027706 1.5915690660476685 13
1711711027976 1.5376198291778564 14
1711711028241 1.4815694093704224 15
1711711028473 1.5130527019500732 16
1711711028736 1.4315232038497925 17
1711711029005 1.4268624782562256 18
1711711029270 1.3256033658981323 19
1711711029540 1.3164057731628418 20
1711711029806 1.2882025241851807 21
1711711030039 1.2699835300445557 22
1711711030305 1.2319639921188354 23
1711711030569 1.2944245338439941 24
1711711030808 1.2141978740692139 25
1711711031076 1.1966023445129395 26
1711711031308 1.1438019275665283 27
1711711031568 1.1163921356201172 28
