1711713816635 58.11000061035156 0
1711713817302 20.110414505004883 1
1711713817715 7.4493865966796875 2
1711713818219 5.403279781341553 3
1711713818489 4.166309833526611 4
1711713818755 3.428595781326294 5
1711713819019 2.916764497756958 6
1711713819286 2.5370399951934814 7
1711713819552 2.25451922416687 8
1711713819819 1.9970581531524658 9
1711713820130 1.8337994813919067 10
1711713820394 1.7384881973266602 11
1711713820663 1.643474817276001 12
1711713820929 1.5562164783477783 13
1711713821222 1.5224814414978027 14
1711713821487 1.5108546018600464 15
1711713821751 1.4284920692443848 16
1711713822015 1.4015921354293823 17
1711713822250 1.3873883485794067 18
1711713822514 1.3363887071609497 19
1711713822781 1.3125500679016113 20
1711713823015 1.3039953708648682 21
1711713823247 1.252882957458496 22
