1711713816635 5769.12353515625 0
1711713817302 696.6187744140625 1
1711713817715 125.53178405761719 2
1711713818219 71.808837890625 3
1711713818489 41.70304870605469 4
1711713818755 26.746917724609375 5
1711713819019 18.35927963256836 6
1711713819286 13.28920841217041 7
1711713819552 10.206613540649414 8
1711713819819 7.825544357299805 9
1711713820130 6.454179763793945 10
1711713820394 5.67944860458374 11
1711713820663 5.022554874420166 12
1711713820929 4.492923736572266 13
1711713821222 4.265532970428467 14
1711713821487 4.1495513916015625 15
1711713821751 3.730738878250122 16
1711713822015 3.558879852294922 17
1711713822250 3.455382823944092 18
1711713822514 3.231203317642212 19
1711713822781 3.1171650886535645 20
1711713823015 3.056626081466675 21
1711713823247 2.8304479122161865 22
