1711958503249 56.972896575927734 0
1711958503517 21.099021911621094 1
1711958503784 8.479758262634277 2
1711958504047 6.1217522621154785 3
1711958504310 4.660173416137695 4
1711958504572 3.986859083175659 5
1711958504833 3.5986056327819824 6
1711958505097 3.2843682765960693 7
1711958505358 3.008066177368164 8
1711958505619 2.721419334411621 9
1711958505896 2.4105827808380127 10
1711958506158 2.1950511932373047 11
1711958506418 1.926145076751709 12
1711958506688 1.7493497133255005 13
1711958506950 1.6655932664871216 14
1711958507224 1.5759053230285645 15
1711958507486 1.4932810068130493 16
1711958507747 1.4232816696166992 17
1711958508008 1.3897939920425415 18
1711958508269 1.30400812625885 19
1711958508529 1.2648321390151978 20
1711958508756 1.1995054483413696 21
1711958509017 1.1160943508148193 22
1711958509305 1.0952043533325195 23
1711958509570 1.0597323179244995 24
1711958509834 1.0235865116119385 25
1711958510097 1.0031683444976807 26
1711958510358 0.9524125456809998 27
1711958510620 0.9593186378479004 28
1711958510883 0.9538846015930176 29
1711958511110 0.8984936475753784 30
1711958511372 0.9001807570457458 31
1711958511598 0.8385160565376282 32
1711958511863 0.8210919499397278 33
1711958512130 0.8696811199188232 34
1711958512357 0.8268815279006958 35
1711958512584 0.8031474351882935 36
1711958512883 0.8398662209510803 37
1711958513108 0.7826054096221924 38
1711958513370 0.7609802484512329 39
1711958513597 0.777160108089447 40
1711958513857 0.7330088019371033 41
1711958514084 0.7435606122016907 42
1711958514345 0.7155885696411133 43
1711958514571 0.758901834487915 44
1711958514829 0.7682580947875977 45
1711958515091 0.6963668465614319 46
1711958515318 0.7612746953964233 47
1711958515578 0.6921828985214233 48
