1711958503249 5581.08740234375 0
1711958503517 738.4291381835938 1
1711958503784 157.4990692138672 2
1711958504047 89.23284149169922 3
1711958504310 52.40232849121094 4
1711958504572 35.229190826416016 5
1711958504833 26.8205623626709 6
1711958505097 21.7651309967041 7
1711958505358 17.591659545898438 8
1711958505619 14.393321990966797 9
1711958505896 11.286473274230957 10
1711958506158 9.180777549743652 11
1711958506418 7.161641597747803 12
1711958506688 5.789137363433838 13
1711958506950 5.168111324310303 14
1711958507224 4.535029411315918 15
1711958507486 4.029341697692871 16
1711958507747 3.6679508686065674 17
1711958508008 3.4803903102874756 18
1711958508269 3.0571324825286865 19
1711958508529 2.8634774684906006 20
1711958508756 2.567727565765381 21
1711958509017 2.253279447555542 22
1711958509305 2.1610820293426514 23
1711958509570 2.0178892612457275 24
1711958509834 1.8888213634490967 25
1711958510097 1.793331265449524 26
1711958510358 1.6420811414718628 27
1711958510620 1.6394579410552979 28
1711958510883 1.624894380569458 29
1711958511110 1.4401657581329346 30
1711958511372 1.4280462265014648 31
1711958511598 1.2638872861862183 32
1711958511863 1.1944135427474976 33
1711958512130 1.3249216079711914 34
1711958512357 1.1971896886825562 35
1711958512584 1.1356204748153687 36
1711958512883 1.222163438796997 37
1711958513108 1.0693608522415161 38
1711958513370 1.0125194787979126 39
1711958513597 1.05366051197052 40
1711958513857 0.9408220648765564 41
1711958514084 0.963792622089386 42
1711958514345 0.8935127854347229 43
1711958514571 0.9952538013458252 44
1711958514829 1.0183686017990112 45
1711958515091 0.8334977626800537 46
1711958515318 0.9921572804450989 47
1711958515578 0.825387716293335 48
