1711959333565 6197.10302734375 0
1711959333841 901.534912109375 1
1711959334106 134.29750061035156 2
1711959334393 63.275978088378906 3
1711959334658 34.23835754394531 4
1711959334922 22.45297622680664 5
1711959335197 17.18049430847168 6
1711959335461 14.067078590393066 7
1711959335725 11.6542387008667 8
1711959335988 10.227490425109863 9
1711959336252 8.40412425994873 10
1711959336515 7.218797206878662 11
1711959336776 6.421735763549805 12
1711959337039 5.638669967651367 13
1711959337303 5.135457992553711 14
1711959337565 4.485438346862793 15
1711959337828 4.282968044281006 16
1711959338090 3.860642433166504 17
1711959338355 3.820437431335449 18
1711959338618 3.3840560913085938 19
1711959338880 3.2892489433288574 20
1711959339163 3.256657600402832 21
1711959339492 3.0353012084960938 22
1711959339720 2.9087791442871094 23
1711959339989 2.7273497581481934 24
1711959340269 2.580942392349243 25
1711959340557 2.5763416290283203 26
1711959340791 2.3941502571105957 27
1711959341019 2.3197925090789795 28
1711959341298 2.399794816970825 29
1711959341561 2.0833210945129395 30
1711959341824 2.000276803970337 31
1711959342053 2.092583179473877 32
1711959342316 1.8966580629348755 33
1711959342579 1.8927099704742432 34
1711959342841 1.784139633178711 35
1711959343070 1.7532950639724731 36
1711959343299 1.8644927740097046 37
