1711959333565 60.63504409790039 0
1711959333841 23.520708084106445 1
1711959334106 8.236346244812012 2
1711959334393 5.249366283416748 3
1711959334658 3.8782129287719727 4
1711959334922 3.2462096214294434 5
1711959335197 2.9281885623931885 6
1711959335461 2.7031426429748535 7
1711959335725 2.4630355834960938 8
1711959335988 2.333232879638672 9
1711959336252 2.105717658996582 10
1711959336515 1.9611042737960815 11
1711959336776 1.855810523033142 12
1711959337039 1.7389127016067505 13
1711959337303 1.6677964925765991 14
1711959337565 1.5596100091934204 15
1711959337828 1.5392508506774902 16
1711959338090 1.4572014808654785 17
1711959338355 1.4680441617965698 18
1711959338618 1.366384744644165 19
1711959338880 1.3576353788375854 20
1711959339163 1.3564039468765259 21
1711959339492 1.309607744216919 22
1711959339720 1.2869505882263184 23
1711959339989 1.2464169263839722 24
1711959340269 1.208220362663269 25
1711959340557 1.2099547386169434 26
1711959340791 1.168136715888977 27
1711959341019 1.1549873352050781 28
1711959341298 1.1780396699905396 29
1711959341561 1.09051513671875 30
1711959341824 1.0679677724838257 31
1711959342053 1.0974386930465698 32
1711959342316 1.041681170463562 33
1711959342579 1.0419822931289673 34
1711959342841 1.0085943937301636 35
1711959343070 1.0022764205932617 36
1711959343299 1.0331523418426514 37
