1711710251233 58.169288635253906 0
1711710251507 20.339279174804688 1
1711710251781 7.803522109985352 2
1711710252048 5.270944595336914 3
1711710252316 4.04384183883667 4
1711710252588 3.4833545684814453 5
1711710252858 3.205752372741699 6
1711710253129 2.9591307640075684 7
1711710253395 2.6367080211639404 8
1711710253661 2.2367448806762695 9
1711710253933 1.9785583019256592 10
1711710254198 1.7761495113372803 11
1711710254467 1.6648070812225342 12
1711710254734 1.5566418170928955 13
1711710254997 1.46933114528656 14
1711710255267 1.4851075410842896 15
1711710255532 1.3831859827041626 16
1711710255765 1.3381900787353516 17
1711710256029 1.254554033279419 18
1711710256301 1.2187896966934204 19
1711710256614 1.1885647773742676 20
1711710256878 1.133377194404602 21
1711710257149 1.1366314888000488 22
1711710257412 1.0943684577941895 23
1711710257645 1.0643519163131714 24
1711710257912 1.0375679731369019 25
1711710258183 1.0240870714187622 26
1711710258449 0.9712703227996826 27
1711710258716 0.9672680497169495 28
1711710258983 0.9157297015190125 29
1711710259252 0.9037904739379883 30
1711710259484 0.8698745965957642 31
1711710259749 0.8434656262397766 32
1711710260019 0.808625340461731 33
1711710260285 0.8423205614089966 34
1711710260517 0.7694917321205139 35
1711710260752 0.8623126149177551 36
1711710261019 0.7397711873054504 37
1711710261251 0.7244229316711426 38
1711710261515 0.726341187953949 39
1711710261749 0.7075212597846985 40
1711710261981 0.6943144798278809 41
