1711710251233 5792.375 0
1711710251507 711.2548217773438 1
1711710251781 134.10577392578125 2
1711710252048 71.33639526367188 3
1711710252316 41.34292221069336 4
1711710252588 27.528186798095703 5
1711710252858 21.276756286621094 6
1711710253129 17.256175994873047 7
1711710253395 13.454394340515137 8
1711710253661 10.006604194641113 9
1711710253933 7.701014041900635 10
1711710254198 6.1092376708984375 11
1711710254467 5.239810466766357 12
1711710254734 4.512768745422363 13
1711710254997 3.9446451663970947 14
1711710255267 3.9591641426086426 15
1711710255532 3.409564971923828 16
1711710255765 3.214716911315918 17
1711710256029 2.8160698413848877 18
1711710256301 2.65063738822937 19
1711710256614 2.483873128890991 20
1711710256878 2.2656047344207764 21
1711710257149 2.259371042251587 22
1711710257412 2.0937697887420654 23
1711710257645 1.9514638185501099 24
1711710257912 1.8442823886871338 25
1711710258183 1.7989104986190796 26
1711710258449 1.6250108480453491 27
1711710258716 1.6319444179534912 28
1711710258983 1.4248623847961426 29
1711710259252 1.3951818943023682 30
1711710259484 1.290357232093811 31
1711710259749 1.2160226106643677 32
1711710260019 1.122018814086914 33
1711710260285 1.205903172492981 34
1711710260517 1.0143463611602783 35
1711710260752 1.2502598762512207 36
1711710261019 0.9347577095031738 37
1711710261251 0.9029473662376404 38
1711710261515 0.9029459357261658 39
1711710261749 0.8615205883979797 40
1711710261981 0.8277512788772583 41
