1711958630490 5862.43115234375 0
1711958630763 549.163330078125 1
1711958631035 127.33422088623047 2
1711958631297 67.36343383789062 3
1711958631562 40.152069091796875 4
1711958631826 28.35712242126465 5
1711958632091 21.39389419555664 6
1711958632363 17.001049041748047 7
1711958632628 13.79296588897705 8
1711958632931 11.133213996887207 9
1711958633196 9.240181922912598 10
1711958633464 7.390651702880859 11
1711958633725 6.0977783203125 12
1711958633989 5.412588119506836 13
1711958634253 4.819922924041748 14
1711958634482 4.349954605102539 15
1711958634745 3.981252431869507 16
1711958635009 3.9346256256103516 17
1711958635273 3.606198310852051 18
1711958635536 3.351379871368408 19
1711958635799 3.188596487045288 20
1711958636063 3.3402717113494873 21
1711958636292 3.0919556617736816 22
1711958636578 3.109990119934082 23
1711958636842 2.668586492538452 24
1711958637107 2.5361955165863037 25
1711958637377 2.299450159072876 26
1711958637640 2.3710451126098633 27
1711958637904 2.179349422454834 28
1711958638168 2.171961784362793 29
1711958638431 1.9273810386657715 30
1711958638696 1.9160646200180054 31
1711958638924 1.7552441358566284 32
1711958639152 1.695311188697815 33
1711958639416 1.530028223991394 34
1711958639645 1.580600619316101 35
1711958639935 1.4862689971923828 36
1711958640206 1.3949145078659058 37
1711958640469 1.176309585571289 38
1711958640732 1.231793761253357 39
1711958640994 1.0988564491271973 40
1711958641222 1.0042864084243774 41
1711958641485 0.9561107158660889 42
1711958641748 0.9027755856513977 43
1711958641977 0.974395215511322 44
1711958642241 0.8007487654685974 45
1711958642474 0.9771489500999451 46
1711958642702 0.7543790340423584 47
1711958642964 0.8443415760993958 48
1711958643192 0.8215956091880798 49
