1711958630490 58.5015754699707 0
1711958630763 17.426250457763672 1
1711958631035 7.817548751831055 2
1711958631297 5.430280685424805 3
1711958631562 4.242486000061035 4
1711958631826 3.7252025604248047 5
1711958632091 3.2968385219573975 6
1711958632363 2.973557233810425 7
1711958632628 2.6971535682678223 8
1711958632931 2.432879686355591 9
1711958633196 2.2204084396362305 10
1711958633464 1.98187255859375 11
1711958633725 1.810612440109253 12
1711958633989 1.7204900979995728 13
1711958634253 1.6203585863113403 14
1711958634482 1.543688178062439 15
1711958634745 1.4802849292755127 16
1711958635009 1.475102186203003 17
1711958635273 1.4136710166931152 18
1711958635536 1.3575334548950195 19
1711958635799 1.3277688026428223 20
1711958636063 1.3747756481170654 21
1711958636292 1.3127717971801758 22
1711958636578 1.327447533607483 23
1711958636842 1.2157540321350098 24
1711958637107 1.1821725368499756 25
1711958637377 1.1227809190750122 26
1711958637640 1.1506478786468506 27
1711958637904 1.1035150289535522 28
1711958638168 1.1032192707061768 29
1711958638431 1.0411099195480347 30
1711958638696 1.0263062715530396 31
1711958638924 0.996004045009613 32
1711958639152 0.9727725386619568 33
1711958639416 0.9254683256149292 34
1711958639645 0.9462838768959045 35
1711958639935 0.921303391456604 36
1711958640206 0.8948553204536438 37
1711958640469 0.8100128769874573 38
1711958640732 0.8373620510101318 39
1711958640994 0.7901872992515564 40
1711958641222 0.7485182285308838 41
1711958641485 0.7329906821250916 42
1711958641748 0.7147436738014221 43
1711958641977 0.747602105140686 44
1711958642241 0.6712797284126282 45
1711958642474 0.752699613571167 46
1711958642702 0.6553468704223633 47
1711958642964 0.6925757527351379 48
1711958643192 0.690457284450531 49
