1711709250279 6049.8408203125 0
1711709250551 902.53125 1
1711709250822 160.12091064453125 2
1711709251098 85.59363555908203 3
1711709251380 49.80569839477539 4
1711709251653 33.05317306518555 5
1711709251925 24.946147918701172 6
1711709252211 19.38174819946289 7
1711709252494 14.478179931640625 8
1711709252771 10.750144958496094 9
1711709253039 8.253226280212402 10
1711709253373 6.328274726867676 11
1711709253647 5.2803850173950195 12
1711709253914 4.625278949737549 13
1711709254186 4.09765625 14
1711709254454 3.8167178630828857 15
1711709254719 3.5528955459594727 16
1711709254988 3.425492763519287 17
1711709255251 3.1620163917541504 18
1711709255519 2.8851521015167236 19
1711709255755 2.8761303424835205 20
1711709256024 2.673053503036499 21
1711709256256 2.569390296936035 22
1711709256521 2.460972785949707 23
1711709256788 2.3488824367523193 24
1711709257051 2.326375722885132 25
1711709257320 2.2042412757873535 26
1711709257593 2.122859239578247 27
1711709257860 2.1006035804748535 28
1711709258089 2.0742263793945312 29
1711709258358 2.0472254753112793 30
1711709258624 1.9289404153823853 31
1711709258892 1.7218936681747437 32
1711709259125 1.7667829990386963 33
1711709259357 1.7497823238372803 34
1711709259621 1.6193478107452393 35
1711709259889 1.5809483528137207 36
1711709260124 1.5139641761779785 37
1711709260389 1.4872437715530396 38
1711709260658 1.3798670768737793 39
1711709260990 1.4745854139328003 40
1711709261223 1.3211383819580078 41
1711709261487 1.2563095092773438 42
1711709261721 1.2562370300292969 43
1711709261988 1.1572037935256958 44
1711709262219 1.1194595098495483 45
1711709262488 1.1267093420028687 46
1711709262752 1.1277239322662354 47
1711709262988 1.047215223312378 48
1711709263256 0.9150637984275818 49
