1711709250279 59.87190628051758 0
1711709250551 23.722135543823242 1
1711709250822 8.77856159210205 2
1711709251098 6.0158915519714355 3
1711709251380 4.567917346954346 4
1711709251653 3.850745916366577 5
1711709251925 3.432741403579712 6
1711709252211 3.064749240875244 7
1711709252494 2.659099817276001 8
1711709252771 2.301464319229126 9
1711709253039 2.0231971740722656 10
1711709253373 1.7832086086273193 11
1711709253647 1.6439319849014282 12
1711709253914 1.5577274560928345 13
1711709254186 1.4659881591796875 14
1711709254454 1.4262216091156006 15
1711709254719 1.3886678218841553 16
1711709254988 1.3602875471115112 17
1711709255251 1.308720350265503 18
1711709255519 1.2523890733718872 19
1711709255755 1.258482813835144 20
1711709256024 1.2129833698272705 21
1711709256256 1.189613699913025 22
1711709256521 1.1651238203048706 23
1711709256788 1.138960838317871 24
1711709257051 1.1330522298812866 25
1711709257320 1.0995306968688965 26
1711709257593 1.0881565809249878 27
1711709257860 1.0763720273971558 28
1711709258089 1.0735658407211304 29
1711709258358 1.0719225406646729 30
1711709258624 1.042425513267517 31
1711709258892 0.969099223613739 32
1711709259125 0.9939610958099365 33
1711709259357 0.9920491576194763 34
1711709259621 0.9510652422904968 35
1711709259889 0.9445717334747314 36
1711709260124 0.9210926294326782 37
1711709260389 0.9169469475746155 38
1711709260658 0.879667341709137 39
1711709260990 0.9186224341392517 40
1711709261223 0.8656361103057861 41
1711709261487 0.8453269004821777 42
1711709261721 0.8509846329689026 43
1711709261988 0.808519721031189 44
1711709262219 0.7960955500602722 45
1711709262488 0.8050345182418823 46
1711709262752 0.8079457879066467 47
1711709262988 0.7753927111625671 48
1711709263256 0.72042316198349 49
