1711712463217 5920.021484375 0
1711712463488 761.5638427734375 1
1711712463761 148.40931701660156 2
1711712464044 94.11508178710938 3
1711712464311 61.58494186401367 4
1711712464585 42.8278694152832 5
1711712464850 31.463193893432617 6
1711712465120 24.72268295288086 7
1711712465385 20.476146697998047 8
1711712465657 17.537736892700195 9
1711712465919 14.865198135375977 10
1711712466188 12.937541961669922 11
1711712466460 11.642264366149902 12
1711712466730 10.214468955993652 13
1711712466996 8.983957290649414 14
1711712467265 8.150373458862305 15
1711712467536 7.432262420654297 16
1711712467802 7.042964458465576 17
1711712468069 6.172725200653076 18
1711712468336 5.802706241607666 19
1711712468572 5.44290828704834 20
1711712468839 5.17051362991333 21
1711712469081 5.139398097991943 22
1711712469349 4.402247428894043 23
1711712469636 4.326047420501709 24
1711712469871 3.888592481613159 25
1711712470140 3.559873104095459 26
1711712470404 3.464238166809082 27
1711712470673 3.2229177951812744 28
1711712470912 3.019808530807495 29
1711712471180 2.8715660572052 30
1711712471447 2.7104780673980713 31
1711712471710 2.5302987098693848 32
1711712471977 2.6126515865325928 33
1711712472213 2.3191590309143066 34
1711712472450 2.108976125717163 35
1711712472717 2.1224164962768555 36
1711712472981 2.113206386566162 37
1711712473253 1.8780708312988281 38
1711712473521 1.838986873626709 39
1711712473785 1.7037049531936646 40
1711712474061 1.657676100730896 41
1711712474292 1.5637952089309692 42
1711712474565 1.5159657001495361 43
1711712474794 1.4033198356628418 44
1711712475063 1.3587706089019775 45
1711712475330 1.3642292022705078 46
1711712475562 1.2567023038864136 47
1711712475831 1.271986722946167 48
1711712476098 1.164089322090149 49
