1711712463217 58.9731559753418 0
1711712463488 21.218700408935547 1
1711712463761 8.464679718017578 2
1711712464044 6.558862686157227 3
1711712464311 5.254068851470947 4
1711712464585 4.467083930969238 5
1711712464850 3.9000749588012695 6
1711712465120 3.547389268875122 7
1711712465385 3.2761733531951904 8
1711712465657 3.038067102432251 9
1711712465919 2.81372332572937 10
1711712466188 2.619481086730957 11
1711712466460 2.5065200328826904 12
1711712466730 2.351120710372925 13
1711712466996 2.19779109954834 14
1711712467265 2.1032118797302246 15
1711712467536 2.00252628326416 16
1711712467802 1.9580094814300537 17
1711712468069 1.818165898323059 18
1711712468336 1.770630955696106 19
1711712468572 1.7098679542541504 20
1711712468839 1.6761665344238281 21
1711712469081 1.6784214973449707 22
1711712469349 1.5364527702331543 23
1711712469636 1.5298528671264648 24
1711712469871 1.4392691850662231 25
1711712470140 1.377803921699524 26
1711712470404 1.3702383041381836 27
1711712470673 1.315163254737854 28
1711712470912 1.2742687463760376 29
1711712471180 1.2428112030029297 30
1711712471447 1.2140930891036987 31
1711712471710 1.1714303493499756 32
1711712471977 1.1982682943344116 33
1711712472213 1.1238564252853394 34
1711712472450 1.0729913711547852 35
1711712472717 1.0764232873916626 36
1711712472981 1.0829849243164062 37
1711712473253 1.0172054767608643 38
1711712473521 1.010064721107483 39
1711712473785 0.9760127663612366 40
1711712474061 0.9618239402770996 41
1711712474292 0.9311062693595886 42
1711712474565 0.9190729856491089 43
1711712474794 0.8857492804527283 44
1711712475063 0.8734176754951477 45
1711712475330 0.8767715692520142 46
1711712475562 0.8423442840576172 47
1711712475831 0.8502416014671326 48
1711712476098 0.8138322234153748 49
