1711713611479 5898.10595703125 0
1711713611755 727.1439819335938 1
1711713612027 131.49993896484375 2
1711713612297 78.80868530273438 3
1711713612566 51.55802917480469 4
1711713612838 33.86410140991211 5
1711713613107 24.444995880126953 6
1711713613374 18.77764129638672 7
1711713613643 14.797022819519043 8
1711713613911 12.76650619506836 9
1711713614179 10.641929626464844 10
1711713614447 9.071948051452637 11
1711713614716 8.2069673538208 12
1711713614988 7.578311443328857 13
1711713615255 6.750458240509033 14
1711713615551 6.240923881530762 15
1711713615787 5.792398452758789 16
1711713616052 5.497094631195068 17
1711713616321 4.9998626708984375 18
1711713616589 4.716743469238281 19
1711713616859 4.60358190536499 20
1711713617128 4.287456512451172 21
1711713617396 4.0977349281311035 22
1711713617704 3.9475271701812744 23
1711713617976 3.60819935798645 24
1711713618211 3.665605068206787 25
1711713618477 3.5155208110809326 26
1711713618714 3.4609146118164062 27
1711713618981 3.2599761486053467 28
1711713619248 3.0407602787017822 29
1711713619485 2.9788577556610107 30
1711713619749 3.1550545692443848 31
1711713619985 2.7399702072143555 32
1711713620252 2.7772207260131836 33
1711713620519 2.583843231201172 34
1711713620754 2.5230040550231934 35
1711713621020 2.4133968353271484 36
1711713621287 2.251660108566284 37
1711713621521 2.386518955230713 38
1711713621788 2.056389570236206 39
1711713622056 1.9471772909164429 40
1711713622322 1.8821866512298584 41
1711713622590 1.9864784479141235 42
1711713622859 1.8042417764663696 43
1711713623130 1.6810617446899414 44
1711713623368 1.711354374885559 45
1711713623633 1.8319138288497925 46
1711713623903 1.3952080011367798 47
1711713624180 1.3817205429077148 48
1711713624447 1.3436212539672852 49
