1711713611479 58.731056213378906 0
1711713611755 20.51836395263672 1
1711713612027 7.792227268218994 2
1711713612297 5.83193826675415 3
1711713612566 4.715054035186768 4
1711713612838 3.8368985652923584 5
1711713613107 3.336913824081421 6
1711713613374 2.977450370788574 7
1711713613643 2.6533944606781006 8
1711713613911 2.526221513748169 9
1711713614179 2.2909038066864014 10
1711713614447 2.1041975021362305 11
1711713614716 2.0360543727874756 12
1711713614988 1.9670608043670654 13
1711713615255 1.8714302778244019 14
1711713615551 1.8107385635375977 15
1711713615787 1.7540078163146973 16
1711713616052 1.725793480873108 17
1711713616321 1.6451236009597778 18
1711713616589 1.6017987728118896 19
1711713616859 1.5960627794265747 20
1711713617128 1.538451075553894 21
1711713617396 1.5050725936889648 22
1711713617704 1.477597951889038 23
1711713617976 1.408602237701416 24
1711713618211 1.4251174926757812 25
1711713618477 1.3907256126403809 26
1711713618714 1.3948159217834473 27
1711713618981 1.3444099426269531 28
1711713619248 1.2948077917099 29
1711713619485 1.2828260660171509 30
1711713619749 1.3319624662399292 31
1711713619985 1.2310179471969604 32
1711713620252 1.243151068687439 33
1711713620519 1.1960294246673584 34
1711713620754 1.1771297454833984 35
1711713621020 1.1528245210647583 36
1711713621287 1.1126240491867065 37
1711713621521 1.1564967632293701 38
1711713621788 1.064241647720337 39
1711713622056 1.0366687774658203 40
1711713622322 1.0188241004943848 41
1711713622590 1.0514460802078247 42
1711713622859 1.0006510019302368 43
1711713623130 0.9656655788421631 44
1711713623368 0.9804884791374207 45
1711713623633 1.0109845399856567 46
1711713623903 0.873744010925293 47
1711713624180 0.874896228313446 48
1711713624447 0.8693391680717468 49
