1711959409660 6363.30517578125 0
1711959409939 762.8013305664062 1
1711959410218 155.94065856933594 2
1711959410498 86.75072479248047 3
1711959410769 50.17959213256836 4
1711959411045 33.34941482543945 5
1711959411321 23.67064094543457 6
1711959411594 18.085081100463867 7
1711959411869 14.475261688232422 8
1711959412141 11.703871726989746 9
1711959412414 9.69503116607666 10
1711959412692 8.206868171691895 11
1711959412961 7.196695327758789 12
1711959413232 6.485390663146973 13
1711959413503 5.93009614944458 14
1711959413779 5.41886568069458 15
1711959414047 5.133836269378662 16
1711959414287 4.954343318939209 17
1711959414559 4.66113805770874 18
1711959414804 4.444930076599121 19
1711959415076 4.273501873016357 20
1711959415347 4.052985668182373 21
1711959415619 3.866044044494629 22
1711959415858 3.7093660831451416 23
1711959416129 3.5331966876983643 24
1711959416398 3.3447635173797607 25
1711959416656 3.324312210083008 26
1711959416931 3.2627832889556885 27
1711959417162 2.943096399307251 28
1711959417434 2.7520623207092285 29
1711959417676 2.806452512741089 30
1711959417945 2.557513475418091 31
1711959418223 2.500889778137207 32
1711959418457 2.3677494525909424 33
1711959418727 2.1704490184783936 34
1711959418999 2.0431387424468994 35
1711959419239 2.020580530166626 36
1711959419509 1.8484586477279663 37
1711959419789 1.895066499710083 38
1711959420027 1.7793973684310913 39
1711959420262 1.7019530534744263 40
