1711959409660 61.357337951660156 0
1711959409939 21.39447021484375 1
1711959410218 8.659435272216797 2
1711959410498 5.9965691566467285 3
1711959410769 4.523991107940674 4
1711959411045 3.8388636112213135 5
1711959411321 3.3224716186523438 6
1711959411594 2.9679765701293945 7
1711959411869 2.7015137672424316 8
1711959412141 2.4368560314178467 9
1711959412414 2.2333579063415527 10
1711959412692 2.068958282470703 11
1711959412961 1.94444739818573 12
1711959413232 1.8656158447265625 13
1711959413503 1.7924392223358154 14
1711959413779 1.720078945159912 15
1711959414047 1.679948091506958 16
1711959414287 1.662068247795105 17
1711959414559 1.6143748760223389 18
1711959414804 1.578886866569519 19
1711959415076 1.5489768981933594 20
1711959415347 1.510164737701416 21
1711959415619 1.4782841205596924 22
1711959415858 1.448218584060669 23
1711959416129 1.424715518951416 24
1711959416398 1.3810994625091553 25
1711959416656 1.376413106918335 26
1711959416931 1.3631519079208374 27
1711959417162 1.2961771488189697 28
1711959417434 1.2539973258972168 29
1711959417676 1.277459979057312 30
1711959417945 1.2097300291061401 31
1711959418223 1.201166033744812 32
1711959418457 1.1682628393173218 33
1711959418727 1.1187087297439575 34
1711959418999 1.086379051208496 35
1711959419239 1.087086796760559 36
1711959419509 1.0357909202575684 37
1711959419789 1.0514037609100342 38
1711959420027 1.021227240562439 39
1711959420262 1.0045440196990967 40
