1711712036028 5918.587890625 0
1711712036303 740.829345703125 1
1711712036570 140.0852508544922 2
1711712036839 81.73688507080078 3
1711712037102 52.38505172729492 4
1711712037370 35.217037200927734 5
1711712037639 26.417619705200195 6
1711712037912 20.847105026245117 7
1711712038179 17.131649017333984 8
1711712038448 14.43990421295166 9
1711712038808 12.70470142364502 10
1711712039075 10.913177490234375 11
1711712039362 9.742514610290527 12
1711712039632 8.565265655517578 13
1711712039899 7.495257377624512 14
1711712040181 7.102083206176758 15
1711712040449 6.225607395172119 16
1711712040716 5.907774448394775 17
1711712040987 5.188111782073975 18
1711712041250 4.477871417999268 19
1711712041520 3.977646589279175 20
1711712041788 3.4959659576416016 21
1711712042055 3.2368435859680176 22
1711712042308 2.867420196533203 23
1711712042576 2.5935232639312744 24
1711712042814 2.5456764698028564 25
1711712043083 2.2499237060546875 26
1711712043351 2.0667660236358643 27
1711712043615 2.112610101699829 28
1711712043850 1.8765476942062378 29
1711712044120 1.7910939455032349 30
1711712044353 1.651423454284668 31
1711712044618 1.566862940788269 32
1711712044853 1.3815215826034546 33
1711712045085 1.5043232440948486 34
