1711712036028 58.828426361083984 0
1711712036303 20.915348052978516 1
1711712036570 8.241302490234375 2
1711712036839 6.000687599182129 3
1711712037102 4.800694465637207 4
1711712037370 4.0168890953063965 5
1711712037639 3.586076259613037 6
1711712037912 3.25063157081604 7
1711712038179 2.9806532859802246 8
1711712038448 2.747290849685669 9
1711712038808 2.6011788845062256 10
1711712039075 2.402986526489258 11
1711712039362 2.274280071258545 12
1711712039632 2.142648696899414 13
1711712039899 2.010178804397583 14
1711712040181 1.9731574058532715 15
1711712040449 1.8414145708084106 16
1711712040716 1.8142348527908325 17
1711712040987 1.6961909532546997 18
1711712041250 1.5733089447021484 19
1711712041520 1.4794285297393799 20
1711712041788 1.3947432041168213 21
1711712042055 1.3425005674362183 22
1711712042308 1.2610739469528198 23
1711712042576 1.2000939846038818 24
1711712042814 1.2009981870651245 25
1711712043083 1.1229362487792969 26
1711712043351 1.0667595863342285 27
1711712043615 1.0920863151550293 28
1711712043850 1.023620843887329 29
1711712044120 0.9978513717651367 30
1711712044353 0.9583323001861572 31
1711712044618 0.9321488738059998 32
1711712044853 0.8715106248855591 33
1711712045085 0.9222716093063354 34
