1711714124275 5611.10107421875 0
1711714124557 561.5977783203125 1
1711714124829 136.34205627441406 2
1711714125103 75.56422424316406 3
1711714125374 44.677059173583984 4
1711714125644 30.532949447631836 5
1711714125912 22.735200881958008 6
1711714126180 17.51479148864746 7
1711714126451 14.305169105529785 8
1711714126721 11.763840675354004 9
1711714126989 9.486725807189941 10
1711714127317 7.950464725494385 11
1711714127583 6.876809120178223 12
1711714127852 5.799086570739746 13
1711714128121 5.122014045715332 14
1711714128389 4.687144756317139 15
1711714128659 4.1702117919921875 16
1711714128927 3.9371204376220703 17
1711714129199 3.5282816886901855 18
1711714129470 3.30082368850708 19
1711714129740 3.2274296283721924 20
1711714130009 2.915949821472168 21
1711714130278 2.7265896797180176 22
1711714130546 2.590186834335327 23
1711714130783 2.4851014614105225 24
1711714131053 2.2427468299865723 25
1711714131322 2.091866970062256 26
1711714131592 1.976198673248291 27
1711714131864 1.8715754747390747 28
1711714132129 1.9682824611663818 29
1711714132399 1.6698029041290283 30
1711714132670 1.5349568128585815 31
1711714132910 1.4704852104187012 32
1711714133185 1.3102006912231445 33
1711714133420 1.2497071027755737 34
1711714133690 1.1223094463348389 35
1711714133959 1.0919220447540283 36
1711714134220 1.0807336568832397 37
1711714134494 1.0088659524917603 38
1711714134730 0.9449567794799805 39
1711714135001 0.8790428638458252 40
1711714135233 0.8245312571525574 41
1711714135550 0.8057107329368591 42
1711714135820 0.7994328141212463 43
1711714136052 0.7150154709815979 44
1711714136322 0.6689155101776123 45
1711714136557 0.6764991879463196 46
1711714136816 0.6444470882415771 47
1711714137084 0.6472824215888977 48
1711714137335 0.6419700980186462 49
