1711714124275 56.92180252075195 0
1711714124557 17.543041229248047 1
1711714124829 7.980172634124756 2
1711714125103 5.570228099822998 3
1711714125374 4.250075817108154 4
1711714125644 3.667672634124756 5
1711714125912 3.242708921432495 6
1711714126180 2.9077582359313965 7
1711714126451 2.6643850803375244 8
1711714126721 2.4411914348602295 9
1711714126989 2.1958320140838623 10
1711714127317 2.027885675430298 11
1711714127583 1.8904839754104614 12
1711714127852 1.7484462261199951 13
1711714128121 1.653110146522522 14
1711714128389 1.584487795829773 15
1711714128659 1.50531804561615 16
1711714128927 1.4760147333145142 17
1711714129199 1.3963295221328735 18
1711714129470 1.3494869470596313 19
1711714129740 1.3502103090286255 20
1711714130009 1.2732926607131958 21
1711714130278 1.2268257141113281 22
1711714130546 1.2043803930282593 23
1711714130783 1.1784435510635376 24
1711714131053 1.1166683435440063 25
1711714131322 1.0741782188415527 26
1711714131592 1.0479704141616821 27
1711714131864 1.0181820392608643 28
1711714132129 1.0561089515686035 29
1711714132399 0.9691323637962341 30
1711714132670 0.9228113889694214 31
1711714132910 0.9033480882644653 32
1711714133185 0.8533502221107483 33
1711714133420 0.8341147899627686 34
1711714133690 0.7836307287216187 35
1711714133959 0.778914213180542 36
1711714134220 0.781117856502533 37
1711714134494 0.7526918053627014 38
1711714134730 0.7302284836769104 39
1711714135001 0.7032690644264221 40
1711714135233 0.6809448003768921 41
1711714135550 0.6759733557701111 42
1711714135820 0.679303765296936 43
1711714136052 0.6352952122688293 44
1711714136322 0.6158335208892822 45
1711714136557 0.6206680536270142 46
1711714136816 0.6070995330810547 47
1711714137084 0.6102386713027954 48
1711714137335 0.6124469041824341 49
