1711708028789 6166.0185546875 0
1711708029060 653.7064819335938 1
1711708029328 145.75457763671875 2
1711708029595 79.37289428710938 3
1711708029865 49.808921813964844 4
1711708030130 36.578617095947266 5
1711708030393 29.694639205932617 6
1711708030658 25.47055435180664 7
1711708030927 21.859424591064453 8
1711708031191 19.321773529052734 9
1711708031455 16.73845100402832 10
1711708031716 14.430312156677246 11
1711708031982 12.735599517822266 12
1711708032278 10.983708381652832 13
1711708032547 9.74860668182373 14
1711708032813 8.092703819274902 15
1711708033077 7.153786659240723 16
1711708033314 6.391463756561279 17
1711708033577 5.563819885253906 18
1711708033839 5.151810646057129 19
1711708034132 4.764625549316406 20
1711708034397 4.4545488357543945 21
1711708034658 4.3278961181640625 22
1711708034903 4.14382791519165 23
1711708035172 3.785004138946533 24
1711708035434 3.6154613494873047 25
1711708035670 3.431507110595703 26
1711708035900 3.4603235721588135 27
1711708036164 3.1471030712127686 28
1711708036426 2.945446252822876 29
1711708036658 2.7589521408081055 30
1711708036922 3.0121307373046875 31
1711708037186 2.5541374683380127 32
1711708037447 2.5744707584381104 33
1711708037713 2.4999797344207764 34
1711708037943 2.2862279415130615 35
1711708038206 2.0913355350494385 36
1711708038438 2.136565923690796 37
1711708038702 1.9992344379425049 38
1711708038933 1.9874448776245117 39
1711708039196 1.796919345855713 40
1711708039460 1.7453792095184326 41
1711708039721 1.6474956274032593 42
1711708039987 1.794152021408081 43
1711708040217 1.4635441303253174 44
1711708040482 1.4335259199142456 45
1711708040787 1.4929745197296143 46
1711708041052 1.2188827991485596 47
1711708041336 1.261581540107727 48
1711708041566 1.0282630920410156 49
