1711708028789 60.12919235229492 0
1711708029060 19.35474967956543 1
1711708029328 8.405086517333984 2
1711708029595 5.865080833435059 3
1711708029865 4.596736907958984 4
1711708030130 4.088061332702637 5
1711708030393 3.795039176940918 6
1711708030658 3.5985054969787598 7
1711708030927 3.3612120151519775 8
1711708031191 3.193941831588745 9
1711708031455 2.976064920425415 10
1711708031716 2.769463062286377 11
1711708031982 2.6024482250213623 12
1711708032278 2.420114040374756 13
1711708032547 2.294917106628418 14
1711708032813 2.0742576122283936 15
1711708033077 1.9554085731506348 16
1711708033314 1.8561153411865234 17
1711708033577 1.7348295450210571 18
1711708033839 1.672045350074768 19
1711708034132 1.6178878545761108 20
1711708034397 1.5692338943481445 21
1711708034658 1.559874415397644 22
1711708034903 1.5299354791641235 23
1711708035172 1.4545705318450928 24
1711708035434 1.4262865781784058 25
1711708035670 1.3948216438293457 26
1711708035900 1.4120200872421265 27
1711708036164 1.3365156650543213 28
1711708036426 1.2868239879608154 29
1711708036658 1.2465715408325195 30
1711708036922 1.3206591606140137 31
1711708037186 1.2036172151565552 32
1711708037447 1.2043968439102173 33
1711708037713 1.1884891986846924 34
1711708037943 1.1355334520339966 35
1711708038206 1.0851582288742065 36
1711708038438 1.0963839292526245 37
1711708038702 1.0641433000564575 38
1711708038933 1.0611910820007324 39
1711708039196 1.0035909414291382 40
1711708039460 0.9972221851348877 41
1711708039721 0.9641090631484985 42
1711708039987 1.0131580829620361 43
1711708040217 0.9122595191001892 44
1711708040482 0.9015407562255859 45
1711708040787 0.9187557697296143 46
1711708041052 0.8249617218971252 47
1711708041336 0.8428725004196167 48
1711708041566 0.757140040397644 49
