1711708509911 5716.64404296875 0
1711708510186 711.0018310546875 1
1711708510455 124.6962661743164 2
1711708510718 71.5857162475586 3
1711708510984 44.261871337890625 4
1711708511253 31.22397804260254 5
1711708511519 23.720598220825195 6
1711708511780 19.190370559692383 7
1711708512043 16.132028579711914 8
1711708512311 13.938112258911133 9
1711708512575 12.297959327697754 10
1711708512840 10.469970703125 11
1711708513105 9.181926727294922 12
1711708513371 8.314577102661133 13
1711708513631 7.553509712219238 14
1711708513899 6.874169826507568 15
1711708514159 6.2481842041015625 16
1711708514427 5.832119941711426 17
1711708514689 5.4541192054748535 18
1711708514954 5.191401958465576 19
1711708515218 5.085057735443115 20
1711708515482 4.89663553237915 21
1711708515712 4.499678134918213 22
1711708515978 4.43203592300415 23
1711708516237 4.277608394622803 24
1711708516559 4.153707504272461 25
1711708516796 4.041183948516846 26
1711708517060 3.92903733253479 27
1711708517289 3.8106067180633545 28
1711708517554 3.6909422874450684 29
1711708517785 3.94258713722229 30
1711708518048 3.7941060066223145 31
1711708518279 3.4970500469207764 32
1711708518542 3.5810067653656006 33
1711708518773 3.36684513092041 34
1711708519037 3.239957571029663 35
1711708519299 3.2779059410095215 36
1711708519564 3.247427463531494 37
1711708519829 2.9093985557556152 38
1711708520067 2.8775336742401123 39
1711708520331 2.955125331878662 40
1711708520591 3.0446581840515137 41
1711708520858 2.727158308029175 42
1711708521088 2.621429443359375 43
1711708521351 2.5704309940338135 44
1711708521614 2.529475688934326 45
1711708521898 2.2754523754119873 46
1711708522162 2.158907175064087 47
1711708522392 1.8497796058654785 48
1711708522687 1.832051157951355 49
