1711708509911 57.52667999267578 0
1711708510186 20.151596069335938 1
1711708510455 7.536699295043945 2
1711708510718 5.4800286293029785 3
1711708510984 4.257844924926758 4
1711708511253 3.7183780670166016 5
1711708511519 3.3121697902679443 6
1711708511780 3.0537068843841553 7
1711708512043 2.837629556655884 8
1711708512311 2.658860206604004 9
1711708512575 2.515094041824341 10
1711708512840 2.324932336807251 11
1711708513105 2.190685987472534 12
1711708513371 2.0920016765594482 13
1711708513631 1.9944852590560913 14
1711708513899 1.9146307706832886 15
1711708514159 1.8204394578933716 16
1711708514427 1.7653534412384033 17
1711708514689 1.7144176959991455 18
1711708514954 1.6782251596450806 19
1711708515218 1.6730961799621582 20
1711708515482 1.6441495418548584 21
1711708515712 1.5612643957138062 22
1711708515978 1.5546746253967285 23
1711708516237 1.5329192876815796 24
1711708516559 1.5114176273345947 25
1711708516796 1.4853228330612183 26
1711708517060 1.4638370275497437 27
1711708517289 1.4369361400604248 28
1711708517554 1.4062981605529785 29
1711708517785 1.4725970029830933 30
1711708518048 1.4445887804031372 31
1711708518279 1.3700250387191772 32
1711708518542 1.3941655158996582 33
1711708518773 1.3422969579696655 34
1711708519037 1.3153830766677856 35
1711708519299 1.3202866315841675 36
1711708519564 1.3288112878799438 37
1711708519829 1.2449240684509277 38
1711708520067 1.235935926437378 39
1711708520331 1.2565268278121948 40
1711708520591 1.2748943567276 41
1711708520858 1.2067101001739502 42
1711708521088 1.176751971244812 43
1711708521351 1.1724735498428345 44
1711708521614 1.1611624956130981 45
1711708521898 1.1010410785675049 46
1711708522162 1.072878360748291 47
1711708522392 0.9908344745635986 48
1711708522687 0.9915184378623962 49
