1711710403813 6345.13427734375 0
1711710404089 896.9190673828125 1
1711710404359 158.7974853515625 2
1711710404628 84.96308898925781 3
1711710404897 52.62220001220703 4
1711710405165 37.13986587524414 5
1711710405432 29.354963302612305 6
1711710405695 24.152292251586914 7
1711710405963 19.92634391784668 8
1711710406229 15.707612037658691 9
1711710406495 12.983567237854004 10
1711710406776 10.54306697845459 11
1711710407065 8.54065227508545 12
1711710407328 6.994158744812012 13
1711710407632 5.940427780151367 14
1711710407898 5.181047439575195 15
1711710408187 4.775291442871094 16
1711710408416 4.352746963500977 17
1711710408683 4.411781311035156 18
1711710408918 3.842604160308838 19
1711710409191 3.862473249435425 20
1711710409455 3.63094162940979 21
1711710409725 3.3900139331817627 22
1711710409956 3.29797625541687 23
1711710410223 3.2926406860351562 24
1711710410519 3.1899328231811523 25
1711710410750 3.2517147064208984 26
1711710411019 2.9561779499053955 27
1711710411252 2.763018846511841 28
1711710411516 2.7068212032318115 29
1711710411786 2.685162305831909 30
1711710412048 2.5043675899505615 31
1711710412313 2.426525831222534 32
1711710412551 2.3436594009399414 33
1711710412783 2.2256317138671875 34
1711710413049 2.0766427516937256 35
1711710413278 2.132258415222168 36
1711710413544 1.8268499374389648 37
1711710413810 1.9337209463119507 38
1711710414048 1.7290364503860474 39
1711710414315 1.6877470016479492 40
1711710414580 1.6726876497268677 41
1711710414844 1.6008721590042114 42
1711710415076 1.575636863708496 43
1711710415313 1.3922679424285889 44
1711710415578 1.4141623973846436 45
1711710415843 1.2755751609802246 46
1711710416075 1.2704039812088013 47
1711710416304 1.1615424156188965 48
1711710416572 1.1989779472351074 49
