1711710403813 61.24010467529297 0
1711710404089 23.277076721191406 1
1711710404359 8.831598281860352 2
1711710404628 6.058760166168213 3
1711710404897 4.781594276428223 4
1711710405165 4.18647575378418 5
1711710405432 3.842409610748291 6
1711710405695 3.569084405899048 7
1711710405963 3.276923418045044 8
1711710406229 2.9125559329986572 9
1711710406495 2.6491692066192627 10
1711710406776 2.3931448459625244 11
1711710407065 2.1603145599365234 12
1711710407328 1.9634594917297363 13
1711710407632 1.810563564300537 14
1711710407898 1.6988654136657715 15
1711710408187 1.6297731399536133 16
1711710408416 1.5588985681533813 17
1711710408683 1.5801118612289429 18
1711710408918 1.4616880416870117 19
1711710409191 1.4684791564941406 20
1711710409455 1.4237080812454224 21
1711710409725 1.3672969341278076 22
1711710409956 1.355517029762268 23
1711710410223 1.3554903268814087 24
1711710410519 1.3326689004898071 25
1711710410750 1.3498989343643188 26
1711710411019 1.2801127433776855 27
1711710411252 1.240463376045227 28
1711710411516 1.2253222465515137 29
1711710411786 1.2247666120529175 30
1711710412048 1.1771775484085083 31
1711710412313 1.161177396774292 32
1711710412551 1.13724684715271 33
1711710412783 1.1106986999511719 34
1711710413049 1.0700955390930176 35
1711710413278 1.0905860662460327 36
1711710413544 0.9989880323410034 37
1711710413810 1.0355252027511597 38
1711710414048 0.9805871844291687 39
1711710414315 0.9652671217918396 40
1711710414580 0.961482048034668 41
1711710414844 0.9438813328742981 42
1711710415076 0.9383655786514282 43
1711710415313 0.876086413860321 44
1711710415578 0.8945361375808716 45
1711710415843 0.8423848152160645 46
1711710416075 0.8401690721511841 47
1711710416304 0.8038248419761658 48
1711710416572 0.8192374110221863 49
