1711713355706 6088.45556640625 0
1711713355981 881.9038696289062 1
1711713356257 122.53980255126953 2
1711713356529 68.12149047851562 3
1711713356797 41.48338317871094 4
1711713357068 28.946083068847656 5
1711713357341 21.842025756835938 6
1711713357611 17.083301544189453 7
1711713357881 12.975513458251953 8
1711713358152 9.686408996582031 9
1711713358423 7.757014274597168 10
1711713358658 6.386070728302002 11
1711713358929 5.460119247436523 12
1711713359196 4.937132358551025 13
1711713359465 4.589141845703125 14
1711713359739 4.134085178375244 15
1711713360051 4.04362678527832 16
1711713360324 3.6915571689605713 17
1711713360594 3.468502998352051 18
1711713360875 3.5023388862609863 19
1711713361112 3.236501693725586 20
1711713361406 3.1157147884368896 21
1711713361675 2.9617819786071777 22
1711713361944 3.0343685150146484 23
1711713362184 2.7485814094543457 24
1711713362463 2.5331010818481445 25
1711713362695 2.5073001384735107 26
1711713362964 2.4887144565582275 27
1711713363252 2.5005905628204346 28
1711713363521 2.279052257537842 29
