1711713355706 59.74702453613281 0
1711713355981 23.2785587310791 1
1711713356257 7.445115566253662 2
1711713356529 5.346955299377441 3
1711713356797 4.139655113220215 4
1711713357068 3.5884323120117188 5
1711713357341 3.1784088611602783 6
1711713357611 2.8654000759124756 7
1711713357881 2.498166084289551 8
1711713358152 2.1739516258239746 9
1711713358423 1.9677563905715942 10
1711713358658 1.8060046434402466 11
1711713358929 1.6892457008361816 12
1711713359196 1.6300796270370483 13
1711713359465 1.5825546979904175 14
1711713359739 1.5085508823394775 15
1711713360051 1.502880334854126 16
1711713360324 1.438122272491455 17
1711713360594 1.3978452682495117 18
1711713360875 1.4160504341125488 19
1711713361112 1.354735255241394 20
1711713361406 1.327278971672058 21
1711713361675 1.2944937944412231 22
1711713361944 1.3221015930175781 23
1711713362184 1.250699520111084 24
1711713362463 1.2075183391571045 25
1711713362695 1.1986136436462402 26
1711713362964 1.2008098363876343 27
1711713363252 1.2003501653671265 28
1711713363521 1.146103024482727 29
