1711712278462 5981.04150390625 0
1711712278743 834.3297119140625 1
1711712279017 155.7917022705078 2
1711712279286 90.26856994628906 3
1711712279556 54.3056640625 4
1711712279868 36.09809875488281 5
1711712280140 27.2265567779541 6
1711712280409 21.073091506958008 7
1711712280678 16.02438735961914 8
1711712280952 12.594932556152344 9
1711712281218 9.428428649902344 10
1711712281487 7.529955863952637 11
1711712281756 6.367400646209717 12
1711712282024 5.602375507354736 13
1711712282275 4.932377338409424 14
1711712282549 4.610298156738281 15
1711712282814 4.222871780395508 16
1711712283082 3.9004149436950684 17
1711712283348 3.5917184352874756 18
1711712283622 3.2669434547424316 19
1711712283886 3.1086013317108154 20
1711712284123 2.9018075466156006 21
1711712284389 2.6568353176116943 22
1711712284657 2.67061710357666 23
1711712284921 2.339268684387207 24
1711712285194 2.1651461124420166 25
1711712285460 2.0092613697052 26
1711712285753 1.9624117612838745 27
1711712286026 1.8667113780975342 28
1711712286260 1.686007022857666 29
1711712286525 1.652095079421997 30
1711712286794 1.5155844688415527 31
1711712287065 1.5800743103027344 32
1711712287362 1.3254748582839966 33
1711712287603 1.2261821031570435 34
1711712287836 1.1988221406936646 35
