1711712278462 59.63606262207031 0
1711712278743 22.500892639160156 1
1711712279017 8.517000198364258 2
1711712279286 6.22056245803833 3
1711712279556 4.624985218048096 4
1711712279868 3.895581007003784 5
1711712280140 3.480433464050293 6
1711712280409 3.1132586002349854 7
1711712280678 2.7143352031707764 8
1711712280952 2.427973747253418 9
1711712281218 2.094059944152832 10
1711712281487 1.903082251548767 11
1711712281756 1.7861814498901367 12
1711712282024 1.6966230869293213 13
1711712282275 1.603875756263733 14
1711712282549 1.5763506889343262 15
1711712282814 1.512658953666687 16
1711712283082 1.4582219123840332 17
1711712283348 1.4033632278442383 18
1711712283622 1.343814492225647 19
1711712283886 1.3127621412277222 20
1711712284123 1.2622195482254028 21
1711712284389 1.2139389514923096 22
1711712284657 1.2285006046295166 23
1711712284921 1.1382025480270386 24
1711712285194 1.0933759212493896 25
1711712285460 1.0511351823806763 26
1711712285753 1.0420243740081787 27
1711712286026 1.029036521911621 28
1711712286260 0.9685876369476318 29
1711712286525 0.9619503021240234 30
1711712286794 0.9219075441360474 31
1711712287065 0.950757622718811 32
1711712287362 0.8618780374526978 33
1711712287603 0.8297488689422607 34
1711712287836 0.8205356001853943 35
