1711958304173 6048.15185546875 0
1711958304457 760.9877319335938 1
1711958304726 159.7269744873047 2
1711958305000 95.76309967041016 3
1711958305269 57.722755432128906 4
1711958305532 35.792842864990234 5
1711958305797 24.0738468170166 6
1711958306063 18.028526306152344 7
1711958306334 14.172554969787598 8
1711958306598 11.317923545837402 9
1711958306869 8.746898651123047 10
1711958307135 6.923686504364014 11
1711958307401 5.640583038330078 12
1711958307630 4.822389125823975 13
1711958307896 4.221229553222656 14
1711958308162 3.5851502418518066 15
1711958308426 3.205308198928833 16
1711958308691 2.8965017795562744 17
1711958308955 2.6818149089813232 18
1711958309185 2.349217653274536 19
1711958309448 2.2327721118927 20
1711958309711 2.1022424697875977 21
1711958309973 2.0725603103637695 22
1711958310198 1.7225463390350342 23
1711958310464 1.6988723278045654 24
1711958310691 1.542114496231079 25
1711958310955 1.4426093101501465 26
1711958311219 1.3476581573486328 27
1711958311448 1.3936430215835571 28
1711958311728 1.188470482826233 29
1711958311998 1.1773548126220703 30
1711958312226 1.0655168294906616 31
1711958312491 0.9843810796737671 32
1711958312762 1.009892463684082 33
1711958313037 0.9795569777488708 34
1711958313301 0.8412014245986938 35
1711958313544 0.7978777289390564 36
1711958313808 0.7939575910568237 37
1711958314037 0.8760666847229004 38
1711958314304 0.7443664073944092 39
