1711958304173 59.452735900878906 0
1711958304457 21.507099151611328 1
1711958304726 8.684561729431152 2
1711958305000 6.512804985046387 3
1711958305269 4.991774082183838 4
1711958305532 3.931896924972534 5
1711958305797 3.3142192363739014 6
1711958306063 2.9807169437408447 7
1711958306334 2.679635524749756 8
1711958306598 2.398074150085449 9
1711958306869 2.0982131958007812 10
1711958307135 1.863444447517395 11
1711958307401 1.702986717224121 12
1711958307630 1.5771396160125732 13
1711958307896 1.4887689352035522 14
1711958308162 1.3788925409317017 15
1711958308426 1.3132431507110596 16
1711958308691 1.244044542312622 17
1711958308955 1.209409236907959 18
1711958309185 1.1271706819534302 19
1711958309448 1.1101397275924683 20
1711958309711 1.0771448612213135 21
1711958309973 1.0770890712738037 22
1711958310198 0.9776449799537659 23
1711958310464 0.9800876975059509 24
1711958310691 0.9311789870262146 25
1711958310955 0.9068409204483032 26
1711958311219 0.8776918649673462 27
1711958311448 0.9008203148841858 28
1711958311728 0.8273651599884033 29
1711958311998 0.8301157355308533 30
1711958312226 0.7839601635932922 31
1711958312491 0.7553391456604004 32
1711958312762 0.766919732093811 33
1711958313037 0.763102114200592 34
1711958313301 0.6945753693580627 35
1711958313544 0.6842572093009949 36
1711958313808 0.6823233962059021 37
1711958314037 0.7140254974365234 38
1711958314304 0.6625076532363892 39
