1711712842920 5505.21630859375 0
1711712843198 483.5755310058594 1
1711712843471 139.47010803222656 2
1711712843744 83.08350372314453 3
1711712844011 51.858829498291016 4
1711712844283 35.16556930541992 5
1711712844552 25.286788940429688 6
1711712844818 20.162633895874023 7
1711712845089 16.650924682617188 8
1711712845358 13.774565696716309 9
1711712845661 11.827223777770996 10
1711712845936 10.117950439453125 11
1711712846205 8.61970043182373 12
1711712846475 7.485080718994141 13
1711712846745 6.589080333709717 14
1711712847017 5.758504867553711 15
1711712847283 5.24788236618042 16
1711712847552 5.044605731964111 17
1711712847820 4.53098726272583 18
1711712848090 4.075693607330322 19
1711712848357 3.879709482192993 20
1711712848594 3.7671825885772705 21
1711712848862 3.547001838684082 22
1711712849131 3.5397512912750244 23
1711712849402 3.1986684799194336 24
1711712849670 3.1519417762756348 25
1711712849938 3.009127378463745 26
1711712850172 2.933182954788208 27
1711712850405 2.9747064113616943 28
1711712850672 2.740182876586914 29
1711712850938 2.705400228500366 30
1711712851173 2.5935535430908203 31
1711712851448 2.458261489868164 32
1711712851737 2.428582191467285 33
1711712852004 2.347834587097168 34
1711712852294 2.279679775238037 35
1711712852533 2.194673538208008 36
1711712852801 2.2571072578430176 37
1711712853056 1.9846923351287842 38
1711712853323 2.11384654045105 39
1711712853571 1.9779571294784546 40
1711712853841 1.862454891204834 41
1711712854150 1.812398076057434 42
1711712854384 1.748538851737976 43
1711712854651 1.7167320251464844 44
1711712854919 1.6043473482131958 45
1711712855186 1.5221421718597412 46
1711712855418 1.4439659118652344 47
1711712855690 1.4557673931121826 48
1711712855921 1.477876901626587 49
