1711712842920 57.011417388916016 0
1711712843198 15.942216873168945 1
1711712843471 8.1483793258667 2
1711712843744 6.071903705596924 3
1711712844011 4.714223384857178 4
1711712844283 3.926422119140625 5
1711712844552 3.4079723358154297 6
1711712844818 3.1186137199401855 7
1711712845089 2.8785760402679443 8
1711712845358 2.6439108848571777 9
1711712845661 2.4564120769500732 10
1711712845936 2.2935307025909424 11
1711712846205 2.1179559230804443 12
1711712846475 1.9848394393920898 13
1711712846745 1.8680118322372437 14
1711712847017 1.7528226375579834 15
1711712847283 1.6823279857635498 16
1711712847552 1.665455937385559 17
1711712847820 1.5818793773651123 18
1711712848090 1.498118281364441 19
1711712848357 1.4702486991882324 20
1711712848594 1.461484432220459 21
1711712848862 1.414676308631897 22
1711712849131 1.4149459600448608 23
1711712849402 1.3461664915084839 24
1711712849670 1.3424608707427979 25
1711712849938 1.3139287233352661 26
1711712850172 1.294251561164856 27
1711712850405 1.3104838132858276 28
1711712850672 1.2463434934616089 29
1711712850938 1.2446894645690918 30
1711712851173 1.2181721925735474 31
1711712851448 1.1814509630203247 32
1711712851737 1.1698049306869507 33
1711712852004 1.1538630723953247 34
1711712852294 1.1442638635635376 35
1711712852533 1.1171760559082031 36
1711712852801 1.1317651271820068 37
1711712853056 1.059852957725525 38
1711712853323 1.0965195894241333 39
1711712853571 1.0637710094451904 40
1711712853841 1.031530737876892 41
1711712854150 1.0181142091751099 42
1711712854384 0.9964659810066223 43
1711712854651 0.9883766770362854 44
1711712854919 0.9540120363235474 45
1711712855186 0.9249094724655151 46
1711712855418 0.9028431177139282 47
1711712855690 0.9126253128051758 48
1711712855921 0.9184324145317078 49
