1711958879325 5710.47119140625 0
1711958879598 697.073974609375 1
1711958879863 133.9883575439453 2
1711958880128 77.4458236694336 3
1711958880395 45.1683349609375 4
1711958880658 25.63732147216797 5
1711958880921 18.488996505737305 6
1711958881184 14.9983491897583 7
1711958881450 13.182954788208008 8
1711958881713 11.32597541809082 9
1711958881976 10.735065460205078 10
1711958882239 9.619426727294922 11
1711958882504 8.632587432861328 12
1711958882767 7.982443809509277 13
1711958883029 7.548572540283203 14
1711958883373 6.957373142242432 15
1711958883691 6.570131301879883 16
1711958883955 6.47074556350708 17
1711958884185 5.891300201416016 18
1711958884458 5.381612777709961 19
1711958884729 5.027700424194336 20
1711958884993 4.5668416023254395 21
1711958885256 4.276732444763184 22
1711958885517 4.027225971221924 23
1711958885778 3.7051217555999756 24
1711958886039 3.5026819705963135 25
1711958886300 3.0553040504455566 26
1711958886562 2.8106849193573 27
1711958886823 2.6426479816436768 28
1711958887086 2.3993327617645264 29
1711958887392 2.3175249099731445 30
1711958887663 1.9841521978378296 31
1711958887940 1.8133659362792969 32
1711958888247 1.767280101776123 33
1711958888545 1.5816514492034912 34
1711958888816 1.524079442024231 35
1711958889079 1.3049938678741455 36
1711958889348 1.2412806749343872 37
1711958889577 1.1461964845657349 38
1711958889929 1.0714690685272217 39
1711958890204 1.077773094177246 40
1711958890520 0.9237337112426758 41
1711958890768 1.1264172792434692 42
1711958891031 0.8482047915458679 43
1711958891275 0.8089670538902283 44
1711958891504 0.7555158734321594 45
1711958891784 0.8009573221206665 46
1711958892008 0.6729215979576111 47
1711958892237 0.9859020113945007 48
1711958892508 0.8767113089561462 49
