1711958879325 57.7053337097168 0
1711958879598 20.220226287841797 1
1711958879863 8.091022491455078 2
1711958880128 5.943432807922363 3
1711958880395 4.5103936195373535 4
1711958880658 3.402736186981201 5
1711958880921 2.9620611667633057 6
1711958881184 2.7201790809631348 7
1711958881450 2.590099334716797 8
1711958881713 2.399474859237671 9
1711958881976 2.371370315551758 10
1711958882239 2.259474277496338 11
1711958882504 2.1386663913726807 12
1711958882767 2.0564582347869873 13
1711958883029 2.0160446166992188 14
1711958883373 1.9350067377090454 15
1711958883691 1.8813128471374512 16
1711958883955 1.8770322799682617 17
1711958884185 1.7868448495864868 18
1711958884458 1.700952410697937 19
1711958884729 1.6564083099365234 20
1711958884993 1.571122407913208 21
1711958885256 1.5186595916748047 22
1711958885517 1.4661121368408203 23
1711958885778 1.404910683631897 24
1711958886039 1.3704805374145508 25
1711958886300 1.2824560403823853 26
1711958886562 1.2312428951263428 27
1711958886823 1.1902480125427246 28
1711958887086 1.1331584453582764 29
1711958887392 1.1291202306747437 30
1711958887663 1.034822702407837 31
1711958887940 0.9873851537704468 32
1711958888247 0.9802823066711426 33
1711958888545 0.9271251559257507 34
1711958888816 0.9141725897789001 35
1711958889079 0.8372063636779785 36
1711958889348 0.820813000202179 37
1711958889577 0.788007378578186 38
1711958889929 0.7655849456787109 39
1711958890204 0.7734092473983765 40
1711958890520 0.7153814435005188 41
1711958890768 0.7915067672729492 42
1711958891031 0.685828685760498 43
1711958891275 0.669910192489624 44
1711958891504 0.6468216180801392 45
1711958891784 0.6651202440261841 46
1711958892008 0.6089521646499634 47
1711958892237 0.7527046799659729 48
1711958892508 0.6994640231132507 49
