1711958191020 5959.259765625 0
1711958191287 729.4802856445312 1
1711958191553 128.59213256835938 2
1711958191822 66.29631805419922 3
1711958192088 40.09828567504883 4
1711958192478 29.477170944213867 5
1711958192813 23.98394775390625 6
1711958193107 19.852638244628906 7
1711958193400 17.12408447265625 8
1711958193668 13.873632431030273 9
1711958193936 11.251508712768555 10
1711958194252 9.49770450592041 11
1711958194536 7.979820728302002 12
1711958194806 6.896239280700684 13
1711958195077 6.164454460144043 14
1711958195351 5.481481075286865 15
1711958195620 5.122457504272461 16
1711958195857 4.829758644104004 17
1711958196128 4.29519510269165 18
1711958196392 4.281907558441162 19
1711958196681 3.9064338207244873 20
1711958196971 3.592975616455078 21
1711958197243 3.438671827316284 22
1711958197516 3.137293815612793 23
1711958197939 2.942095994949341 24
1711958198221 2.6196608543395996 25
1711958198578 2.371962308883667 26
1711958198859 2.1831576824188232 27
1711958199152 1.8817836046218872 28
1711958199395 1.701257348060608 29
1711958199663 1.6533700227737427 30
1711958199960 1.5784285068511963 31
1711958200232 1.4081326723098755 32
1711958200512 1.2918310165405273 33
1711958200820 1.307384729385376 34
1711958201061 1.1495342254638672 35
1711958201327 1.128052830696106 36
1711958201618 1.1529724597930908 37
1711958201853 1.0966777801513672 38
1711958202120 1.0108530521392822 39
1711958202391 0.9086898565292358 40
1711958202631 0.901931881904602 41
1711958202867 1.0554332733154297 42
1711958203141 0.8897994160652161 43
1711958203414 0.9423141479492188 44
1711958203684 0.8667274117469788 45
1711958203955 0.7729715704917908 46
