1711958191020 59.26985168457031 0
1711958191287 20.556612014770508 1
1711958191553 7.710686683654785 2
1711958191822 5.213381767272949 3
1711958192088 4.159193515777588 4
1711958192478 3.7634687423706055 5
1711958192813 3.4629597663879395 6
1711958193107 3.2003486156463623 7
1711958193400 3.0030815601348877 8
1711958193668 2.6845626831054688 9
1711958193936 2.4162070751190186 10
1711958194252 2.232027769088745 11
1711958194536 2.0273685455322266 12
1711958194806 1.9009546041488647 13
1711958195077 1.8205543756484985 14
1711958195351 1.716606616973877 15
1711958195620 1.6713238954544067 16
1711958195857 1.6213696002960205 17
1711958196128 1.5285154581069946 18
1711958196392 1.5392074584960938 19
1711958196681 1.4759384393692017 20
1711958196971 1.4121391773223877 21
1711958197243 1.389780879020691 22
1711958197516 1.3252872228622437 23
1711958197939 1.2906028032302856 24
1711958198221 1.212233543395996 25
1711958198578 1.1622352600097656 26
1711958198859 1.1148937940597534 27
1711958199152 1.0396310091018677 28
1711958199395 0.9838140606880188 29
1711958199663 0.9694891571998596 30
1711958199960 0.9556435346603394 31
1711958200232 0.8990740776062012 32
1711958200512 0.8567501902580261 33
1711958200820 0.8650572896003723 34
1711958201061 0.8111777901649475 35
1711958201327 0.8037551045417786 36
1711958201618 0.808361828327179 37
1711958201853 0.7904765605926514 38
1711958202120 0.763884425163269 39
1711958202391 0.7221117615699768 40
1711958202631 0.7190477848052979 41
1711958202867 0.7906715273857117 42
1711958203141 0.7190276384353638 43
1711958203414 0.7412393093109131 44
1711958203684 0.7097654342651367 45
1711958203955 0.6673065423965454 46
