1711709233150 59.207088470458984 0
1711709233437 21.800331115722656 1
1711709233709 8.268545150756836 2
1711709233996 6.157828330993652 3
1711709234264 4.851837158203125 4
1711709234535 4.068413257598877 5
1711709234801 3.714052677154541 6
1711709235066 3.2893805503845215 7
1711709235338 2.9453349113464355 8
1711709235605 2.6120564937591553 9
1711709235871 2.258439540863037 10
1711709236142 2.0029654502868652 11
1711709236410 1.8461523056030273 12
1711709236678 1.6899529695510864 13
1711709236945 1.6039308309555054 14
1711709237216 1.5305876731872559 15
1711709237484 1.4924180507659912 16
1711709237758 1.430668830871582 17
1711709238032 1.361897587776184 18
1711709238271 1.361438274383545 19
1711709238569 1.3003507852554321 20
1711709238836 1.2506310939788818 21
1711709239103 1.1950910091400146 22
1711709239371 1.196648120880127 23
1711709239604 1.1242762804031372 24
1711709239918 1.0910236835479736 25
1711709240189 1.100755214691162 26
1711709240429 1.0744749307632446 27
1711709240699 1.04780113697052 28
1711709240972 0.9602891206741333 29
1711709241207 0.9954161643981934 30
1711709241440 0.931274950504303 31
1711709241702 0.918439507484436 32
1711709241973 0.8872842192649841 33
1711709242207 0.8393599390983582 34
1711709242475 0.8126194477081299 35
1711709242739 0.7871307134628296 36
1711709243008 0.8100157976150513 37
1711709243282 0.7908709645271301 38
1711709243517 0.7579575181007385 39
1711709243805 0.8046214580535889 40
