1711709233150 6008.63916015625 0
1711709233437 790.7994384765625 1
1711709233709 152.08775329589844 2
1711709233996 90.83140563964844 3
1711709234264 57.33434295654297 4
1711709234535 38.23277282714844 5
1711709234801 29.520204544067383 6
1711709235066 22.942171096801758 7
1711709235338 18.400827407836914 8
1711709235605 14.375520706176758 9
1711709235871 11.035638809204102 10
1711709236142 8.598255157470703 11
1711709236410 7.0881242752075195 12
1711709236678 5.823878765106201 13
1711709236945 5.1625518798828125 14
1711709237216 4.535007953643799 15
1711709237484 4.251404762268066 16
1711709237758 3.848151445388794 17
1711709238032 3.458785057067871 18
1711709238271 3.3699333667755127 19
1711709238569 3.070937395095825 20
1711709238836 2.8448116779327393 21
1711709239103 2.589827537536621 22
1711709239371 2.554717540740967 23
1711709239604 2.2714433670043945 24
1711709239918 2.1264665126800537 25
1711709240189 2.1280219554901123 26
1711709240429 2.019378423690796 27
1711709240699 1.9275343418121338 28
1711709240972 1.6361864805221558 29
1711709241207 1.7264090776443481 30
1711709241440 1.5258835554122925 31
1711709241702 1.473177194595337 32
1711709241973 1.368774652481079 33
1711709242207 1.2367576360702515 34
1711709242475 1.1531751155853271 35
1711709242739 1.0796149969100952 36
1711709243008 1.1359070539474487 37
1711709243282 1.0803642272949219 38
1711709243517 0.9954351782798767 39
1711709243805 1.1254948377609253 40
