1711709677501 59.975624084472656 0
1711709677819 19.673768997192383 1
1711709678299 8.799388885498047 2
1711709678802 6.4692206382751465 3
1711709679076 5.070498466491699 4
1711709679338 4.128200054168701 5
1711709679600 3.5270633697509766 6
1711709679865 3.1093027591705322 7
1711709680129 2.839370012283325 8
1711709680394 2.5659377574920654 9
1711709680654 2.369530439376831 10
1711709680921 2.209064245223999 11
1711709681182 2.087449789047241 12
1711709681441 1.9704164266586304 13
1711709681707 1.7947155237197876 14
1711709681935 1.7140125036239624 15
1711709682199 1.7089524269104004 16
1711709682462 1.6108033657073975 17
1711709682726 1.5739777088165283 18
1711709682984 1.538393259048462 19
1711709683298 1.5250625610351562 20
1711709683558 1.4340510368347168 21
1711709683789 1.4331516027450562 22
1711709684054 1.380742073059082 23
1711709684317 1.3482152223587036 24
1711709684545 1.3383910655975342 25
1711709684806 1.3107731342315674 26
1711709685042 1.3376821279525757 27
1711709685270 1.261030673980713 28
1711709685552 1.2610007524490356 29
1711709685817 1.2339801788330078 30
1711709686046 1.2518185377120972 31
1711709686308 1.2781909704208374 32
1711709686547 1.1866719722747803 33
1711709686813 1.184569239616394 34
1711709687076 1.17958402633667 35
1711709687341 1.1807045936584473 36
1711709687571 1.1593343019485474 37
1711709687832 1.1371028423309326 38
1711709688062 1.1527127027511597 39
1711709688298 1.0811090469360352 40
1711709688561 1.0882363319396973 41
1711709688825 1.0397201776504517 42
1711709689093 1.0305306911468506 43
1711709689360 1.049079418182373 44
1711709689590 0.965348482131958 45
1711709689856 0.9654565453529358 46
1711709690126 0.9327752590179443 47
1711709690393 0.9458061456680298 48
1711709690624 0.9378370046615601 49
