1711709677501 6114.7705078125 0
1711709677819 675.794189453125 1
1711709678299 153.09814453125 2
1711709678802 89.62488555908203 3
1711709679076 55.595157623291016 4
1711709679338 35.966068267822266 5
1711709679600 25.26015853881836 6
1711709679865 18.776355743408203 7
1711709680129 15.08223819732666 8
1711709680394 12.268491744995117 9
1711709680654 10.385361671447754 10
1711709680921 9.055306434631348 11
1711709681182 8.037017822265625 12
1711709681441 7.148862361907959 13
1711709681707 6.10682487487793 14
1711709681935 5.5435380935668945 15
1711709682199 5.437348365783691 16
1711709682462 4.880622863769531 17
1711709682726 4.609559059143066 18
1711709682984 4.388417720794678 19
1711709683298 4.250237464904785 20
1711709683558 3.851813554763794 21
1711709683789 3.7847037315368652 22
1711709684054 3.558979034423828 23
1711709684317 3.392214775085449 24
1711709684545 3.3213181495666504 25
1711709684806 3.203308582305908 26
1711709685042 3.247851848602295 27
1711709685270 2.9789278507232666 28
1711709685552 2.9656059741973877 29
1711709685817 2.8439419269561768 30
1711709686046 2.907320022583008 31
1711709686308 2.995828151702881 32
1711709686547 2.645888328552246 33
1711709686813 2.629077434539795 34
1711709687076 2.586940050125122 35
1711709687341 2.5798022747039795 36
1711709687571 2.461948871612549 37
1711709687832 2.3773813247680664 38
1711709688062 2.407818078994751 39
1711709688298 2.1363916397094727 40
1711709688561 2.1534688472747803 41
1711709688825 1.9744648933410645 42
1711709689093 1.9261474609375 43
1711709689360 2.002866268157959 44
1711709689590 1.7341192960739136 45
1711709689856 1.721137523651123 46
1711709690126 1.609419822692871 47
1711709690393 1.6475534439086914 48
1711709690624 1.6150773763656616 49
