1711709557005 6004.166015625 0
1711709557274 780.9802856445312 1
1711709557543 167.46484375 2
1711709557809 97.15205383300781 3
1711709558073 58.683189392089844 4
1711709558347 40.468502044677734 5
1711709558612 29.827728271484375 6
1711709558878 23.473722457885742 7
1711709559216 19.009550094604492 8
1711709559485 15.561453819274902 9
1711709559747 12.716997146606445 10
1711709560016 10.777554512023926 11
1711709560281 9.381281852722168 12
1711709560547 8.258317947387695 13
1711709560813 7.440611362457275 14
1711709561078 6.9189348220825195 15
1711709561344 6.2615485191345215 16
1711709561607 5.692659378051758 17
1711709561870 5.381361961364746 18
1711709562134 5.0495452880859375 19
1711709562369 5.045768737792969 20
1711709562600 4.795817852020264 21
