1711709557005 59.29631042480469 0
1711709557274 21.718547821044922 1
1711709557543 9.041842460632324 2
1711709557809 6.658013343811035 3
1711709558073 5.0855841636657715 4
1711709558347 4.331121444702148 5
1711709558612 3.8261420726776123 6
1711709558878 3.4375643730163574 7
1711709559216 3.1156005859375 8
1711709559485 2.8368515968322754 9
1711709559747 2.56803822517395 10
1711709560016 2.382009267807007 11
1711709560281 2.23416805267334 12
1711709560547 2.099756956100464 13
1711709560813 2.0013504028320312 14
1711709561078 1.9424527883529663 15
1711709561344 1.8434946537017822 16
1711709561607 1.7563598155975342 17
1711709561870 1.71552574634552 18
1711709562134 1.6489967107772827 19
1711709562369 1.6593466997146606 20
1711709562600 1.6198766231536865 21
