1711958230210 5797.03955078125 0
1711958230486 691.2084350585938 1
1711958230757 139.14964294433594 2
1711958231027 79.62168884277344 3
1711958231313 45.025543212890625 4
1711958231613 26.23839569091797 5
1711958231885 17.38018798828125 6
1711958232161 12.201685905456543 7
1711958232447 8.624707221984863 8
1711958232761 6.752496242523193 9
1711958233033 5.362903594970703 10
1711958233298 4.677853584289551 11
1711958233564 4.143492221832275 12
1711958233829 3.929940938949585 13
1711958234102 3.5343778133392334 14
1711958234397 3.276571750640869 15
1711958234674 3.0727341175079346 16
1711958234962 2.8551559448242188 17
1711958235225 2.632925510406494 18
1711958235521 2.664703130722046 19
1711958235795 2.4018352031707764 20
1711958236069 2.2772557735443115 21
1711958236334 2.0813491344451904 22
1711958236619 2.1075894832611084 23
1711958236908 1.8489463329315186 24
1711958237145 1.754055142402649 25
1711958237425 1.6783908605575562 26
1711958237660 1.6097240447998047 27
1711958237938 1.5706818103790283 28
1711958238180 1.5900095701217651 29
1711958238474 1.6497427225112915 30
1711958238719 1.3365994691848755 31
1711958238983 1.351702332496643 32
