1711958230210 58.08370590209961 0
1711958230486 20.150060653686523 1
1711958230757 8.193707466125488 2
1711958231027 5.87558126449585 3
1711958231313 4.3266143798828125 4
1711958231613 3.417776584625244 5
1711958231885 2.8826024532318115 6
1711958232161 2.4693000316619873 7
1711958232447 2.065722942352295 8
1711958232761 1.8517004251480103 9
1711958233033 1.6661620140075684 10
1711958233298 1.5826598405838013 11
1711958233564 1.5023376941680908 12
1711958233829 1.4726794958114624 13
1711958234102 1.3989940881729126 14
1711958234397 1.3510327339172363 15
1711958234674 1.3144500255584717 16
1711958234962 1.2736725807189941 17
1711958235225 1.2179261445999146 18
1711958235521 1.231061339378357 19
1711958235795 1.1696546077728271 20
1711958236069 1.1431221961975098 21
1711958236334 1.0947731733322144 22
1711958236619 1.1073354482650757 23
1711958236908 1.0313456058502197 24
1711958237145 1.0032932758331299 25
1711958237425 0.9764381051063538 26
1711958237660 0.963457465171814 27
1711958237938 0.9483193159103394 28
1711958238180 0.9635944366455078 29
1711958238474 0.9831141233444214 30
1711958238719 0.8795368671417236 31
1711958238983 0.8858651518821716 32
