1711714533503 60.956581115722656 0
1711714533776 20.31827735900879 1
1711714534048 8.04389476776123 2
1711714534324 5.914209365844727 3
1711714534596 4.617802143096924 4
1711714534866 3.858795166015625 5
1711714535136 3.35538649559021 6
1711714535410 2.982027053833008 7
1711714535727 2.7258856296539307 8
1711714536007 2.48481822013855 9
1711714536277 2.2491703033447266 10
1711714536548 2.067958354949951 11
1711714536818 1.9211043119430542 12
1711714537088 1.8204725980758667 13
1711714537360 1.6254104375839233 14
1711714537629 1.467056393623352 15
1711714537900 1.3542096614837646 16
1711714538138 1.2874542474746704 17
1711714538407 1.243879795074463 18
1711714538679 1.1777451038360596 19
1711714538911 1.159274697303772 20
1711714539181 1.1280344724655151 21
1711714539451 1.1040118932724 22
1711714539720 1.0788096189498901 23
1711714539990 1.056359887123108 24
1711714540232 1.086991548538208 25
1711714540505 1.034959316253662 26
1711714540774 0.9786847829818726 27
1711714541040 0.9663926959037781 28
1711714541310 0.9670204520225525 29
1711714541548 0.9543938040733337 30
1711714541786 0.9939538836479187 31
1711714542053 0.9218005537986755 32
1711714542323 0.9216010570526123 33
1711714542592 0.9400184154510498 34
1711714542829 0.8793725371360779 35
1711714543099 0.8439675569534302 36
1711714543371 0.8654458522796631 37
1711714543638 0.8458459377288818 38
1711714543917 0.8456287384033203 39
1711714544200 0.8613515496253967 40
1711714544471 0.8735665082931519 41
1711714544710 0.8444687128067017 42
1711714544976 0.7825972437858582 43
1711714545218 0.8122422099113464 44
1711714545457 0.7912124395370483 45
1711714545741 0.8099605441093445 46
1711714545978 0.8635767698287964 47
1711714546226 0.7954286932945251 48
