1711714533503 6256.24853515625 0
1711714533776 716.3911743164062 1
1711714534048 137.47311401367188 2
1711714534324 81.57483673095703 3
1711714534596 51.1990852355957 4
1711714534866 34.707969665527344 5
1711714535136 24.834611892700195 6
1711714535410 18.958473205566406 7
1711714535727 15.406189918518066 8
1711714536007 12.682936668395996 9
1711714536277 10.372368812561035 10
1711714536548 8.763935089111328 11
1711714536818 7.502865314483643 12
1711714537088 6.637110233306885 13
1711714537360 5.234126567840576 14
1711714537629 4.242276668548584 15
1711714537900 3.5883853435516357 16
1711714538138 3.2036006450653076 17
1711714538407 2.952437400817871 18
1711714538679 2.6405317783355713 19
1711714538911 2.513190746307373 20
1711714539181 2.38759446144104 21
1711714539451 2.260411500930786 22
1711714539720 2.1347315311431885 23
1711714539990 2.04731822013855 24
1711714540232 2.104377269744873 25
1711714540505 1.9110479354858398 26
1711714540774 1.7340822219848633 27
1711714541040 1.6833406686782837 28
1711714541310 1.666624665260315 29
1711714541548 1.618547797203064 30
1711714541786 1.745416283607483 31
1711714542053 1.5133333206176758 32
1711714542323 1.4908908605575562 33
1711714542592 1.5367074012756348 34
1711714542829 1.3685985803604126 35
1711714543099 1.263926386833191 36
1711714543371 1.3155217170715332 37
1711714543638 1.2491086721420288 38
1711714543917 1.2519948482513428 39
1711714544200 1.289141058921814 40
1711714544471 1.3134678602218628 41
1711714544710 1.25247323513031 42
1711714544976 1.090088963508606 43
1711714545218 1.1478930711746216 44
1711714545457 1.0898315906524658 45
1711714545741 1.1354271173477173 46
1711714545978 1.2999738454818726 47
1711714546226 1.1038225889205933 48
