1711714788930 5769.25439453125 0
1711714789213 712.984130859375 1
1711714789506 152.39996337890625 2
1711714789780 80.0951156616211 3
1711714790051 45.936279296875 4
1711714790320 31.46038055419922 5
1711714790592 23.952434539794922 6
1711714790866 19.48707389831543 7
1711714791135 16.214035034179688 8
1711714791405 13.629209518432617 9
1711714791679 11.916507720947266 10
1711714791947 10.174864768981934 11
1711714792217 8.715760231018066 12
1711714792491 7.694681167602539 13
1711714792761 6.547534942626953 14
1711714792999 5.956143379211426 15
1711714793306 5.334817886352539 16
1711714793585 5.168690204620361 17
1711714793851 4.255258560180664 18
1711714794123 3.68963623046875 19
1711714794397 3.2893459796905518 20
1711714794668 3.1861836910247803 21
1711714794907 2.859811305999756 22
1711714795173 2.7085378170013428 23
1711714795444 2.2790722846984863 24
1711714795680 2.249817132949829 25
1711714795950 2.0966663360595703 26
1711714796189 2.085008144378662 27
1711714796455 1.698390245437622 28
1711714796724 1.5678266286849976 29
1711714796965 1.4418468475341797 30
1711714797230 1.4690297842025757 31
1711714797471 1.3792223930358887 32
1711714797739 1.2824023962020874 33
