1711714788930 58.112247467041016 0
1711714789213 20.570999145507812 1
1711714789506 8.606635093688965 2
1711714789780 5.663650035858154 3
1711714790051 4.2231903076171875 4
1711714790320 3.7069666385650635 5
1711714790592 3.3500490188598633 6
1711714790866 3.079477310180664 7
1711714791135 2.8339974880218506 8
1711714791405 2.6114420890808105 9
1711714791679 2.460132122039795 10
1711714791947 2.274181604385376 11
1711714792217 2.1074228286743164 12
1711714792491 1.9944225549697876 13
1711714792761 1.8424615859985352 14
1711714792999 1.7767685651779175 15
1711714793306 1.6908403635025024 16
1711714793585 1.6745209693908691 17
1711714793851 1.5127195119857788 18
1711714794123 1.408449411392212 19
1711714794397 1.3393839597702026 20
1711714794668 1.324601173400879 21
1711714794907 1.265968680381775 22
1711714795173 1.2332547903060913 23
1711714795444 1.119134783744812 24
1711714795680 1.1262598037719727 25
1711714795950 1.0855398178100586 26
1711714796189 1.0888723134994507 27
1711714796455 0.9719603657722473 28
1711714796724 0.9362725615501404 29
1711714796965 0.8947072625160217 30
1711714797230 0.9137068390846252 31
1711714797471 0.8860957026481628 32
1711714797739 0.8543983101844788 33
