1711711930074 57.990291595458984 0
1711711930352 24.680208206176758 1
1711711930628 8.315381050109863 2
1711711930901 6.018021583557129 3
1711711931168 4.539434432983398 4
1711711931440 3.6952009201049805 5
1711711931704 3.2771050930023193 6
1711711931975 2.9604687690734863 7
1711711932240 2.67488956451416 8
1711711932510 2.4130074977874756 9
1711711932779 2.243260383605957 10
1711711933052 2.081080436706543 11
1711711933323 1.9726804494857788 12
1711711933592 1.8342046737670898 13
1711711933864 1.7835946083068848 14
1711711934095 1.7137563228607178 15
1711711934363 1.646287441253662 16
1711711934636 1.634587049484253 17
1711711934903 1.5818568468093872 18
1711711935172 1.5587599277496338 19
1711711935441 1.5255154371261597 20
1711711935709 1.4620442390441895 21
1711711935978 1.5192550420761108 22
1711711936213 1.4380009174346924 23
1711711936550 1.3970988988876343 24
1711711936818 1.4100574254989624 25
1711711937093 1.332292914390564 26
1711711937326 1.3168206214904785 27
1711711937591 1.2676459550857544 28
1711711937858 1.1689659357070923 29
1711711938134 1.1316717863082886 30
1711711938365 1.106941819190979 31
1711711938634 1.0509531497955322 32
1711711938903 0.9883756637573242 33
1711711939139 1.0148776769638062 34
1711711939376 0.9379688501358032 35
1711711939647 0.9068906903266907 36
1711711939879 0.9159099459648132 37
1711711940147 0.9493395090103149 38
1711711940392 0.866656482219696 39
1711711940656 0.8240203261375427 40
