1711711930074 5713.35400390625 0
1711711930352 916.8878173828125 1
1711711930628 152.51055908203125 2
1711711930901 84.85513305664062 3
1711711931168 50.276180267333984 4
1711711931440 32.13410949707031 5
1711711931704 23.214250564575195 6
1711711931975 18.221891403198242 7
1711711932240 14.746927261352539 8
1711711932510 11.925996780395508 9
1711711932779 10.07605266571045 10
1711711933052 8.582751274108887 11
1711711933323 7.525440216064453 12
1711711933592 6.4886579513549805 13
1711711933864 6.013060092926025 14
1711711934095 5.444647789001465 15
1711711934363 4.99941349029541 16
1711711934636 4.867188930511475 17
1711711934903 4.546043872833252 18
1711711935172 4.319660663604736 19
1711711935441 4.192073345184326 20
1711711935709 3.836637258529663 21
1711711935978 4.061008453369141 22
1711711936213 3.6781165599823 23
1711711936550 3.5049681663513184 24
1711711936818 3.5059099197387695 25
1711711937093 3.1715779304504395 26
1711711937326 3.070214033126831 27
1711711937591 2.8448548316955566 28
1711711937858 2.456350564956665 29
1711711938134 2.2789723873138428 30
1711711938365 2.1945252418518066 31
1711711938634 1.9787358045578003 32
1711711938903 1.7510457038879395 33
1711711939139 1.8443249464035034 34
1711711939376 1.5735727548599243 35
1711711939647 1.4862476587295532 36
1711711939879 1.507545828819275 37
1711711940147 1.6072899103164673 38
1711711940392 1.3258568048477173 39
1711711940656 1.2309564352035522 40
