1711714391336 6253.56005859375 0
1711714391610 898.4693603515625 1
1711714391891 156.24790954589844 2
1711714392161 74.97265625 3
1711714392434 37.29083251953125 4
1711714392702 22.32188606262207 5
1711714392971 16.112056732177734 6
1711714393242 13.178207397460938 7
1711714393511 10.206098556518555 8
1711714393782 8.162834167480469 9
1711714394051 6.460567474365234 10
1711714394320 5.4898481369018555 11
1711714394589 4.873709201812744 12
1711714394860 4.33536434173584 13
1711714395133 4.495077133178711 14
1711714395402 3.858450174331665 15
1711714395671 3.532468318939209 16
1711714395908 3.3286502361297607 17
1711714396179 3.212198257446289 18
1711714396444 3.171830415725708 19
1711714396712 2.974687337875366 20
1711714397024 2.756901979446411 21
1711714397293 2.7461488246917725 22
1711714397532 2.6506199836730957 23
1711714397795 2.348098039627075 24
1711714398035 2.3022243976593018 25
1711714398304 2.268369197845459 26
1711714398572 2.0849602222442627 27
1711714398840 2.251171350479126 28
1711714399106 2.0960004329681396 29
1711714399341 2.0761897563934326 30
1711714399611 1.8330078125 31
1711714399851 1.8997223377227783 32
1711714400090 1.6768522262573242 33
1711714400355 1.5832023620605469 34
1711714400590 1.624117374420166 35
1711714400856 1.56487238407135 36
1711714401093 1.4865223169326782 37
1711714401362 1.5444165468215942 38
1711714401599 1.35956609249115 39
1711714401867 1.4561749696731567 40
1711714402108 1.2855266332626343 41
1711714402372 1.327125906944275 42
