1711714391336 61.008399963378906 0
1711714391610 23.609169006347656 1
1711714391891 8.7626371383667 2
1711714392161 5.745169639587402 3
1711714392434 4.047529220581055 4
1711714392702 3.2724533081054688 5
1711714392971 2.8811261653900146 6
1711714393242 2.6484670639038086 7
1711714393511 2.3441925048828125 8
1711714393782 2.1020824909210205 9
1711714394051 1.8765828609466553 10
1711714394320 1.7387880086898804 11
1711714394589 1.6451736688613892 12
1711714394860 1.5542974472045898 13
1711714395133 1.6037049293518066 14
1711714395402 1.4708552360534668 15
1711714395671 1.4091087579727173 16
1711714395908 1.3668222427368164 17
1711714396179 1.347143530845642 18
1711714396444 1.3343018293380737 19
1711714396712 1.2956362962722778 20
1711714397024 1.2465009689331055 21
1711714397293 1.250954508781433 22
1711714397532 1.2260733842849731 23
1711714397795 1.1511942148208618 24
1711714398035 1.1429980993270874 25
1711714398304 1.1296563148498535 26
1711714398572 1.0829682350158691 27
1711714398840 1.1306103467941284 28
1711714399106 1.0885541439056396 29
1711714399341 1.0933139324188232 30
1711714399611 1.0134705305099487 31
1711714399851 1.0347155332565308 32
1711714400090 0.9724894165992737 33
1711714400355 0.9462316632270813 34
1711714400590 0.960672914981842 35
1711714400856 0.9453310370445251 36
1711714401093 0.9146789312362671 37
1711714401362 0.9324139356613159 38
1711714401599 0.8773134350776672 39
1711714401867 0.9087491035461426 40
1711714402108 0.8509417176246643 41
1711714402372 0.868842363357544 42
