1711959350346 5794.2099609375 0
1711959350615 809.7650756835938 1
1711959350879 143.12359619140625 2
1711959351142 80.73860168457031 3
1711959351406 44.01054382324219 4
1711959351688 26.296207427978516 5
1711959351951 19.57852554321289 6
1711959352214 16.314613342285156 7
1711959352479 13.681840896606445 8
1711959352742 11.359225273132324 9
1711959353041 9.58682632446289 10
1711959353304 8.55577564239502 11
1711959353568 7.533185958862305 12
1711959353830 6.690734386444092 13
1711959354058 6.166694164276123 14
1711959354321 5.500555038452148 15
1711959354584 5.193345069885254 16
1711959354846 5.228619575500488 17
1711959355072 4.560149192810059 18
1711959355333 4.280943393707275 19
1711959355560 4.115734100341797 20
1711959355822 3.7824316024780273 21
1711959356119 3.6746838092803955 22
1711959356384 3.5084705352783203 23
1711959356622 3.3680918216705322 24
1711959356885 3.1211557388305664 25
1711959357147 3.0285353660583496 26
1711959357392 2.876089096069336 27
1711959357656 2.534743309020996 28
1711959357918 2.494436740875244 29
1711959358181 2.368490695953369 30
1711959358443 2.4056625366210938 31
1711959358706 1.9467577934265137 32
1711959358932 1.9808228015899658 33
1711959359194 1.7628141641616821 34
1711959359461 1.7298669815063477 35
1711959359688 1.623376727104187 36
1711959359949 1.4875422716140747 37
1711959360212 1.4475983381271362 38
1711959360474 1.33502995967865 39
1711959360736 1.4266043901443481 40
1711959360962 1.310166358947754 41
1711959361225 1.2167267799377441 42
1711959361452 1.3371334075927734 43
1711959361713 1.061776041984558 44
1711959361975 1.0266607999801636 45
1711959362201 1.095027208328247 46
1711959362489 0.9554420709609985 47
