1711959350346 58.4448127746582 0
1711959350615 22.063926696777344 1
1711959350879 8.490045547485352 2
1711959351142 6.0386810302734375 3
1711959351406 4.328273296356201 4
1711959351688 3.383042812347412 5
1711959351951 3.0527398586273193 6
1711959352214 2.8669955730438232 7
1711959352479 2.640604257583618 8
1711959352742 2.4182589054107666 9
1711959353041 2.2432005405426025 10
1711959353304 2.128934860229492 11
1711959353568 2.0109782218933105 12
1711959353830 1.8935691118240356 13
1711959354058 1.831770658493042 14
1711959354321 1.7342272996902466 15
1711959354584 1.6931264400482178 16
1711959354846 1.7019187211990356 17
1711959355072 1.5956202745437622 18
1711959355333 1.54221510887146 19
1711959355560 1.5262755155563354 20
1711959355822 1.457158088684082 21
1711959356119 1.4427698850631714 22
1711959356384 1.414260745048523 23
1711959356622 1.3887207508087158 24
1711959356885 1.3407626152038574 25
1711959357147 1.3208339214324951 26
1711959357392 1.2925585508346558 27
1711959357656 1.2051481008529663 28
1711959357918 1.2003613710403442 29
1711959358181 1.1765791177749634 30
1711959358443 1.1829110383987427 31
1711959358706 1.0552079677581787 32
1711959358932 1.0737040042877197 33
1711959359194 1.0071769952774048 34
1711959359461 1.0013611316680908 35
1711959359688 0.9694458842277527 36
1711959359949 0.9280915260314941 37
1711959360212 0.9193513989448547 38
1711959360474 0.8768522143363953 39
1711959360736 0.9094107151031494 40
1711959360962 0.8724716305732727 41
1711959361225 0.8341971039772034 42
1711959361452 0.8821353912353516 43
1711959361713 0.78556227684021 44
1711959361975 0.7712146639823914 45
1711959362201 0.7981644868850708 46
1711959362489 0.7437499761581421 47
