1711711162980 6068.6962890625 0
1711711163254 724.8843994140625 1
1711711163525 121.03191375732422 2
1711711163794 61.5041389465332 3
1711711164067 37.30263900756836 4
1711711164333 26.216703414916992 5
1711711164603 19.802818298339844 6
1711711164873 15.481450080871582 7
1711711165145 12.433119773864746 8
1711711165414 9.224388122558594 9
1711711165683 7.903982162475586 10
1711711165952 6.596174240112305 11
1711711166223 5.542351245880127 12
1711711166490 5.040400981903076 13
1711711166754 4.652077674865723 14
1711711167022 4.583019733428955 15
1711711167261 4.166946887969971 16
1711711167527 4.060731887817383 17
1711711167792 3.8287031650543213 18
1711711168026 3.7155933380126953 19
1711711168293 3.70607590675354 20
1711711168561 3.6615872383117676 21
1711711168795 3.4140257835388184 22
1711711169064 3.2667276859283447 23
1711711169334 3.2852067947387695 24
1711711169598 3.1036927700042725 25
1711711169837 3.2250161170959473 26
1711711170068 2.9463908672332764 27
