1711711162980 59.85639190673828 0
1711711163254 20.275529861450195 1
1711711163525 7.510882377624512 2
1711711163794 5.0878214836120605 3
1711711164067 4.061836242675781 4
1711711164333 3.574730157852173 5
1711711164603 3.189939260482788 6
1711711164873 2.8714120388031006 7
1711711165145 2.5960817337036133 8
1711711165414 2.241337776184082 9
1711711165683 2.1026809215545654 10
1711711165952 1.9066567420959473 11
1711711166223 1.7546519041061401 12
1711711166490 1.6855982542037964 13
1711711166754 1.6277146339416504 14
1711711167022 1.6237943172454834 15
1711711167261 1.5454468727111816 16
1711711167527 1.5219640731811523 17
1711711167792 1.4733697175979614 18
1711711168026 1.4543251991271973 19
1711711168293 1.450067400932312 20
1711711168561 1.4408299922943115 21
1711711168795 1.3963613510131836 22
1711711169064 1.3662755489349365 23
1711711169334 1.3691174983978271 24
1711711169598 1.3261085748672485 25
1711711169837 1.3614054918289185 26
1711711170068 1.2969024181365967 27
