1711713231952 6037.525390625 0
1711713232228 820.5565795898438 1
1711713232501 165.20257568359375 2
1711713232772 89.6872329711914 3
1711713233047 52.77680969238281 4
1711713233312 35.661746978759766 5
1711713233582 27.907093048095703 6
1711713233856 21.451114654541016 7
1711713234126 16.897127151489258 8
1711713234396 12.826125144958496 9
1711713234662 9.8240327835083 10
1711713234931 7.894723892211914 11
1711713235203 6.5264692306518555 12
1711713235478 5.625566482543945 13
1711713235744 4.895030975341797 14
1711713236037 4.605720043182373 15
1711713236272 4.231174945831299 16
1711713236540 3.914626121520996 17
1711713236807 3.7518184185028076 18
1711713237081 3.4045684337615967 19
1711713237342 3.1489531993865967 20
1711713237614 3.0430545806884766 21
1711713237881 2.8526363372802734 22
1711713238158 2.722404956817627 23
1711713238425 2.711148977279663 24
1711713238662 2.546025037765503 25
1711713238930 2.2931389808654785 26
1711713239199 2.2210657596588135 27
1711713239470 2.0289039611816406 28
1711713239735 1.9723294973373413 29
1711713239971 1.8472896814346313 30
1711713240241 1.7595099210739136 31
1711713240471 1.847144365310669 32
1711713240710 1.5532011985778809 33
1711713240974 1.5611017942428589 34
1711713241241 1.5093637704849243 35
1711713241508 1.366918921470642 36
1711713241744 1.3556575775146484 37
1711713241976 1.3069292306900024 38
1711713242246 1.258203148841858 39
1711713242514 1.1049195528030396 40
1711713242750 1.0576624870300293 41
1711713243022 1.0581820011138916 42
1711713243360 0.9344428777694702 43
1711713243655 1.01620614528656 44
1711713243923 1.0004377365112305 45
1711713244208 0.9067627191543579 46
1711713244439 0.8295770883560181 47
1711713244710 0.7907270193099976 48
