1711713231952 59.856788635253906 0
1711713232228 22.207477569580078 1
1711713232501 8.909430503845215 2
1711713232772 6.245699405670166 3
1711713233047 4.7534499168396 4
1711713233312 4.082803249359131 5
1711713233582 3.7392578125 6
1711713233856 3.3029332160949707 7
1711713234126 2.935542583465576 8
1711713234396 2.5323565006256104 9
1711713234662 2.2271535396575928 10
1711713234931 2.0056533813476562 11
1711713235203 1.8362613916397095 12
1711713235478 1.7217882871627808 13
1711713235744 1.6134623289108276 14
1711713236037 1.5814565420150757 15
1711713236272 1.5324429273605347 16
1711713236540 1.475182294845581 17
1711713236807 1.4493651390075684 18
1711713237081 1.3851211071014404 19
1711713237342 1.3326399326324463 20
1711713237614 1.3184678554534912 21
1711713237881 1.271520733833313 22
1711713238158 1.2476346492767334 23
1711713238425 1.2541699409484863 24
1711713238662 1.2084755897521973 25
1711713238930 1.1494762897491455 26
1711713239199 1.1353849172592163 27
1711713239470 1.0845719575881958 28
1711713239735 1.0735485553741455 29
1711713239971 1.0375258922576904 30
1711713240241 1.0167109966278076 31
1711713240471 1.0424340963363647 32
1711713240710 0.9529919624328613 33
1711713240974 0.9558258056640625 34
1711713241241 0.9402995705604553 35
1711713241508 0.8980728983879089 36
1711713241744 0.8959401249885559 37
1711713241976 0.8750941753387451 38
1711713242246 0.8594762086868286 39
1711713242514 0.8009963631629944 40
1711713242750 0.7850179076194763 41
1711713243022 0.7923789620399475 42
1711713243360 0.7371073961257935 43
1711713243655 0.7740023136138916 44
1711713243923 0.7630262970924377 45
1711713244208 0.7247829437255859 46
1711713244439 0.694994330406189 47
1711713244710 0.6793016791343689 48
