1711710151714 6063.009765625 0
1711710151986 647.5847778320312 1
1711710152258 146.20384216308594 2
1711710152525 83.86093139648438 3
1711710152794 50.09502410888672 4
1711710153061 32.55788803100586 5
1711710153325 22.357261657714844 6
1711710153594 16.181520462036133 7
1711710153862 12.66270637512207 8
1711710154127 10.524020195007324 9
1711710154393 9.12145709991455 10
1711710154662 8.188994407653809 11
1711710154928 7.36526346206665 12
1711710155192 6.695633888244629 13
1711710155462 6.309082508087158 14
1711710155728 5.713322162628174 15
1711710155990 5.445602893829346 16
1711710156259 5.162973403930664 17
1711710156522 4.739040851593018 18
1711710156789 4.296929359436035 19
1711710157027 4.230635643005371 20
1711710157291 4.131155014038086 21
1711710157575 3.8397371768951416 22
1711710157838 3.5434882640838623 23
1711710158129 3.3651621341705322 24
1711710158391 3.4305717945098877 25
1711710158670 3.203493118286133 26
1711710158937 2.928471565246582 27
1711710159207 2.9071099758148193 28
1711710159437 2.764787197113037 29
1711710159702 2.463533401489258 30
1711710159931 2.399117946624756 31
1711710160165 2.329805612564087 32
1711710160426 2.1487457752227783 33
1711710160692 2.039163589477539 34
1711710160958 1.9565939903259277 35
1711710161192 2.000511646270752 36
1711710161421 1.6047626733779907 37
1711710161684 1.598723292350769 38
1711710161948 1.427233099937439 39
1711710162216 1.3949549198150635 40
1711710162444 1.3614827394485474 41
1711710162713 1.222038745880127 42
1711710162995 1.1859992742538452 43
1711710163262 1.121752381324768 44
1711710163527 1.0412746667861938 45
1711710163793 1.1443605422973633 46
1711710164058 0.8959521651268005 47
1711710164325 0.9587666988372803 48
1711710164556 0.8211483359336853 49
