1711710151714 59.661529541015625 0
1711710151986 19.339080810546875 1
1711710152258 8.379456520080566 2
1711710152525 5.883744239807129 3
1711710152794 4.462379455566406 4
1711710153061 3.724958896636963 5
1711710153325 3.158599853515625 6
1711710153594 2.692981004714966 7
1711710153862 2.429854393005371 8
1711710154127 2.2530622482299805 9
1711710154393 2.1289665699005127 10
1711710154662 2.0383148193359375 11
1711710154928 1.9362199306488037 12
1711710155192 1.8542702198028564 13
1711710155462 1.8216900825500488 14
1711710155728 1.7340995073318481 15
1711710155990 1.709563136100769 16
1711710156259 1.6704375743865967 17
1711710156522 1.611919641494751 18
1711710156789 1.5346829891204834 19
1711710157027 1.5295004844665527 20
1711710157291 1.5230114459991455 21
1711710157575 1.4567166566848755 22
1711710157838 1.4007766246795654 23
1711710158129 1.3683536052703857 24
1711710158391 1.396477222442627 25
1711710158670 1.345298171043396 26
1711710158937 1.2856696844100952 27
1711710159207 1.2796645164489746 28
1711710159437 1.2501676082611084 29
1711710159702 1.1756818294525146 30
1711710159931 1.1681004762649536 31
1711710160165 1.1595978736877441 32
1711710160426 1.1049106121063232 33
1711710160692 1.0768744945526123 34
1711710160958 1.0568268299102783 35
1711710161192 1.0725327730178833 36
1711710161421 0.9520819187164307 37
1711710161684 0.9480287432670593 38
1711710161948 0.8997138738632202 39
1711710162216 0.8893344402313232 40
1711710162444 0.8824462890625 41
1711710162713 0.8348568677902222 42
1711710162995 0.8230433464050293 43
1711710163262 0.80414879322052 44
1711710163527 0.7680928111076355 45
1711710163793 0.8079714179039001 46
1711710164058 0.7094575762748718 47
1711710164325 0.745330274105072 48
1711710164556 0.6819925308227539 49
