1711708226988 5962.3232421875 0
1711708227260 832.6371459960938 1
1711708227526 149.57911682128906 2
1711708227795 81.28801727294922 3
1711708228062 46.564510345458984 4
1711708228329 28.491455078125 5
1711708228595 20.3944034576416 6
1711708228862 15.263338088989258 7
1711708229128 12.471315383911133 8
1711708229392 10.222766876220703 9
1711708229660 8.67335033416748 10
1711708229927 7.729148864746094 11
1711708230191 6.605323314666748 12
1711708230457 6.050960063934326 13
1711708230722 5.440372943878174 14
1711708230954 4.722349643707275 15
1711708231307 4.320523738861084 16
1711708231576 4.254866600036621 17
1711708231837 3.7556796073913574 18
1711708232107 3.592513084411621 19
1711708232340 3.504901647567749 20
1711708232602 3.471099376678467 21
1711708232868 3.123642921447754 22
1711708233134 2.9275057315826416 23
1711708233367 2.8112757205963135 24
1711708233597 2.7186238765716553 25
1711708233862 2.514841318130493 26
1711708234092 2.380399703979492 27
1711708234356 2.2586281299591064 28
1711708234587 2.1842315196990967 29
1711708234826 2.076237916946411 30
1711708235089 2.0084543228149414 31
1711708235321 1.9748889207839966 32
1711708235584 1.8257026672363281 33
1711708235849 1.7233107089996338 34
1711708236112 1.6473404169082642 35
1711708236379 1.6778312921524048 36
1711708236642 1.604241967201233 37
1711708236907 1.475782871246338 38
1711708237136 1.3954694271087646 39
1711708237397 1.4123848676681519 40
1711708237630 1.4374152421951294 41
1711708237890 1.2796474695205688 42
1711708238203 1.1430224180221558 43
1711708238439 1.2472084760665894 44
1711708238721 1.0820223093032837 45
1711708238986 1.2707072496414185 46
1711708239272 1.0668641328811646 47
1711708239533 0.940540075302124 48
1711708239769 1.0335017442703247 49
