1711708226988 59.38813018798828 0
1711708227260 22.67003059387207 1
1711708227526 8.276559829711914 2
1711708227795 5.786816596984863 3
1711708228062 4.399636745452881 4
1711708228329 3.517967939376831 5
1711708228595 3.0817437171936035 6
1711708228862 2.6865620613098145 7
1711708229128 2.480292320251465 8
1711708229392 2.2588284015655518 9
1711708229660 2.096719741821289 10
1711708229927 2.006162166595459 11
1711708230191 1.864766001701355 12
1711708230457 1.8084110021591187 13
1711708230722 1.7318625450134277 14
1711708230954 1.603102207183838 15
1711708231307 1.5460891723632812 16
1711708231576 1.543696641921997 17
1711708231837 1.4555195569992065 18
1711708232107 1.424521565437317 19
1711708232340 1.4154706001281738 20
1711708232602 1.4115499258041382 21
1711708232868 1.3418396711349487 22
1711708233134 1.2978144884109497 23
1711708233367 1.2699344158172607 24
1711708233597 1.2459813356399536 25
1711708233862 1.1990803480148315 26
1711708234092 1.1682049036026 27
1711708234356 1.139076590538025 28
1711708234587 1.1208068132400513 29
1711708234826 1.0906410217285156 30
1711708235089 1.0726948976516724 31
1711708235321 1.0607008934020996 32
1711708235584 1.017716884613037 33
1711708235849 0.989375114440918 34
1711708236112 0.9670131206512451 35
1711708236379 0.9809459447860718 36
1711708236642 0.9550126194953918 37
1711708236907 0.9176096320152283 38
1711708237136 0.8918197751045227 39
1711708237397 0.8969471454620361 40
1711708237630 0.9124266505241394 41
1711708237890 0.8491328954696655 42
1711708238203 0.8049925565719604 43
1711708238439 0.8460353016853333 44
1711708238721 0.7831159830093384 45
1711708238986 0.8557442426681519 46
1711708239272 0.7782723903656006 47
1711708239533 0.7270601391792297 48
1711708239769 0.7666507363319397 49
