1711957897903 5949.55810546875 0
1711957898176 632.256591796875 1
1711957898445 148.35479736328125 2
1711957898715 89.19160461425781 3
1711957898986 57.01279830932617 4
1711957899254 38.56422805786133 5
1711957899522 27.814573287963867 6
1711957899790 22.97149658203125 7
1711957900081 18.325475692749023 8
1711957900351 14.909614562988281 9
1711957900619 12.142817497253418 10
1711957900887 9.738164901733398 11
1711957901156 7.958441734313965 12
1711957901443 6.5494232177734375 13
1711957901710 5.6094160079956055 14
1711957901979 5.195141315460205 15
1711957902215 4.726717948913574 16
1711957902482 4.350986480712891 17
1711957902750 4.138678550720215 18
1711957903017 4.029681205749512 19
1711957903252 3.9153642654418945 20
1711957903522 3.6552884578704834 21
