1711957897903 58.802303314208984 0
1711957898176 18.911272048950195 1
1711957898445 8.583779335021973 2
1711957898715 6.471188068389893 3
1711957898986 5.073601245880127 4
1711957899254 4.199293613433838 5
1711957899522 3.652944326400757 6
1711957899790 3.412276029586792 7
1711957900081 3.061532735824585 8
1711957900351 2.769416570663452 9
1711957900619 2.511956214904785 10
1711957900887 2.2477879524230957 11
1711957901156 2.0400209426879883 12
1711957901443 1.8533189296722412 13
1711957901710 1.7423856258392334 14
1711957901979 1.6851283311843872 15
1711957902215 1.6114283800125122 16
1711957902482 1.5500434637069702 17
1711957902750 1.5175812244415283 18
1711957903017 1.5029168128967285 19
1711957903252 1.4892739057540894 20
1711957903522 1.4285104274749756 21
