1711710287166 6382.21435546875 0
1711710287453 925.5300903320312 1
1711710287725 159.64328002929688 2
1711710288000 94.70353698730469 3
1711710288266 57.98005294799805 4
1711710288534 35.032066345214844 5
1711710288807 23.565113067626953 6
1711710289081 17.856033325195312 7
1711710289352 14.605265617370605 8
1711710289621 11.915325164794922 9
1711710289886 9.871136665344238 10
1711710290158 8.270371437072754 11
1711710290423 5.9454874992370605 12
1711710290693 4.598944664001465 13
1711710290958 3.6102592945098877 14
1711710291227 2.9901936054229736 15
1711710291497 2.5334763526916504 16
1711710291766 2.424938678741455 17
1711710292030 2.1568944454193115 18
1711710292353 1.9369193315505981 19
1711710292622 1.788644790649414 20
1711710292889 1.7150211334228516 21
1711710293155 1.6079514026641846 22
1711710293394 1.59312105178833 23
1711710293659 1.3871122598648071 24
1711710293926 1.4909418821334839 25
1711710294200 1.2635207176208496 26
1711710294465 1.2095682621002197 27
1711710294733 1.1562659740447998 28
1711710295001 1.0393770933151245 29
1711710295266 1.0265157222747803 30
1711710295538 0.9358016848564148 31
1711710295803 0.9202954173088074 32
1711710296072 0.8244345188140869 33
1711710296335 0.8224820494651794 34
1711710296603 0.7169520854949951 35
1711710296837 0.7833915948867798 36
1711710297071 0.7224479913711548 37
