1711710287166 61.25227737426758 0
1711710287453 24.018030166625977 1
1711710287725 9.108407974243164 2
1711710288000 6.643260955810547 3
1711710288266 5.0058393478393555 4
1711710288534 3.8259146213531494 5
1711710288807 3.2590713500976562 6
1711710289081 2.9349043369293213 7
1711710289352 2.7069666385650635 8
1711710289621 2.476208209991455 9
1711710289886 2.271050214767456 10
1711710290158 2.103196859359741 11
1711710290423 1.772840976715088 12
1711710290693 1.5699293613433838 13
1711710290958 1.3932900428771973 14
1711710291227 1.2711536884307861 15
1711710291497 1.1754424571990967 16
1711710291766 1.1587553024291992 17
1711710292030 1.095617413520813 18
1711710292353 1.034623384475708 19
1711710292622 0.9957625269889832 20
1711710292889 0.9737582206726074 21
1711710293155 0.9460482597351074 22
1711710293394 0.9464068412780762 23
1711710293659 0.8843181133270264 24
1711710293926 0.9181748628616333 25
1711710294200 0.8417898416519165 26
1711710294465 0.8287168741226196 27
1711710294733 0.8132162690162659 28
1711710295001 0.7690390348434448 29
1711710295266 0.7700533270835876 30
1711710295538 0.7326953411102295 31
1711710295803 0.732224702835083 32
1711710296072 0.6922720074653625 33
1711710296335 0.6941717863082886 34
1711710296603 0.6461027264595032 35
1711710296837 0.6781328916549683 36
1711710297071 0.6524492502212524 37
