1711957809789 6206.59228515625 0
1711957810029 913.8869018554688 1
1711957810266 142.24449157714844 2
1711957810502 83.09622955322266 3
1711957810737 54.173561096191406 4
1711957810971 37.8333740234375 5
1711957811205 28.182971954345703 6
1711957811481 22.287260055541992 7
1711957811788 18.954614639282227 8
1711957812107 15.556354522705078 9
1711957812348 13.095383644104004 10
1711957812586 11.007379531860352 11
1711957812837 9.763885498046875 12
1711957813073 8.609048843383789 13
1711957813304 7.579142093658447 14
1711957813544 6.9965128898620605 15
1711957813803 6.4645514488220215 16
1711957814074 6.087547779083252 17
1711957814334 5.69105339050293 18
1711957814578 5.592782974243164 19
1711957814831 5.2927985191345215 20
1711957815075 5.061620235443115 21
1711957815410 5.021421909332275 22
1711957815642 4.849230766296387 23
1711957815870 4.8461127281188965 24
1711957816088 4.624660968780518 25
1711957816370 4.608613014221191 26
1711957816590 4.389194011688232 27
1711957816808 4.387452602386475 28
1711957817035 4.261178493499756 29
1711957817253 4.377887725830078 30
1711957817478 3.972625732421875 31
1711957817696 3.9145853519439697 32
1711957817923 3.9747469425201416 33
1711957818141 4.024808883666992 34
1711957818369 3.7547383308410645 35
1711957818597 3.5273892879486084 36
1711957818824 3.7171390056610107 37
1711957819042 3.448777198791504 38
1711957819268 3.1399474143981934 39
1711957819488 2.993319034576416 40
1711957819707 2.9325156211853027 41
1711957819933 2.6609628200531006 42
1711957820159 2.422105312347412 43
1711957820386 2.208653688430786 44
1711957820611 2.045245885848999 45
1711957820838 1.9867979288101196 46
1711957821055 1.861986517906189 47
1711957821281 1.5589096546173096 48
1711957821511 1.5042463541030884 49
