1711957809789 60.48356246948242 0
1711957810029 23.62957000732422 1
1711957810266 8.044065475463867 2
1711957810502 6.054832935333252 3
1711957810737 4.909893035888672 4
1711957810971 4.236560344696045 5
1711957811205 3.7184598445892334 6
1711957811481 3.3521764278411865 7
1711957811788 3.14145827293396 8
1711957812107 2.8532376289367676 9
1711957812348 2.6314268112182617 10
1711957812586 2.40419864654541 11
1711957812837 2.2848405838012695 12
1711957813073 2.150387763977051 13
1711957813304 2.0165629386901855 14
1711957813544 1.9349747896194458 15
1711957813803 1.8762961626052856 16
1711957814074 1.8112750053405762 17
1711957814334 1.7506103515625 18
1711957814578 1.736403226852417 19
1711957814831 1.6875097751617432 20
1711957815075 1.6417344808578491 21
1711957815410 1.640349268913269 22
1711957815642 1.6057254076004028 23
1711957815870 1.6119402647018433 24
1711957816088 1.5555214881896973 25
1711957816370 1.5614569187164307 26
1711957816590 1.5177197456359863 27
1711957816808 1.5144766569137573 28
1711957817035 1.4895765781402588 29
1711957817253 1.517032265663147 30
1711957817478 1.4252164363861084 31
1711957817696 1.409887433052063 32
1711957817923 1.4302960634231567 33
1711957818141 1.4423811435699463 34
1711957818369 1.380350947380066 35
1711957818597 1.3330198526382446 36
1711957818824 1.386082649230957 37
1711957819042 1.3257222175598145 38
1711957819268 1.2630072832107544 39
1711957819488 1.235039472579956 40
1711957819707 1.2344601154327393 41
1711957819933 1.168329119682312 42
1711957820159 1.106010913848877 43
1711957820386 1.0612019300460815 44
1711957820611 1.0273094177246094 45
1711957820838 1.0299125909805298 46
1711957821055 1.0010566711425781 47
1711957821281 0.9109348654747009 48
1711957821511 0.9123740792274475 49
