1711709639126 6422.04833984375 0
1711709639395 737.7094116210938 1
1711709639667 149.08615112304688 2
1711709639934 90.18865203857422 3
1711709640201 53.056007385253906 4
1711709640468 32.55818557739258 5
1711709640735 23.178253173828125 6
1711709640999 17.63172721862793 7
1711709641268 14.788901329040527 8
1711709641531 12.123297691345215 9
1711709641801 10.099374771118164 10
1711709642064 8.458974838256836 11
1711709642334 7.089065074920654 12
1711709642603 5.948712348937988 13
1711709642867 5.114613056182861 14
1711709643136 4.498957633972168 15
1711709643410 4.153020858764648 16
1711709643676 3.9696414470672607 17
1711709643907 3.4536564350128174 18
1711709644173 3.388927698135376 19
1711709644438 3.1729443073272705 20
1711709644671 3.057408571243286 21
1711709644938 2.807508707046509 22
1711709645236 2.839257001876831 23
1711709645501 2.572746515274048 24
1711709645734 2.46679425239563 25
1711709646016 2.2721140384674072 26
1711709646287 2.3164901733398438 27
1711709646521 2.0015156269073486 28
1711709646801 1.8754750490188599 29
1711709647035 2.064129590988159 30
1711709647306 1.7643699645996094 31
1711709647578 1.688303828239441 32
1711709647849 1.505865216255188 33
1711709648114 1.466768503189087 34
1711709648352 1.4777801036834717 35
1711709648593 1.5470067262649536 36
1711709648870 1.3326970338821411 37
1711709649160 1.1997334957122803 38
1711709649448 1.230494737625122 39
1711709649689 1.1678146123886108 40
1711709649967 1.111287236213684 41
1711709650242 1.0340700149536133 42
1711709650480 0.921923816204071 43
1711709650748 1.0463919639587402 44
1711709651021 0.9397166967391968 45
1711709651256 0.8536133766174316 46
1711709651746 0.794711172580719 47
1711709651990 0.8411476612091064 48
1711709652280 0.7930029630661011 49
