1711709639126 61.67226028442383 0
1711709639395 20.602371215820312 1
1711709639667 8.510555267333984 2
1711709639934 6.4600443840026855 3
1711709640201 4.768866539001465 4
1711709640468 3.714613437652588 5
1711709640735 3.240100622177124 6
1711709640999 2.9002151489257812 7
1711709641268 2.7222602367401123 8
1711709641531 2.4596734046936035 9
1711709641801 2.258518934249878 10
1711709642064 2.0798888206481934 11
1711709642334 1.8972058296203613 12
1711709642603 1.7391597032546997 13
1711709642867 1.6220703125 14
1711709643136 1.526951551437378 15
1711709643410 1.4866200685501099 16
1711709643676 1.4674776792526245 17
1711709643907 1.3659225702285767 18
1711709644173 1.357300877571106 19
1711709644438 1.3236160278320312 20
1711709644671 1.301855206489563 21
1711709644938 1.2505455017089844 22
1711709645236 1.2584484815597534 23
1711709645501 1.1991748809814453 24
1711709645734 1.1778756380081177 25
1711709646016 1.1301829814910889 26
1711709646287 1.1441973447799683 27
1711709646521 1.0609568357467651 28
1711709646801 1.0237504243850708 29
1711709647035 1.080470323562622 30
1711709647306 0.998824954032898 31
1711709647578 0.9782401323318481 32
1711709647849 0.9192530512809753 33
1711709648114 0.9140453338623047 34
1711709648352 0.9147996306419373 35
1711709648593 0.9452360272407532 36
1711709648870 0.8698170185089111 37
1711709649160 0.8198708891868591 38
1711709649448 0.836234986782074 39
1711709649689 0.8182229995727539 40
1711709649967 0.7955622673034668 41
1711709650242 0.7680719494819641 42
1711709650480 0.7219361662864685 43
1711709650748 0.776945948600769 44
1711709651021 0.7371110320091248 45
1711709651256 0.693493664264679 46
1711709651746 0.6713212132453918 47
1711709651990 0.6904548406600952 48
1711709652280 0.6746511459350586 49
