1711711795656 6182.2177734375 0
1711711795935 733.151123046875 1
1711711796204 129.39158630371094 2
1711711796471 66.36058044433594 3
1711711796741 40.735694885253906 4
1711711797064 27.754684448242188 5
1711711797311 21.57175636291504 6
1711711797576 16.450889587402344 7
1711711797843 12.365060806274414 8
1711711798113 9.348369598388672 9
1711711798380 7.531575679779053 10
1711711798650 6.072176933288574 11
1711711798912 5.296640396118164 12
1711711799183 4.737490653991699 13
1711711799448 4.104035377502441 14
1711711799711 3.9565396308898926 15
1711711799977 3.623502492904663 16
1711711800246 3.174821376800537 17
1711711800478 3.0378975868225098 18
1711711800740 2.8759377002716064 19
1711711801084 2.299072265625 20
1711711801347 2.1207730770111084 21
1711711801613 2.0792083740234375 22
1711711801881 1.8793476819992065 23
1711711802146 1.7003130912780762 24
1711711802377 1.622942566871643 25
1711711802640 1.53311288356781 26
1711711802908 1.3553545475006104 27
1711711803138 1.2868648767471313 28
1711711803403 1.1496628522872925 29
1711711803678 1.271601915359497 30
1711711803939 1.1488381624221802 31
1711711804174 1.2072725296020508 32
1711711804405 1.0881311893463135 33
1711711804672 0.9438146948814392 34
1711711804904 0.8353944420814514 35
1711711805217 0.8466862440109253 36
1711711805446 0.8113414645195007 37
1711711805712 0.7515079975128174 38
1711711805979 0.7252161502838135 39
1711711806211 0.7189570069313049 40
1711711806474 0.8015914559364319 41
1711711806765 0.6269513964653015 42
1711711807011 0.7850263714790344 43
1711711807242 0.6389168500900269 44
