1711711795656 60.15298080444336 0
1711711795935 20.664600372314453 1
1711711796204 7.927184104919434 2
1711711796471 5.302818298339844 3
1711711796741 4.288923263549805 4
1711711797064 3.640967607498169 5
1711711797311 3.2280030250549316 6
1711711797576 2.818747043609619 7
1711711797843 2.441882610321045 8
1711711798113 2.125788450241089 9
1711711798380 1.9473174810409546 10
1711711798650 1.7563632726669312 11
1711711798912 1.6629937887191772 12
1711711799183 1.5883694887161255 13
1711711799448 1.4849835634231567 14
1711711799711 1.4718321561813354 15
1711711799977 1.4122662544250488 16
1711711800246 1.309235692024231 17
1711711800478 1.2940897941589355 18
1711711800740 1.2674217224121094 19
1711711801084 1.1244152784347534 20
1711711801347 1.0831642150878906 21
1711711801613 1.0749891996383667 22
1711711801881 1.0263173580169678 23
1711711802146 0.9784064888954163 24
1711711802377 0.9551936984062195 25
1711711802640 0.9303914308547974 26
1711711802908 0.878731906414032 27
1711711803138 0.8559569120407104 28
1711711803403 0.8070780634880066 29
1711711803678 0.856650710105896 30
1711711803939 0.8067720532417297 31
1711711804174 0.8199290037155151 32
1711711804405 0.7940208911895752 33
1711711804672 0.7339498996734619 34
1711711804904 0.6941172480583191 35
1711711805217 0.6950240731239319 36
1711711805446 0.6834054589271545 37
1711711805712 0.660184383392334 38
1711711805979 0.6483613848686218 39
1711711806211 0.6483848690986633 40
1711711806474 0.687122642993927 41
1711711806765 0.6047231554985046 42
1711711807011 0.682989239692688 43
1711711807242 0.6095789670944214 44
