1711714517117 57.12177658081055 0
1711714517397 18.264820098876953 1
1711714517669 8.001776695251465 2
1711714517939 5.670004367828369 3
1711714518210 4.406856060028076 4
1711714518482 3.553818702697754 5
1711714518748 3.127718925476074 6
1711714519018 2.832181930541992 7
1711714519307 2.528703451156616 8
1711714519577 2.315114974975586 9
1711714519846 2.0810956954956055 10
1711714520116 1.8863344192504883 11
1711714520390 1.7376829385757446 12
1711714520659 1.6484169960021973 13
1711714520930 1.5379531383514404 14
1711714521196 1.4502390623092651 15
1711714521464 1.3622910976409912 16
1711714521768 1.3129671812057495 17
1711714522080 1.261655330657959 18
1711714522316 1.2236542701721191 19
1711714522586 1.1235967874526978 20
1711714522855 1.1357542276382446 21
1711714523124 1.1077280044555664 22
1711714523392 1.0677299499511719 23
1711714523631 1.0442099571228027 24
1711714523895 0.9986311793327332 25
1711714524165 0.9636238813400269 26
1711714524433 0.922316312789917 27
1711714524702 0.8951489329338074 28
1711714524971 0.9086360931396484 29
1711714525247 0.8454602360725403 30
1711714525518 0.9057081937789917 31
1711714525783 0.8467630743980408 32
1711714526022 0.7864170074462891 33
1711714526287 0.7683835625648499 34
1711714526559 0.7485529780387878 35
1711714526789 0.7727386951446533 36
1711714527077 0.7139925956726074 37
