1711714517117 5594.3388671875 0
1711714517397 592.6630249023438 1
1711714517669 128.73805236816406 2
1711714517939 73.34515380859375 3
1711714518210 45.326114654541016 4
1711714518482 28.573448181152344 5
1711714518748 20.662914276123047 6
1711714519018 16.164989471435547 7
1711714519307 12.708847045898438 8
1711714519577 10.363179206848145 9
1711714519846 8.319059371948242 10
1711714520116 6.80014181137085 11
1711714520390 5.720029830932617 12
1711714520659 5.064971446990967 13
1711714520930 4.369970321655273 14
1711714521196 3.883204460144043 15
1711714521464 3.4069862365722656 16
1711714521768 3.1506903171539307 17
1711714522080 2.8804216384887695 18
1711714522316 2.6950573921203613 19
1711714522586 2.2829997539520264 20
1711714522855 2.310838460922241 21
1711714523124 2.175243854522705 22
1711714523392 2.01399564743042 23
1711714523631 1.9205743074417114 24
1711714523895 1.7449119091033936 25
1711714524165 1.6293740272521973 26
1711714524433 1.5110894441604614 27
1711714524702 1.4181039333343506 28
1711714524971 1.4264551401138306 29
1711714525247 1.2468910217285156 30
1711714525518 1.411111831665039 31
1711714525783 1.2551095485687256 32
1711714526022 1.070797324180603 33
1711714526287 1.0180487632751465 34
1711714526559 0.9726578593254089 35
1711714526789 1.027838110923767 36
1711714527077 0.8804389238357544 37
