1711958100080 56.9604606628418 0
1711958100356 19.85938262939453 1
1711958100628 8.164390563964844 2
1711958100900 5.682789325714111 3
1711958101166 4.229298114776611 4
1711958101433 3.6951260566711426 5
1711958101717 3.292142391204834 6
1711958101987 2.9066882133483887 7
1711958102256 2.653989553451538 8
1711958102525 2.332874059677124 9
1711958102794 2.0809872150421143 10
1711958103064 1.9105710983276367 11
1711958103332 1.811428189277649 12
1711958103601 1.7052063941955566 13
1711958103870 1.6068711280822754 14
1711958104140 1.5560050010681152 15
1711958104418 1.4843220710754395 16
1711958104694 1.4441790580749512 17
1711958104962 1.3961490392684937 18
1711958105235 1.3905377388000488 19
1711958105466 1.312839388847351 20
1711958105736 1.2743768692016602 21
1711958105969 1.2525981664657593 22
1711958106238 1.240409255027771 23
1711958106470 1.2370296716690063 24
1711958106743 1.203763484954834 25
1711958107018 1.1109275817871094 26
1711958107287 1.0955300331115723 27
1711958107577 1.0885729789733887 28
1711958107814 1.0739754438400269 29
1711958108084 1.0897157192230225 30
