1711958100080 5539.5087890625 0
1711958100356 663.031005859375 1
1711958100628 144.1004638671875 2
1711958100900 79.7889404296875 3
1711958101166 45.0294189453125 4
1711958101433 30.68243408203125 5
1711958101717 23.210695266723633 6
1711958101987 17.685060501098633 7
1711958102256 14.474401473999023 8
1711958102525 11.273411750793457 9
1711958102794 8.878861427307129 10
1711958103064 7.352163314819336 11
1711958103332 6.440782070159912 12
1711958103601 5.618997097015381 13
1711958103870 4.908033847808838 14
1711958104140 4.517440319061279 15
1711958104418 4.0689520835876465 16
1711958104694 3.8476200103759766 17
1711958104962 3.5777053833007812 18
1711958105235 3.5055465698242188 19
1711958105466 3.16330623626709 20
1711958105736 2.960739850997925 21
1711958105969 2.8588738441467285 22
1711958106238 2.762523889541626 23
1711958106470 2.7483153343200684 24
1711958106743 2.6072261333465576 25
1711958107018 2.2679712772369385 26
1711958107287 2.2001795768737793 27
1711958107577 2.1424033641815186 28
1711958107814 2.089350938796997 29
1711958108084 2.1318421363830566 30
