1711712968311 61.14527893066406 0
1711712968587 20.64705467224121 1
1711712968859 8.099295616149902 2
1711712969130 5.68366813659668 3
1711712969403 4.380099773406982 4
1711712969672 3.6076745986938477 5
1711712969941 3.2670724391937256 6
1711712970213 2.892294406890869 7
1711712970483 2.570443868637085 8
1711712970754 2.3164124488830566 9
1711712971027 2.108798027038574 10
1711712971295 1.9454725980758667 11
1711712971569 1.8307900428771973 12
1711712971881 1.7762223482131958 13
1711712972151 1.677351474761963 14
1711712972429 1.6416449546813965 15
1711712972702 1.5793970823287964 16
1711712972937 1.5514633655548096 17
1711712973206 1.539539098739624 18
1711712973475 1.5125393867492676 19
1711712973744 1.4603232145309448 20
1711712974016 1.4806140661239624 21
1711712974248 1.4186502695083618 22
1711712974518 1.4582806825637817 23
1711712974759 1.409957766532898 24
1711712975027 1.4046071767807007 25
1711712975260 1.392800211906433 26
1711712975528 1.3797032833099365 27
1711712975798 1.3483785390853882 28
1711712976068 1.2938542366027832 29
1711712976305 1.310090184211731 30
1711712976546 1.2907594442367554 31
1711712976819 1.299344539642334 32
1711712977086 1.274925947189331 33
1711712977322 1.2749366760253906 34
1711712977561 1.2646269798278809 35
1711712977831 1.2182047367095947 36
1711712978068 1.1881791353225708 37
1711712978338 1.2642028331756592 38
1711712978574 1.1506332159042358 39
1711712978842 1.1364918947219849 40
1711712979077 1.1566094160079956 41
1711712979312 1.1204594373703003 42
