1711712968311 6408.48779296875 0
1711712968587 731.1856079101562 1
1711712968859 138.59239196777344 2
1711712969130 75.81660461425781 3
1711712969403 45.22074890136719 4
1711712969672 29.218860626220703 5
1711712969941 21.867984771728516 6
1711712970213 16.091100692749023 7
1711712970483 12.494060516357422 8
1711712970754 10.036118507385254 9
1711712971027 8.338251113891602 10
1711712971295 7.011534214019775 11
1711712971569 6.1393723487854 12
1711712971881 5.736063003540039 13
1711712972151 5.124432563781738 14
1711712972429 4.895723819732666 15
1711712972702 4.531795024871826 16
1711712972937 4.322528839111328 17
1711712973206 4.245949745178223 18
1711712973475 4.105755805969238 19
1711712973744 3.849346399307251 20
1711712974016 3.948711395263672 21
1711712974248 3.638836145401001 22
1711712974518 3.789246082305908 23
1711712974759 3.5892562866210938 24
1711712975027 3.5187296867370605 25
1711712975260 3.457598924636841 26
1711712975528 3.394150495529175 27
1711712975798 3.2637269496917725 28
1711712976068 3.0412964820861816 29
1711712976305 3.124727249145508 30
1711712976546 3.0201447010040283 31
1711712976819 3.027649164199829 32
1711712977086 2.924710988998413 33
1711712977322 2.887636423110962 34
1711712977561 2.8813681602478027 35
1711712977831 2.657881259918213 36
1711712978068 2.5378475189208984 37
1711712978338 2.7965195178985596 38
1711712978574 2.3992786407470703 39
1711712978842 2.33359432220459 40
1711712979077 2.409092903137207 41
1711712979312 2.2410738468170166 42
