1711958714156 5774.904296875 0
1711958714461 633.2777099609375 1
1711958714735 110.06314086914062 2
1711958715008 63.48604965209961 3
1711958715281 39.64244842529297 4
1711958715571 28.286659240722656 5
1711958715841 22.313331604003906 6
1711958716111 17.589405059814453 7
1711958716379 13.904324531555176 8
1711958716645 11.19825267791748 9
1711958716915 9.410797119140625 10
1711958717206 7.645534038543701 11
1711958717479 6.509808540344238 12
1711958717747 5.723611831665039 13
1711958718014 5.071629047393799 14
1711958718281 4.598450660705566 15
1711958718548 4.294340133666992 16
1711958718814 3.797898054122925 17
1711958719082 3.629945993423462 18
1711958719357 3.463367223739624 19
1711958719624 3.1291987895965576 20
1711958719892 3.0152623653411865 21
1711958720163 2.788264513015747 22
1711958720427 2.8813493251800537 23
1711958720664 2.635326623916626 24
1711958720932 2.644240617752075 25
1711958721199 2.344177484512329 26
1711958721436 2.3248512744903564 27
1711958721704 2.199958086013794 28
