1711958714156 58.16355514526367 0
1711958714461 18.87166404724121 1
1711958714735 7.085993766784668 2
1711958715008 5.258331298828125 3
1711958715281 4.20123815536499 4
1711958715571 3.6410419940948486 5
1711958715841 3.315722942352295 6
1711958716111 2.9621424674987793 7
1711958716379 2.637329578399658 8
1711958716645 2.3795220851898193 9
1711958716915 2.1793196201324463 10
1711958717206 1.9694403409957886 11
1711958717479 1.8195080757141113 12
1711958717747 1.7204909324645996 13
1711958718014 1.628564715385437 14
1711958718281 1.5549745559692383 15
1711958718548 1.5198400020599365 16
1711958718814 1.4132130146026611 17
1711958719082 1.3907848596572876 18
1711958719357 1.355909824371338 19
1711958719624 1.2990108728408813 20
1711958719892 1.2770766019821167 21
1711958720163 1.2260863780975342 22
1711958720427 1.2666641473770142 23
1711958720664 1.2028216123580933 24
1711958720932 1.217776894569397 25
1711958721199 1.140889048576355 26
1711958721436 1.1355801820755005 27
1711958721704 1.1042519807815552 28
