1711708114870 6065.4736328125 0
1711708115140 955.1341552734375 1
1711708115410 167.5437774658203 2
1711708115679 94.4367446899414 3
1711708115946 57.74138641357422 4
1711708116210 37.29762649536133 5
1711708116479 26.524240493774414 6
1711708116741 20.277259826660156 7
1711708117011 15.577345848083496 8
1711708117275 12.72916316986084 9
1711708117541 10.732551574707031 10
1711708117808 9.079838752746582 11
1711708118073 7.926787853240967 12
1711708118338 7.038729667663574 13
1711708118632 6.4678215980529785 14
1711708118897 5.979476451873779 15
1711708119170 5.625540733337402 16
1711708119415 5.2253875732421875 17
1711708119681 5.213386058807373 18
1711708119964 4.585986137390137 19
1711708120201 4.421177864074707 20
1711708120457 4.052064418792725 21
1711708120722 3.894944667816162 22
1711708120985 3.7290523052215576 23
1711708121249 3.6421871185302734 24
1711708121485 3.3837506771087646 25
1711708121748 3.563681125640869 26
1711708121981 3.294034719467163 27
1711708122212 3.0238735675811768 28
1711708122477 2.9910409450531006 29
1711708122744 2.927920341491699 30
1711708123008 2.749723196029663 31
1711708123274 2.702303647994995 32
1711708123505 2.675504207611084 33
1711708123771 2.509730100631714 34
1711708124039 2.577890157699585 35
1711708124280 2.477353096008301 36
1711708124547 2.4047152996063232 37
