1711708114870 59.7432861328125 0
1711708115140 24.801008224487305 1
1711708115410 8.7999849319458 2
1711708115679 6.373934268951416 3
1711708115946 4.960683345794678 4
1711708116210 4.0774688720703125 5
1711708116479 3.533470869064331 6
1711708116741 3.1588683128356934 7
1711708117011 2.7733283042907715 8
1711708117275 2.536627769470215 9
1711708117541 2.347022294998169 10
1711708117808 2.165787935256958 11
1711708118073 2.0371921062469482 12
1711708118338 1.930019736289978 13
1711708118632 1.8593096733093262 14
1711708118897 1.7960000038146973 15
1711708119170 1.7489351034164429 16
1711708119415 1.6852566003799438 17
1711708119681 1.6917448043823242 18
1711708119964 1.576326847076416 19
1711708120201 1.5495344400405884 20
1711708120457 1.473253607749939 21
1711708120722 1.4530510902404785 22
1711708120985 1.4200230836868286 23
1711708121249 1.4139713048934937 24
1711708121485 1.358810544013977 25
1711708121748 1.4064539670944214 26
1711708121981 1.3554211854934692 27
1711708122212 1.280743956565857 28
1711708122477 1.2742849588394165 29
1711708122744 1.2642097473144531 30
1711708123008 1.2271335124969482 31
1711708123274 1.2214220762252808 32
1711708123505 1.221659541130066 33
1711708123771 1.1697232723236084 34
1711708124039 1.2043780088424683 35
1711708124280 1.1807869672775269 36
1711708124547 1.1581133604049683 37
