1711958980709 6108.14453125 0
1711958980979 762.6702270507812 1
1711958981246 136.2175750732422 2
1711958981782 73.84573364257812 3
1711958982040 43.524757385253906 4
1711958982301 27.180007934570312 5
1711958982564 19.86422348022461 6
1711958982828 16.097026824951172 7
1711958983090 13.737200736999512 8
1711958983353 12.251540184020996 9
1711958983617 10.766031265258789 10
1711958983843 9.673827171325684 11
1711958984105 8.62124252319336 12
1711958984435 7.959554672241211 13
1711958984696 7.014991283416748 14
1711958984957 6.709994792938232 15
1711958985219 6.11357307434082 16
1711958985445 5.799020767211914 17
1711958985705 5.05269718170166 18
1711958985967 4.984928607940674 19
1711958986228 4.494771957397461 20
1711958986489 4.378755569458008 21
1711958986714 3.7326269149780273 22
1711958986975 3.520878791809082 23
1711958987236 3.073659658432007 24
1711958987497 2.801692008972168 25
1711958987762 2.6164731979370117 26
1711958988023 2.5049543380737305 27
1711958988285 2.2918691635131836 28
1711958988544 2.2479727268218994 29
1711958988803 1.894870638847351 30
1711958989063 1.828295111656189 31
1711958989288 1.6602258682250977 32
1711958989547 1.4970383644104004 33
1711958989809 1.3970011472702026 34
1711958990069 1.258678913116455 35
1711958990294 1.1797302961349487 36
1711958990554 1.3192667961120605 37
1711958990815 1.0607728958129883 38
1711958991076 0.9321954250335693 39
1711958991301 0.9302570819854736 40
1711958991526 0.8556249141693115 41
1711958991786 0.8410227298736572 42
1711958992046 0.7018049955368042 43
1711958992282 0.8024348616600037 44
1711958992542 0.6631655693054199 45
1711958992808 0.6367403268814087 46
1711958993101 0.6949034929275513 47
1711958993329 0.6533752679824829 48
1711958993554 0.6883166432380676 49
