1711958980709 59.794776916503906 0
1711958980979 21.308290481567383 1
1711958981246 8.095999717712402 2
1711958981782 5.582692623138428 3
1711958982040 4.25429630279541 4
1711958982301 3.425755262374878 5
1711958982564 3.0468204021453857 6
1711958982828 2.8232223987579346 7
1711958983090 2.650432586669922 8
1711958983353 2.5138652324676514 9
1711958983617 2.3656458854675293 10
1711958983843 2.2491705417633057 11
1711958984105 2.124934196472168 12
1711958984435 2.0632457733154297 13
1711958984696 1.9316483736038208 14
1711958984957 1.8913127183914185 15
1711958985219 1.8058195114135742 16
1711958985445 1.7704076766967773 17
1711958985705 1.6509824991226196 18
1711958985967 1.647139310836792 19
1711958986228 1.5622056722640991 20
1711958986489 1.5432753562927246 21
1711958986714 1.4188308715820312 22
1711958986975 1.3850324153900146 23
1711958987236 1.2786970138549805 24
1711958987497 1.2188749313354492 25
1711958987762 1.1808531284332275 26
1711958988023 1.1604515314102173 27
1711958988285 1.1125651597976685 28
1711958988544 1.101353406906128 29
1711958988803 1.0081878900527954 30
1711958989063 0.9879080057144165 31
1711958989288 0.944165050983429 32
1711958989547 0.8923755884170532 33
1711958989809 0.8649905323982239 34
1711958990069 0.8225187659263611 35
1711958990294 0.7957586646080017 36
1711958990554 0.8537596464157104 37
1711958990815 0.7559799551963806 38
1711958991076 0.7076154351234436 39
1711958991301 0.7122836112976074 40
1711958991526 0.6838748455047607 41
1711958991786 0.680162250995636 42
1711958992046 0.6142587065696716 43
1711958992282 0.6703988909721375 44
1711958992542 0.6017298102378845 45
1711958992808 0.593051016330719 46
1711958993101 0.6212656497955322 47
1711958993329 0.6059048771858215 48
1711958993554 0.6236022710800171 49
