1711709005732 6167.65576171875 0
1711709006006 913.49072265625 1
1711709006284 169.50250244140625 2
1711709006552 90.46184539794922 3
1711709006819 51.13072967529297 4
1711709007089 29.41983413696289 5
1711709007358 19.531599044799805 6
1711709007626 14.845260620117188 7
1711709007894 11.40173625946045 8
1711709008164 9.12706184387207 9
1711709008432 7.691487789154053 10
1711709008666 6.580921173095703 11
1711709008933 5.832172870635986 12
1711709009200 5.175366401672363 13
1711709009433 4.74502420425415 14
1711709009699 4.45707368850708 15
1711709009964 4.38425874710083 16
1711709010230 3.8572335243225098 17
1711709010495 3.811758518218994 18
1711709010761 3.571035623550415 19
1711709011027 3.391890287399292 20
1711709011328 3.2808568477630615 21
1711709011561 3.0743582248687744 22
1711709011827 2.860668182373047 23
1711709012098 2.7618374824523926 24
1711709012362 2.5558409690856934 25
1711709012627 2.413517951965332 26
1711709012896 2.3291244506835938 27
1711709013125 2.3353352546691895 28
1711709013386 2.105980157852173 29
1711709013621 1.9978690147399902 30
1711709013886 1.908166766166687 31
1711709014151 1.7922251224517822 32
1711709014418 1.7378841638565063 33
1711709014650 1.6786965131759644 34
1711709014882 1.5643707513809204 35
1711709015146 1.3804211616516113 36
1711709015411 1.2436795234680176 37
1711709016108 1.25515878200531 38
1711709016738 1.351922631263733 39
1711709017365 1.2350125312805176 40
1711709017828 1.1168930530548096 41
1711709018104 1.0228670835494995 42
1711709018367 0.9140784740447998 43
1711709018632 0.8903231620788574 44
1711709018916 0.9309698343276978 45
1711709019180 1.1038717031478882 46
1711709019443 0.7654767036437988 47
1711709019778 0.7218269109725952 48
1711709020009 0.7102071642875671 49
