1711709005732 60.39006042480469 0
1711709006006 23.824548721313477 1
1711709006284 9.004018783569336 2
1711709006552 6.238179683685303 3
1711709006819 4.52601957321167 4
1711709007089 3.5744762420654297 5
1711709007358 3.0433592796325684 6
1711709007626 2.7362592220306396 7
1711709007894 2.4329137802124023 8
1711709008164 2.192678689956665 9
1711709008432 2.0425338745117188 10
1711709008666 1.8900537490844727 11
1711709008933 1.7904430627822876 12
1711709009200 1.6923428773880005 13
1711709009433 1.621584415435791 14
1711709009699 1.5758347511291504 15
1711709009964 1.566334843635559 16
1711709010230 1.4691001176834106 17
1711709010495 1.4598255157470703 18
1711709010761 1.4084311723709106 19
1711709011027 1.3760278224945068 20
1711709011328 1.3565361499786377 21
1711709011561 1.313989520072937 22
1711709011827 1.259770154953003 23
1711709012098 1.2401317358016968 24
1711709012362 1.1882967948913574 25
1711709012627 1.1521457433700562 26
1711709012896 1.1310523748397827 27
1711709013125 1.1371941566467285 28
1711709013386 1.080281376838684 29
1711709013621 1.0464184284210205 30
1711709013886 1.0263491868972778 31
1711709014151 0.9901453852653503 32
1711709014418 0.9749951958656311 33
1711709014650 0.9728240966796875 34
1711709014882 0.928360104560852 35
1711709015146 0.8686110377311707 36
1711709015411 0.8224942684173584 37
1711709016108 0.8354510068893433 38
1711709016738 0.8759860396385193 39
1711709017365 0.8295122981071472 40
1711709017828 0.7839336395263672 41
1711709018104 0.7559618353843689 42
1711709018367 0.7050971984863281 43
1711709018632 0.7020981311798096 44
1711709018916 0.7233777642250061 45
1711709019180 0.7970848083496094 46
1711709019443 0.6486873626708984 47
1711709019778 0.6336855292320251 48
1711709020009 0.6269426345825195 49
