1711958728545 5509.05419921875 0
1711958728816 760.3045654296875 1
1711958729181 147.20858764648438 2
1711958729566 78.84630584716797 3
1711958731106 40.74421310424805 4
1711958731618 24.520349502563477 5
1711958732502 15.07548999786377 6
1711958732784 9.736824035644531 7
1711958733063 6.860039234161377 8
1711958733386 5.441887378692627 9
1711958733654 4.729729175567627 10
1711958733919 4.10830020904541 11
1711958734199 3.774259328842163 12
1711958734469 3.3055288791656494 13
1711958734735 3.216592311859131 14
1711958735005 2.8403565883636475 15
1711958735242 2.6280312538146973 16
1711958735509 2.5250282287597656 17
1711958735774 2.465902328491211 18
1711958736041 2.2351720333099365 19
1711958736273 2.0622215270996094 20
1711958736537 1.9829504489898682 21
1711958736802 1.981892466545105 22
1711958737068 1.8544484376907349 23
1711958737339 1.7561544179916382 24
1711958737608 1.6323388814926147 25
1711958737875 1.641729474067688 26
