1711958728545 56.63913345336914 0
1711958728816 21.844608306884766 1
1711958729181 8.254883766174316 2
1711958729566 5.667252540588379 3
1711958731106 3.9745967388153076 4
1711958731618 3.2906179428100586 5
1711958732502 2.611729383468628 6
1711958732784 2.1273040771484375 7
1711958733063 1.8030633926391602 8
1711958733386 1.63265860080719 9
1711958733654 1.5433523654937744 10
1711958733919 1.4556607007980347 11
1711958734199 1.400141954421997 12
1711958734469 1.3113627433776855 13
1711958734735 1.3083804845809937 14
1711958735005 1.232573390007019 15
1711958735242 1.1873153448104858 16
1711958735509 1.1656761169433594 17
1711958735774 1.1609278917312622 18
1711958736041 1.0984137058258057 19
1711958736273 1.0611194372177124 20
1711958736537 1.0448265075683594 21
1711958736802 1.048954963684082 22
1711958737068 1.013389229774475 23
1711958737339 0.9916607737541199 24
1711958737608 0.9493717551231384 25
1711958737875 0.9635955691337585 26
