1711714804282 5736.27392578125 0
1711714804598 687.2860717773438 1
1711714804868 137.59024047851562 2
1711714805139 74.61148071289062 3
1711714805408 44.863643646240234 4
1711714805679 30.473854064941406 5
1711714805952 22.769439697265625 6
1711714806223 17.70688247680664 7
1711714806494 14.361309051513672 8
1711714806768 11.271554946899414 9
1711714807039 9.351223945617676 10
1711714807316 7.514585971832275 11
1711714807587 6.22996711730957 12
1711714807856 5.222728729248047 13
1711714808195 4.749060153961182 14
1711714808467 4.2459001541137695 15
1711714808701 3.9507453441619873 16
1711714808971 3.524756669998169 17
1711714809246 3.3845467567443848 18
1711714809481 3.1291439533233643 19
1711714809749 3.0673367977142334 20
1711714809983 2.808570623397827 21
1711714810252 2.6490678787231445 22
1711714810489 2.498040199279785 23
1711714810721 2.680006265640259 24
