1711714804282 57.74235153198242 0
1711714804598 20.068607330322266 1
1711714804868 8.161206245422363 2
1711714805139 5.65725564956665 3
1711714805408 4.366016387939453 4
1711714805679 3.7064595222473145 5
1711714805952 3.2482995986938477 6
1711714806223 2.901702880859375 7
1711714806494 2.633167028427124 8
1711714806768 2.3281331062316895 9
1711714807039 2.142695665359497 10
1711714807316 1.9277493953704834 11
1711714807587 1.775429129600525 12
1711714807856 1.6185489892959595 13
1711714808195 1.5734606981277466 14
1711714808467 1.502194881439209 15
1711714808701 1.4528888463974 16
1711714808971 1.3857372999191284 17
1711714809246 1.3672243356704712 18
1711714809481 1.319123387336731 19
1711714809749 1.308774471282959 20
1711714809983 1.2521723508834839 21
1711714810252 1.2167142629623413 22
1711714810489 1.1867892742156982 23
1711714810721 1.2407335042953491 24
