1711710138333 6243.740234375 0
1711710138610 639.2157592773438 1
1711710138885 134.8227081298828 2
1711710139159 72.48995208740234 3
1711710139427 40.836708068847656 4
1711710139696 26.227317810058594 5
1711710139962 19.95952796936035 6
1711710140230 15.897436141967773 7
1711710140497 12.25396728515625 8
1711710140767 8.666784286499023 9
1711710141038 6.705658435821533 10
1711710141302 5.309134483337402 11
1711710141539 4.5662150382995605 12
1711710141803 3.9117915630340576 13
1711710142073 3.504338264465332 14
1711710142339 3.2529754638671875 15
1711710142607 2.9887497425079346 16
1711710142872 2.710007667541504 17
1711710143140 2.642300605773926 18
1711710143407 2.5020370483398438 19
1711710143676 2.3020284175872803 20
1711710143919 2.1376688480377197 21
1711710144188 2.1451687812805176 22
1711710144451 1.8033735752105713 23
1711710144690 1.696128487586975 24
1711710144957 1.6449164152145386 25
