1711710138333 60.649837493896484 0
1711710138610 19.062925338745117 1
1711710138885 7.924590587615967 2
1711710139159 5.519690990447998 3
1711710139427 4.1268768310546875 4
1711710139696 3.455502510070801 5
1711710139962 3.1223721504211426 6
1711710140230 2.8557839393615723 7
1711710140497 2.5027265548706055 8
1711710140767 2.0881733894348145 9
1711710141038 1.8413653373718262 10
1711710141302 1.647886872291565 11
1711710141539 1.5448830127716064 12
1711710141803 1.4462840557098389 13
1711710142073 1.3724331855773926 14
1711710142339 1.3359345197677612 15
1711710142607 1.2801315784454346 16
1711710142872 1.219336748123169 17
1711710143140 1.2065184116363525 18
1711710143407 1.1799579858779907 19
1711710143676 1.123890995979309 20
1711710143919 1.0929763317108154 21
1711710144188 1.097866177558899 22
1711710144451 1.0027421712875366 23
1711710144690 0.9740334153175354 24
1711710144957 0.9581035375595093 25
