1711714311597 6019.1513671875 0
1711714311881 1000.9583129882812 1
1711714312154 181.4437255859375 2
1711714312428 104.09125518798828 3
1711714312695 64.76022338867188 4
1711714312968 42.392765045166016 5
1711714313239 30.30984115600586 6
1711714313519 23.62442970275879 7
1711714313786 18.919361114501953 8
1711714314058 15.253396987915039 9
1711714314326 12.162269592285156 10
1711714314598 8.84741497039795 11
1711714314867 6.490972995758057 12
1711714315139 5.146036624908447 13
1711714315409 4.222966194152832 14
1711714315679 3.733295440673828 15
1711714315947 3.3672666549682617 16
1711714316218 3.1188952922821045 17
1711714316458 2.9883246421813965 18
1711714316689 2.8473246097564697 19
1711714316959 2.586108684539795 20
1711714317198 2.5485305786132812 21
1711714317464 2.4536306858062744 22
1711714317737 2.4288649559020996 23
1711714318002 2.2431628704071045 24
1711714318272 2.166494607925415 25
1711714318541 2.180337905883789 26
1711714318813 2.0851376056671143 27
1711714319044 1.895198941230774 28
1711714319365 1.8986090421676636 29
1711714319601 1.9596830606460571 30
1711714319874 1.7165199518203735 31
1711714320115 1.5707786083221436 32
1711714320380 1.5565720796585083 33
1711714320650 1.465050220489502 34
1711714320920 1.3584225177764893 35
1711714321190 1.3271430730819702 36
1711714321427 1.3142342567443848 37
1711714321696 1.341270089149475 38
