1711714311597 59.5325927734375 0
1711714311881 25.32166290283203 1
1711714312154 9.541382789611816 2
1711714312428 6.743375778198242 3
1711714312695 5.2093329429626465 4
1711714312968 4.298450469970703 5
1711714313239 3.768631935119629 6
1711714313519 3.413123369216919 7
1711714313786 3.0792672634124756 8
1711714314058 2.7915303707122803 9
1711714314326 2.5024750232696533 10
1711714314598 2.1363115310668945 11
1711714314867 1.8431172370910645 12
1711714315139 1.6607643365859985 13
1711714315409 1.5238251686096191 14
1711714315679 1.444259524345398 15
1711714315947 1.381834864616394 16
1711714316218 1.3296785354614258 17
1711714316458 1.3075414896011353 18
1711714316689 1.2761812210083008 19
1711714316959 1.2132855653762817 20
1711714317198 1.1986497640609741 21
1711714317464 1.182924509048462 22
1711714317737 1.1776198148727417 23
1711714318002 1.132706642150879 24
1711714318272 1.1108989715576172 25
1711714318541 1.1201934814453125 26
1711714318813 1.101758360862732 27
1711714319044 1.0403413772583008 28
1711714319365 1.0528374910354614 29
1711714319601 1.0633577108383179 30
1711714319874 0.9950604438781738 31
1711714320115 0.9428955912590027 32
1711714320380 0.9491710662841797 33
1711714320650 0.9172019362449646 34
1711714320920 0.8827791213989258 35
1711714321190 0.8726613521575928 36
1711714321427 0.868486225605011 37
1711714321696 0.8787821531295776 38
