1711959289862 6113.45654296875 0
1711959290137 1005.1935424804688 1
1711959290441 160.0441436767578 2
1711959290710 88.33534240722656 3
1711959290974 49.33503723144531 4
1711959291261 31.66891860961914 5
1711959291535 21.225614547729492 6
1711959291806 13.913670539855957 7
1711959292095 9.675919532775879 8
1711959292379 7.043353080749512 9
1711959292645 5.303012847900391 10
1711959292933 4.430793285369873 11
1711959293231 3.764460563659668 12
1711959293505 3.275118112564087 13
1711959293809 3.0470595359802246 14
1711959294077 2.9828197956085205 15
1711959294362 2.6910088062286377 16
1711959294633 2.5520715713500977 17
1711959294862 2.3831698894500732 18
1711959295116 2.248486280441284 19
1711959295356 2.2016453742980957 20
1711959295632 2.091174364089966 21
1711959295882 2.0025885105133057 22
1711959296116 1.923203706741333 23
