1711959289862 59.87504577636719 0
1711959290137 25.479894638061523 1
1711959290441 8.768067359924316 2
1711959290710 6.04937219619751 3
1711959290974 4.322033882141113 4
1711959291261 3.586495876312256 5
1711959291535 3.061556100845337 6
1711959291806 2.5355141162872314 7
1711959292095 2.1726717948913574 8
1711959292379 1.8606549501419067 9
1711959292645 1.6296254396438599 10
1711959292933 1.5085103511810303 11
1711959293231 1.4142040014266968 12
1711959293505 1.317969560623169 13
1711959293809 1.298239827156067 14
1711959294077 1.2851496934890747 15
1711959294362 1.2265063524246216 16
1711959294633 1.1982669830322266 17
1711959294862 1.1614423990249634 18
1711959295116 1.1309632062911987 19
1711959295356 1.1233607530593872 20
1711959295632 1.0938929319381714 21
1711959295882 1.0730514526367188 22
1711959296116 1.0491129159927368 23
