1711710815616 58.94292449951172 0
1711710816337 20.517404556274414 1
1711710817322 7.77870512008667 2
1711710817903 5.467855453491211 3
1711710818184 4.145744323730469 4
1711710818456 3.287449359893799 5
1711710818720 2.862600803375244 6
1711710818988 2.504551887512207 7
1711710819274 2.243154525756836 8
1711710819555 2.0526928901672363 9
1711710819854 1.94245445728302 10
1711710820178 1.8533287048339844 11
1711710820477 1.7217075824737549 12
1711710820755 1.6976521015167236 13
1711710821018 1.6211473941802979 14
1711710821283 1.533929705619812 15
1711710821511 1.5127102136611938 16
1711710821777 1.4400129318237305 17
1711710822006 1.3707515001296997 18
1711710822272 1.3574128150939941 19
1711710822536 1.2823476791381836 20
1711710822767 1.2379673719406128 21
1711710823031 1.2064059972763062 22
1711710823296 1.1788744926452637 23
1711710823560 1.1985747814178467 24
1711710823824 1.1636433601379395 25
1711710824087 1.1336591243743896 26
1711710824351 1.0827382802963257 27
1711710824615 1.0572905540466309 28
1711710824879 1.0503252744674683 29
1711710825142 1.0366607904434204 30
1711710825373 0.9927637577056885 31
1711710825643 0.9861847758293152 32
1711710825907 1.011231541633606 33
1711710826140 0.9800740480422974 34
1711710826403 0.902186393737793 35
1711710826690 0.8867622017860413 36
1711710826957 0.9007226824760437 37
1711710827184 0.8728402853012085 38
1711710827464 0.9063827395439148 39
1711710827730 0.8174262642860413 40
1711710827980 0.8296903967857361 41
1711710828222 0.8156780004501343 42
