1711710815616 5943.95654296875 0
1711710816337 719.8076171875 1
1711710817322 132.09226989746094 2
1711710817903 72.84368896484375 3
1711710818184 42.909881591796875 4
1711710818456 26.6834659576416 5
1711710818720 17.88945198059082 6
1711710818988 12.694283485412598 7
1711710819274 9.830864906311035 8
1711710819555 8.096040725708008 9
1711710819854 7.126744747161865 10
1711710820178 6.329476356506348 11
1711710820477 5.467498302459717 12
1711710820755 5.223499298095703 13
1711710821018 4.746102809906006 14
1711710821283 4.255026340484619 15
1711710821511 4.112195014953613 16
1711710821777 3.6852993965148926 17
1711710822006 3.375725030899048 18
1711710822272 3.2836782932281494 19
1711710822536 2.9477033615112305 20
1711710822767 2.7355716228485107 21
1711710823031 2.572216749191284 22
1711710823296 2.476148843765259 23
1711710823560 2.5368735790252686 24
1711710823824 2.3788928985595703 25
1711710824087 2.2543785572052 26
1711710824351 2.067526340484619 27
1711710824615 1.974995493888855 28
1711710824879 1.9787626266479492 29
1711710825142 1.8961126804351807 30
1711710825373 1.7346951961517334 31
1711710825643 1.7020009756088257 32
1711710825907 1.797674298286438 33
1711710826140 1.683171033859253 34
1711710826403 1.4489378929138184 35
1711710826690 1.3802623748779297 36
1711710826957 1.422223687171936 37
1711710827184 1.3344287872314453 38
1711710827464 1.4543765783309937 39
1711710827730 1.1751408576965332 40
1711710827980 1.2139701843261719 41
1711710828222 1.1631932258605957 42
