1711958591553 6128.419921875 0
1711958591855 1022.4721069335938 1
1711958592117 161.05819702148438 2
1711958592388 78.4544448852539 3
1711958592651 44.074058532714844 4
1711958592913 28.461763381958008 5
1711958593174 21.80703353881836 6
1711958593436 18.113941192626953 7
1711958593698 15.762264251708984 8
1711958593959 13.365389823913574 9
1711958594223 11.569120407104492 10
1711958594482 10.17783260345459 11
1711958594743 8.578850746154785 12
1711958595081 7.698225021362305 13
1711958595324 6.888300895690918 14
1711958595584 6.051933765411377 15
1711958595844 5.594104766845703 16
1711958596104 5.4463958740234375 17
1711958596331 4.937122344970703 18
1711958596591 4.513668537139893 19
1711958596851 4.307099342346191 20
1711958597111 3.963336944580078 21
1711958597376 3.9103760719299316 22
1711958597602 3.5487682819366455 23
1711958597862 3.410771369934082 24
1711958598123 3.192439079284668 25
1711958598349 3.0029163360595703 26
1711958598609 2.7433688640594482 27
1711958598871 2.618804931640625 28
1711958599131 2.528709888458252 29
1711958599397 2.3841309547424316 30
1711958599622 2.1623568534851074 31
1711958599881 1.9912056922912598 32
1711958600107 1.913167119026184 33
1711958600367 1.7111202478408813 34
1711958600628 1.6911003589630127 35
1711958600888 1.6288325786590576 36
1711958601149 1.3942269086837769 37
1711958601376 1.344334602355957 38
1711958601636 1.4318195581436157 39
1711958601862 1.342031478881836 40
1711958602190 1.0271433591842651 41
1711958602423 1.2136523723602295 42
1711958602684 0.983260989189148 43
1711958603035 0.8910735249519348 44
1711958603318 0.9834470748901367 45
1711958603580 0.8143868446350098 46
1711958603840 0.7642274498939514 47
1711958604102 0.7862983345985413 48
1711958604363 0.6880636811256409 49
