1711958591553 60.31197738647461 0
1711958591855 25.60901641845703 1
1711958592117 8.950681686401367 2
1711958592388 5.737390518188477 3
1711958592651 4.241434097290039 4
1711958592913 3.539314031600952 5
1711958593174 3.2141644954681396 6
1711958593436 2.9831833839416504 7
1711958593698 2.8158621788024902 8
1711958593959 2.607637882232666 9
1711958594223 2.4326863288879395 10
1711958594482 2.297386407852173 11
1711958594743 2.097806453704834 12
1711958595081 2.005749464035034 13
1711958595324 1.9141082763671875 14
1711958595584 1.7871776819229126 15
1711958595844 1.719697117805481 16
1711958596104 1.715773344039917 17
1711958596331 1.6249909400939941 18
1711958596591 1.554051160812378 19
1711958596851 1.524254560470581 20
1711958597111 1.4639194011688232 21
1711958597376 1.4534834623336792 22
1711958597602 1.3851746320724487 23
1711958597862 1.3616551160812378 24
1711958598123 1.3192503452301025 25
1711958598349 1.2746814489364624 26
1711958598609 1.209788203239441 27
1711958598871 1.1863622665405273 28
1711958599131 1.1702861785888672 29
1711958599397 1.1388523578643799 30
1711958599622 1.0799446105957031 31
1711958599881 1.0352758169174194 32
1711958600107 1.0242525339126587 33
1711958600367 0.9608963131904602 34
1711958600628 0.9582465887069702 35
1711958600888 0.9508825540542603 36
1711958601149 0.8694848418235779 37
1711958601376 0.8594220876693726 38
1711958601636 0.8939927220344543 39
1711958601862 0.8601028323173523 40
1711958602190 0.7450680136680603 41
1711958602423 0.8229934573173523 42
1711958602684 0.7354925274848938 43
1711958603035 0.6980166435241699 44
1711958603318 0.743497908115387 45
1711958603580 0.6661151051521301 46
1711958603840 0.6511896252632141 47
1711958604102 0.665381908416748 48
1711958604363 0.6148419976234436 49
