1711708096070 6534.1826171875 0
1711708096341 1053.921875 1
1711708096608 150.04209899902344 2
1711708096872 85.84075927734375 3
1711708097140 54.54303741455078 4
1711708097405 35.920753479003906 5
1711708097670 25.638164520263672 6
1711708097934 19.32465171813965 7
1711708098198 15.860901832580566 8
1711708098460 13.036293983459473 9
1711708098765 10.9264554977417 10
1711708099035 8.729673385620117 11
1711708099300 7.063541889190674 12
1711708099565 5.811196327209473 13
1711708099844 4.924802780151367 14
1711708100110 4.2410407066345215 15
1711708100359 3.8424532413482666 16
1711708100622 3.5609872341156006 17
1711708100884 3.24462628364563 18
1711708101160 3.1050117015838623 19
1711708101428 2.7349934577941895 20
1711708101689 2.6484832763671875 21
1711708101956 2.419917583465576 22
1711708102220 2.2419252395629883 23
1711708102485 2.1727492809295654 24
1711708102716 1.9755879640579224 25
1711708102945 1.9009575843811035 26
1711708103206 1.7407537698745728 27
1711708103470 1.610691785812378 28
1711708103700 1.5846244096755981 29
1711708103975 1.4368115663528442 30
1711708104239 1.3040152788162231 31
1711708104470 1.3339735269546509 32
1711708104729 1.192701816558838 33
1711708104993 1.1292961835861206 34
1711708105259 1.2574503421783447 35
1711708105489 1.0228327512741089 36
1711708105753 1.0449150800704956 37
1711708106042 1.0289039611816406 38
1711708106272 1.0054372549057007 39
1711708106535 0.9323402643203735 40
1711708106798 0.8141369819641113 41
1711708107060 0.7754098773002625 42
1711708107325 0.7823892831802368 43
1711708107589 0.912083625793457 44
1711708107818 0.7808035016059875 45
1711708108082 0.8323917388916016 46
1711708108313 0.6632140874862671 47
1711708108543 0.6393555998802185 48
