1711708096070 62.43590545654297 0
1711708096341 25.59821891784668 1
1711708096608 8.783300399780273 2
1711708096872 6.3500823974609375 3
1711708097140 5.024903774261475 4
1711708097405 4.07017183303833 5
1711708097670 3.541372537612915 6
1711708097934 3.132056951522827 7
1711708098198 2.874504566192627 8
1711708098460 2.6136882305145264 9
1711708098765 2.419285774230957 10
1711708099035 2.1452770233154297 11
1711708099300 1.9322305917739868 12
1711708099565 1.7565407752990723 13
1711708099844 1.6269155740737915 14
1711708100110 1.5140105485916138 15
1711708100359 1.4492157697677612 16
1711708100622 1.3989849090576172 17
1711708100884 1.3370393514633179 18
1711708101160 1.3163758516311646 19
1711708101428 1.2322654724121094 20
1711708101689 1.2131918668746948 21
1711708101956 1.1627000570297241 22
1711708102220 1.121576189994812 23
1711708102485 1.1050589084625244 24
1711708102716 1.0498898029327393 25
1711708102945 1.0287529230117798 26
1711708103206 0.9928220510482788 27
1711708103470 0.952079176902771 28
1711708103700 0.9431437253952026 29
1711708103975 0.9016900658607483 30
1711708104239 0.8570017218589783 31
1711708104470 0.8618830442428589 32
1711708104729 0.8134932518005371 33
1711708104993 0.7962011694908142 34
1711708105259 0.8485601544380188 35
1711708105489 0.7557108998298645 36
1711708105753 0.7663488984107971 37
1711708106042 0.7624760270118713 38
1711708106272 0.7595961093902588 39
1711708106535 0.7306860089302063 40
1711708106798 0.6773316264152527 41
1711708107060 0.6629650592803955 42
1711708107325 0.6686825752258301 43
1711708107589 0.7264930009841919 44
1711708107818 0.6702887415885925 45
1711708108082 0.6951678395271301 46
1711708108313 0.6191563010215759 47
1711708108543 0.6075222492218018 48
