1711958793498 5954.134765625 0
1711958793773 691.7100830078125 1
1711958794046 142.23968505859375 2
1711958794329 77.87638092041016 3
1711958794600 45.658103942871094 4
1711958794870 30.865751266479492 5
1711958795139 22.776371002197266 6
1711958795409 17.755863189697266 7
1711958795699 14.53573226928711 8
1711958795974 12.066096305847168 9
1711958796246 9.972396850585938 10
1711958796517 8.379563331604004 11
1711958796784 7.302547931671143 12
1711958797054 6.586760520935059 13
1711958797322 5.79813814163208 14
1711958797597 5.4573211669921875 15
1711958797867 4.794268608093262 16
1711958798136 4.641411304473877 17
1711958798406 4.159329414367676 18
1711958798676 3.8457283973693848 19
1711958798950 3.4495959281921387 20
1711958799223 3.2336418628692627 21
1711958799456 2.9735214710235596 22
1711958799724 2.814366340637207 23
1711958799995 2.582063913345337 24
1711958800264 2.4954099655151367 25
1711958800532 2.222200632095337 26
1711958800802 2.196183443069458 27
1711958801039 2.0650386810302734 28
1711958801307 1.8909342288970947 29
1711958801577 1.7209608554840088 30
1711958801847 1.684826135635376 31
1711958802085 1.722758412361145 32
1711958802356 1.502677321434021 33
1711958802626 1.4338607788085938 34
1711958802894 1.3275933265686035 35
1711958803144 1.261094331741333 36
1711958803422 1.2285977602005005 37
1711958803703 1.210744023323059 38
1711958803941 1.129673719406128 39
1711958804210 0.9948627948760986 40
1711958804490 1.0331541299819946 41
1711958804719 1.0367332696914673 42
1711958804990 0.9735597968101501 43
1711958805262 1.0213731527328491 44
1711958805526 0.8700682520866394 45
1711958805767 0.9750527143478394 46
1711958805997 0.8301589488983154 47
