1711958793498 59.140506744384766 0
1711958793773 20.12801742553711 1
1711958794046 8.60355281829834 2
1711958794329 5.95792818069458 3
1711958794600 4.43118143081665 4
1711958794870 3.7623698711395264 5
1711958795139 3.335066795349121 6
1711958795409 2.9803459644317627 7
1711958795699 2.7060208320617676 8
1711958795974 2.484506130218506 9
1711958796246 2.270885705947876 10
1711958796517 2.080148696899414 11
1711958796784 1.9593640565872192 12
1711958797054 1.8723427057266235 13
1711958797322 1.7562673091888428 14
1711958797597 1.7256317138671875 15
1711958797867 1.6072661876678467 16
1711958798136 1.5930272340774536 17
1711958798406 1.5099878311157227 18
1711958798676 1.4477064609527588 19
1711958798950 1.370680570602417 20
1711958799223 1.331362009048462 21
1711958799456 1.2808959484100342 22
1711958799724 1.2483714818954468 23
1711958799995 1.19459068775177 24
1711958800264 1.1834319829940796 25
1711958800532 1.1126327514648438 26
1711958800802 1.1027488708496094 27
1711958801039 1.0801295042037964 28
1711958801307 1.0296930074691772 29
1711958801577 0.9754849076271057 30
1711958801847 0.970332145690918 31
1711958802085 0.9945173859596252 32
1711958802356 0.9225389361381531 33
1711958802626 0.8999662399291992 34
1711958802894 0.8713578581809998 35
1711958803144 0.8515129685401917 36
1711958803422 0.8423455953598022 37
1711958803703 0.8385710120201111 38
1711958803941 0.8047336339950562 39
1711958804210 0.7534541487693787 40
1711958804490 0.7736351490020752 41
1711958804719 0.7796338796615601 42
1711958804990 0.7494250535964966 43
1711958805262 0.7697555422782898 44
1711958805526 0.7051497101783752 45
1711958805767 0.7503535151481628 46
1711958805997 0.6926290988922119 47
