1711708130790 5543.3505859375 0
1711708131060 487.5799865722656 1
1711708131331 125.19752502441406 2
1711708131597 64.92096710205078 3
1711708131861 37.91963577270508 4
1711708132127 26.121143341064453 5
1711708132392 19.74764633178711 6
1711708132660 15.339391708374023 7
1711708132963 11.61150074005127 8
1711708133227 9.028266906738281 9
1711708133493 7.164809703826904 10
1711708133785 5.984982013702393 11
1711708134052 5.1069512367248535 12
1711708134319 4.673781871795654 13
1711708134564 4.111137866973877 14
1711708134826 3.979421854019165 15
1711708135090 3.5988142490386963 16
1711708135373 3.346203565597534 17
1711708135640 3.181828498840332 18
1711708135931 2.958827495574951 19
1711708136168 2.7811670303344727 20
1711708136433 2.697864294052124 21
1711708136665 2.5428268909454346 22
1711708136929 2.373772382736206 23
1711708137193 2.296072483062744 24
1711708137424 2.1709144115448 25
1711708137687 2.132648229598999 26
