1711708130790 56.64740753173828 0
1711708131060 16.423288345336914 1
1711708131331 7.8591389656066895 2
1711708131597 5.250733852386475 3
1711708131861 4.040655136108398 4
1711708132127 3.478260040283203 5
1711708132392 3.097343683242798 6
1711708132660 2.7371582984924316 7
1711708132963 2.3836379051208496 8
1711708133227 2.1010334491729736 9
1711708133493 1.8847261667251587 10
1711708133785 1.739172339439392 11
1711708134052 1.6217098236083984 12
1711708134319 1.5737868547439575 13
1711708134564 1.4762517213821411 14
1711708134826 1.4718579053878784 15
1711708135090 1.3936071395874023 16
1711708135373 1.3542256355285645 17
1711708135640 1.325079083442688 18
1711708135931 1.2710990905761719 19
1711708136168 1.2366291284561157 20
1711708136433 1.2234470844268799 21
1711708136665 1.1875779628753662 22
1711708136929 1.1503263711929321 23
1711708137193 1.1249730587005615 24
1711708137424 1.103867769241333 25
1711708137687 1.096950650215149 26
