1711714295692 6106.79052734375 0
1711714295965 757.4613037109375 1
1711714296237 146.9198760986328 2
1711714296506 84.8530044555664 3
1711714296774 52.503604888916016 4
1711714297044 35.169273376464844 5
1711714297315 24.17039680480957 6
1711714297628 18.7186336517334 7
1711714297895 14.726820945739746 8
1711714298166 11.356884002685547 9
1711714298435 9.29464340209961 10
1711714298703 7.959441661834717 11
1711714298972 6.757417678833008 12
1711714299241 6.017910957336426 13
1711714299510 5.486912727355957 14
1711714299777 4.9679789543151855 15
1711714300054 4.5840911865234375 16
1711714300320 4.397091865539551 17
1711714300592 4.157194137573242 18
1711714300857 3.918423652648926 19
1711714301125 3.7236361503601074 20
1711714301364 3.5292391777038574 21
1711714301626 3.4401376247406006 22
1711714301893 3.197011947631836 23
1711714302160 3.2379379272460938 24
1711714302427 2.934962272644043 25
1711714302695 2.9650962352752686 26
1711714302929 2.8610048294067383 27
1711714303196 2.7561304569244385 28
1711714303468 2.772515296936035 29
1711714303734 2.814436197280884 30
1711714304002 2.699885845184326 31
1711714304238 2.3619308471679688 32
1711714304506 2.424326181411743 33
1711714304738 2.2739219665527344 34
1711714305051 2.1918914318084717 35
