1711714295692 60.38212966918945 0
1711714295965 21.199058532714844 1
1711714296237 8.372701644897461 2
1711714296506 6.037222385406494 3
1711714296774 4.696802139282227 4
1711714297044 3.966064453125 5
1711714297315 3.423752546310425 6
1711714297628 3.080073356628418 7
1711714297895 2.782130241394043 8
1711714298166 2.4503302574157715 9
1711714298435 2.2321794033050537 10
1711714298703 2.0822978019714355 11
1711714298972 1.9196768999099731 12
1711714299241 1.8173390626907349 13
1711714299510 1.7370455265045166 14
1711714299777 1.6549659967422485 15
1711714300054 1.5857958793640137 16
1711714300320 1.5608738660812378 17
1711714300592 1.5215171575546265 18
1711714300857 1.4744611978530884 19
1711714301125 1.4401644468307495 20
1711714301364 1.4037508964538574 21
1711714301626 1.3839356899261475 22
1711714301893 1.3343100547790527 23
1711714302160 1.346943974494934 24
1711714302427 1.2755354642868042 25
1711714302695 1.2835067510604858 26
1711714302929 1.2682420015335083 27
1711714303196 1.24119234085083 28
1711714303468 1.2480007410049438 29
1711714303734 1.2626515626907349 30
1711714304002 1.2333390712738037 31
1711714304238 1.1450191736221313 32
1711714304506 1.169076681137085 33
1711714304738 1.1294362545013428 34
1711714305051 1.1040771007537842 35
