1711712701903 59.5851936340332 0
1711712702183 23.0211238861084 1
1711712702456 8.573657035827637 2
1711712702730 5.9562907218933105 3
1711712703000 4.107189655303955 4
1711712703267 3.116533041000366 5
1711712703541 2.7482290267944336 6
1711712703806 2.5046024322509766 7
1711712704077 2.257005453109741 8
1711712704350 2.023015260696411 9
1711712704619 1.8418434858322144 10
1711712704888 1.7103193998336792 11
1711712705212 1.6205092668533325 12
1711712705479 1.5753698348999023 13
1711712705748 1.4927958250045776 14
1711712706025 1.4308865070343018 15
1711712706295 1.3974226713180542 16
1711712706528 1.4050554037094116 17
1711712706799 1.3295482397079468 18
1711712707030 1.327321171760559 19
1711712707302 1.2907917499542236 20
1711712707567 1.332014799118042 21
1711712707839 1.3700761795043945 22
1711712708074 1.2729216814041138 23
1711712708342 1.1928825378417969 24
1711712708609 1.187519907951355 25
1711712708879 1.1485835313796997 26
1711712709146 1.1100317239761353 27
1711712709417 1.144063949584961 28
1711712709649 1.0889301300048828 29
1711712709921 1.050621509552002 30
1711712710187 1.0235058069229126 31
1711712710454 1.0592275857925415 32
1711712710726 1.0492725372314453 33
1711712710964 1.0177843570709229 34
1711712711205 1.0154949426651 35
