1711712701903 6011.0703125 0
1711712702183 871.3287963867188 1
1711712702456 153.8787841796875 2
1711712702730 78.61386108398438 3
1711712703000 39.05686569213867 4
1711712703267 21.524656295776367 5
1711712703541 15.639033317565918 6
1711712703806 12.660172462463379 7
1711712704077 10.0283842086792 8
1711712704350 8.048393249511719 9
1711712704619 6.685767650604248 10
1711712704888 5.706864833831787 11
1711712705212 4.99268913269043 12
1711712705479 4.650221347808838 13
1711712705748 4.154836654663086 14
1711712706025 3.8130319118499756 15
1711712706295 3.604112148284912 16
1711712706528 3.5475833415985107 17
1711712706799 3.236368417739868 18
1711712707030 3.1732912063598633 19
1711712707302 2.9893598556518555 20
1711712707567 3.1132044792175293 21
1711712707839 3.2152798175811768 22
1711712708074 2.861851453781128 23
1711712708342 2.5057616233825684 24
1711712708609 2.4926183223724365 25
1711712708879 2.324545383453369 26
1711712709146 2.1836349964141846 27
1711712709417 2.2562096118927 28
1711712709649 2.0790088176727295 29
1711712709921 1.9620064496994019 30
1711712710187 1.8507987260818481 31
1711712710454 1.9383735656738281 32
1711712710726 1.9080560207366943 33
1711712710964 1.7824068069458008 34
1711712711205 1.788011908531189 35
