1711713342458 6687.7548828125 0
1711713342729 936.8387451171875 1
1711713343003 138.8832244873047 2
1711713343276 69.94497680664062 3
1711713343545 43.7640266418457 4
1711713343814 31.03891944885254 5
1711713344084 24.421342849731445 6
1711713344354 20.037202835083008 7
1711713344624 15.79451847076416 8
1711713344891 13.121331214904785 9
1711713345164 11.072547912597656 10
1711713345432 9.820064544677734 11
1711713345669 8.78413200378418 12
1711713345937 8.626944541931152 13
1711713346244 7.457303047180176 14
1711713346520 6.793081760406494 15
1711713346790 6.578551292419434 16
1711713347028 6.344662666320801 17
1711713347293 5.918826103210449 18
1711713347566 5.849148273468018 19
1711713347837 5.813446521759033 20
1711713348069 5.415273666381836 21
1711713348336 5.33150053024292 22
1711713348586 5.473021984100342 23
1711713348851 5.283147811889648 24
