1711713342458 62.74529266357422 0
1711713342729 24.172130584716797 1
1711713343003 8.116881370544434 2
1711713343276 5.326305389404297 3
1711713343545 4.2731475830078125 4
1711713343814 3.7168843746185303 5
1711713344084 3.3481576442718506 6
1711713344354 3.0950405597686768 7
1711713344624 2.716622829437256 8
1711713344891 2.503319263458252 9
1711713345164 2.315526008605957 10
1711713345432 2.207035779953003 11
1711713345669 2.0881803035736084 12
1711713345937 2.1250765323638916 13
1711713346244 1.942229151725769 14
1711713346520 1.8570213317871094 15
1711713346790 1.853901743888855 16
1711713347028 1.8177813291549683 17
1711713347293 1.758019208908081 18
1711713347566 1.7539681196212769 19
1711713347837 1.7525041103363037 20
1711713348069 1.690244436264038 21
1711713348336 1.6735162734985352 22
1711713348586 1.6968921422958374 23
1711713348851 1.675523281097412 24
