1711709181060 5916.990234375 0
1711709181328 702.8759155273438 1
1711709181601 132.49783325195312 2
1711709181908 70.83128356933594 3
1711709182275 43.306514739990234 4
1711709182692 30.047473907470703 5
1711709182965 23.76515007019043 6
1711709183284 19.9089412689209 7
1711709183605 17.3855037689209 8
1711709184023 14.474721908569336 9
1711709184291 12.602091789245605 10
1711709184558 10.979044914245605 11
1711709184823 9.345349311828613 12
1711709185059 7.965937614440918 13
1711709185330 6.691019535064697 14
1711709185643 4.950694561004639 15
1711709185912 3.886995792388916 16
1711709186176 3.3906068801879883 17
1711709186447 2.9088432788848877 18
1711709186717 2.571805000305176 19
1711709186951 2.4796853065490723 20
1711709187217 2.4096250534057617 21
1711709187485 2.2424087524414062 22
1711709187716 2.083305597305298 23
1711709187959 2.093400239944458 24
1711709188240 1.8506057262420654 25
1711709188472 1.7053929567337036 26
1711709188739 1.6232744455337524 27
1711709188965 1.588931679725647 28
1711709189230 1.5125906467437744 29
1711709189493 1.4107918739318848 30
1711709189746 1.2993125915527344 31
1711709189976 1.3643115758895874 32
1711709190241 1.3222777843475342 33
1711709190484 1.245250940322876 34
1711709190747 1.1153130531311035 35
1711709190975 1.1539851427078247 36
1711709191238 0.9897332787513733 37
1711709191469 0.9910405278205872 38
1711709191754 1.0134669542312622 39
