1711709181060 58.633567810058594 0
1711709181328 20.02855682373047 1
1711709181601 8.060235023498535 2
1711709181908 5.543805122375488 3
1711709182275 4.374870300292969 4
1711709182692 3.7736892700195312 5
1711709182965 3.4520089626312256 6
1711709183284 3.2047476768493652 7
1711709183605 3.0115320682525635 8
1711709184023 2.7424442768096924 9
1711709184291 2.5735673904418945 10
1711709184558 2.4335954189300537 11
1711709184823 2.2324774265289307 12
1711709185059 2.0710012912750244 13
1711709185330 1.8974071741104126 14
1711709185643 1.625575065612793 15
1711709185912 1.4481689929962158 16
1711709186176 1.3579845428466797 17
1711709186447 1.262357234954834 18
1711709186717 1.194061517715454 19
1711709186951 1.1666921377182007 20
1711709187217 1.1641491651535034 21
1711709187485 1.132838249206543 22
1711709187716 1.0845483541488647 23
1711709187959 1.0999908447265625 24
1711709188240 1.0252023935317993 25
1711709188472 0.982822060585022 26
1711709188739 0.9640219211578369 27
1711709188965 0.9619831442832947 28
1711709189230 0.9354845285415649 29
1711709189493 0.9003866314888 30
1711709189746 0.8670758008956909 31
1711709189976 0.8851999044418335 32
1711709190241 0.877729594707489 33
1711709190484 0.850003182888031 34
1711709190747 0.8027918934822083 35
1711709190975 0.8259571194648743 36
1711709191238 0.7601191401481628 37
1711709191469 0.7624818086624146 38
1711709191754 0.7713716626167297 39
