1711958211389 5918.416015625 0
1711958211716 519.4177856445312 1
1711958212001 122.32955932617188 2
1711958212278 65.05646514892578 3
1711958212551 39.069339752197266 4
1711958212852 27.08319091796875 5
1711958213119 20.304126739501953 6
1711958213385 15.637170791625977 7
1711958213654 12.399465560913086 8
1711958213919 10.392403602600098 9
1711958214189 8.705033302307129 10
1711958214455 7.0567626953125 11
1711958214722 5.999590873718262 12
1711958214988 5.29339599609375 13
1711958215256 4.7483673095703125 14
1711958215527 4.127204418182373 15
1711958215793 3.7344810962677 16
1711958216058 3.5002377033233643 17
1711958216324 3.2046585083007812 18
1711958216590 3.1090872287750244 19
1711958216827 2.751460313796997 20
1711958217096 2.7430853843688965 21
1711958217398 2.4503698348999023 22
1711958217682 2.4724321365356445 23
1711958217956 2.3635785579681396 24
1711958218189 2.028895378112793 25
1711958218461 1.9791522026062012 26
1711958218732 2.175255298614502 27
1711958219009 1.7378416061401367 28
1711958219244 1.676106572151184 29
1711958219525 1.680198073387146 30
1711958219759 1.5866048336029053 31
1711958220025 1.643377661705017 32
1711958220310 1.4461838006973267 33
1711958220802 1.4300205707550049 34
1711958221368 1.2314949035644531 35
1711958221965 1.2553499937057495 36
1711958222232 1.2347761392593384 37
1711958222465 1.1803805828094482 38
