1711958211389 58.42232894897461 0
1711958211716 16.880435943603516 1
1711958212001 7.691591739654541 2
1711958212278 5.278069496154785 3
1711958212551 4.145419597625732 4
1711958212852 3.570974588394165 5
1711958213119 3.1906912326812744 6
1711958213385 2.8346428871154785 7
1711958213654 2.5353310108184814 8
1711958213919 2.3363847732543945 9
1711958214189 2.1364524364471436 10
1711958214455 1.9436904191970825 11
1711958214722 1.7974600791931152 12
1711958214988 1.6990084648132324 13
1711958215256 1.6181292533874512 14
1711958215527 1.5126190185546875 15
1711958215793 1.4529935121536255 16
1711958216058 1.4025859832763672 17
1711958216324 1.3503626585006714 18
1711958216590 1.331115484237671 19
1711958216827 1.2522261142730713 20
1711958217096 1.2599436044692993 21
1711958217398 1.1818984746932983 22
1711958217682 1.1899784803390503 23
1711958217956 1.1652311086654663 24
1711958218189 1.0764080286026 25
1711958218461 1.064458966255188 26
1711958218732 1.1220221519470215 27
1711958219009 0.9931817650794983 28
1711958219244 0.9773550629615784 29
1711958219525 0.9795585870742798 30
1711958219759 0.9548341035842896 31
1711958220025 0.9752267599105835 32
1711958220310 0.9061823487281799 33
1711958220802 0.9048182964324951 34
1711958221368 0.8354678153991699 35
1711958221965 0.8454554677009583 36
1711958222232 0.8384621143341064 37
1711958222465 0.8260327577590942 38
