1711958026974 5711.9404296875 0
1711958027248 520.701171875 1
1711958027517 134.28404235839844 2
1711958027786 76.85574340820312 3
1711958028054 45.47343444824219 4
1711958028322 29.889610290527344 5
1711958028660 21.738054275512695 6
1711958028927 17.47315788269043 7
1711958029201 14.240372657775879 8
1711958029469 12.033268928527832 9
1711958029738 10.290289878845215 10
1711958030005 8.36166000366211 11
1711958030274 6.678780555725098 12
1711958030542 5.285798072814941 13
1711958030807 4.489764213562012 14
1711958031074 3.802130937576294 15
1711958031341 3.7154080867767334 16
1711958031616 3.0879127979278564 17
1711958031884 2.847525119781494 18
1711958032151 2.570732355117798 19
1711958032417 2.3877644538879395 20
1711958032650 2.281574010848999 21
1711958033004 2.018200397491455 22
1711958033301 1.8394901752471924 23
1711958033587 1.8640519380569458 24
1711958033854 1.842501163482666 25
1711958034129 1.586956262588501 26
1711958034411 1.4849666357040405 27
1711958034689 1.3647996187210083 28
1711958034962 1.2584980726242065 29
1711958035205 1.2606273889541626 30
1711958035473 1.1694430112838745 31
1711958035741 1.1755428314208984 32
1711958035978 1.0542241334915161 33
1711958036213 1.1069220304489136 34
1711958036482 0.9298081398010254 35
1711958036750 0.9393104910850525 36
1711958037017 0.8514575362205505 37
1711958037291 0.7956207394599915 38
1711958037533 0.9207979440689087 39
1711958037776 0.9637072682380676 40
1711958038106 0.7887224555015564 41
1711958038374 0.6820437908172607 42
1711958038610 0.7300981879234314 43
1711958038847 0.6809901595115662 44
