1711958026974 57.595821380615234 0
1711958027248 16.941434860229492 1
1711958027517 7.996724605560303 2
1711958027786 5.7832112312316895 3
1711958028054 4.443524360656738 4
1711958028322 3.691532850265503 5
1711958028660 3.2390921115875244 6
1711958028927 2.973454475402832 7
1711958029201 2.7085142135620117 8
1711958029469 2.501640558242798 9
1711958029738 2.311744213104248 10
1711958030005 2.092491388320923 11
1711958030274 1.8787798881530762 12
1711958030542 1.6736600399017334 13
1711958030807 1.5551947355270386 14
1711958031074 1.4356738328933716 15
1711958031341 1.4302254915237427 16
1711958031616 1.2981224060058594 17
1711958031884 1.2509875297546387 18
1711958032151 1.1849814653396606 19
1711958032417 1.146422028541565 20
1711958032650 1.1218948364257812 21
1711958033004 1.0512298345565796 22
1711958033301 1.0045759677886963 23
1711958033587 1.0173701047897339 24
1711958033854 1.0213934183120728 25
1711958034129 0.9429090619087219 26
1711958034411 0.9086369872093201 27
1711958034689 0.8745960593223572 28
1711958034962 0.8422203660011292 29
1711958035205 0.8430412411689758 30
1711958035473 0.8176491260528564 31
1711958035741 0.8254029750823975 32
1711958035978 0.773436427116394 33
1711958036213 0.7977028489112854 34
1711958036482 0.727121889591217 35
1711958036750 0.7358604669570923 36
1711958037017 0.7023927569389343 37
1711958037291 0.6780466437339783 38
1711958037533 0.7330104112625122 39
1711958037776 0.752072811126709 40
1711958038106 0.6809645295143127 41
1711958038374 0.6300920248031616 42
1711958038610 0.6488410830497742 43
1711958038847 0.6279503107070923 44
