1711712098642 6152.353515625 0
1711712098915 876.9461669921875 1
1711712099185 144.25588989257812 2
1711712099456 78.64088439941406 3
1711712099724 46.960697174072266 4
1711712099995 29.449012756347656 5
1711712100263 21.097475051879883 6
1711712100529 17.16014862060547 7
1711712100804 13.463595390319824 8
1711712101073 11.126662254333496 9
1711712101345 9.262372970581055 10
1711712101612 7.55856466293335 11
1711712101883 6.421429634094238 12
1711712102149 5.560519695281982 13
1711712102481 4.813307285308838 14
1711712102755 4.217060089111328 15
1711712103020 3.840111494064331 16
1711712103289 3.421555280685425 17
1711712103555 3.135956287384033 18
1711712103823 2.908716917037964 19
1711712104094 2.7031164169311523 20
1711712104364 2.4880778789520264 21
1711712104635 2.1737380027770996 22
1711712104899 2.1081812381744385 23
1711712105170 1.8532531261444092 24
1711712105433 1.777783989906311 25
1711712105705 1.7104644775390625 26
1711712105977 1.5813425779342651 27
1711712106211 1.5809420347213745 28
1711712106475 1.5277835130691528 29
1711712106713 1.5317912101745605 30
1711712106984 1.2631421089172363 31
1711712107251 1.2559055089950562 32
1711712107519 1.171985149383545 33
1711712107783 1.1656962633132935 34
1711712108053 1.108086347579956 35
1711712108317 0.992161750793457 36
1711712108586 1.0634386539459229 37
1711712108852 0.9674093723297119 38
1711712109089 0.8816468119621277 39
1711712109351 0.9687413573265076 40
