1711712098642 60.16755294799805 0
1711712098915 23.174274444580078 1
1711712099185 8.46402645111084 2
1711712099456 5.948136806488037 3
1711712099724 4.4793291091918945 4
1711712099995 3.5783748626708984 5
1711712100263 3.119332790374756 6
1711712100529 2.905559539794922 7
1711712100804 2.5931198596954346 8
1711712101073 2.3587396144866943 9
1711712101345 2.167026996612549 10
1711712101612 1.9474483728408813 11
1711712101883 1.796223521232605 12
1711712102149 1.6895897388458252 13
1711712102481 1.5763792991638184 14
1711712102755 1.4865870475769043 15
1711712103020 1.4302396774291992 16
1711712103289 1.3503633737564087 17
1711712103555 1.2964003086090088 18
1711712103823 1.2666741609573364 19
1711712104094 1.2236562967300415 20
1711712104364 1.168173909187317 21
1711712104635 1.0907480716705322 22
1711712104899 1.0849717855453491 23
1711712105170 1.0171167850494385 24
1711712105433 0.9985256195068359 25
1711712105705 0.9815129637718201 26
1711712105977 0.9418670535087585 27
1711712106211 0.9476615190505981 28
1711712106475 0.9263859987258911 29
1711712106713 0.9410711526870728 30
1711712106984 0.8466171026229858 31
1711712107251 0.8481533527374268 32
1711712107519 0.8161437511444092 33
1711712107783 0.8123769164085388 34
1711712108053 0.7952376008033752 35
1711712108317 0.7520320415496826 36
1711712108586 0.7829973697662354 37
1711712108852 0.7462072968482971 38
1711712109089 0.7106431722640991 39
1711712109351 0.7516571879386902 40
