1711711489432 57.38448715209961 0
1711711489710 16.040111541748047 1
1711711489986 7.534874439239502 2
1711711490252 4.958401203155518 3
1711711490524 3.7180888652801514 4
1711711490788 3.24381422996521 5
1711711491061 2.9467103481292725 6
1711711491328 2.655991315841675 7
1711711491598 2.3858413696289062 8
1711711491863 2.301513910293579 9
1711711492133 2.0933244228363037 10
1711711492374 1.9433797597885132 11
1711711492643 1.8162062168121338 12
1711711492913 1.754404902458191 13
1711711493182 1.6836273670196533 14
1711711493450 1.6161242723464966 15
1711711493718 1.5649455785751343 16
1711711493987 1.5097458362579346 17
1711711494254 1.4540773630142212 18
1711711494521 1.4040299654006958 19
1711711494760 1.412150263786316 20
1711711495029 1.392316222190857 21
1711711495292 1.33999502658844 22
1711711495562 1.2861255407333374 23
1711711495800 1.301336407661438 24
1711711496033 1.2500523328781128 25
1711711496298 1.2271406650543213 26
1711711496565 1.1767971515655518 27
1711711496886 1.1771942377090454 28
1711711497134 1.0878735780715942 29
1711711497374 1.1454322338104248 30
1711711497637 1.0904345512390137 31
1711711497870 1.0875868797302246 32
1711711498139 1.007427453994751 33
1711711498405 1.020806908607483 34
1711711498635 0.9739313721656799 35
1711711498902 0.9951253533363342 36
1711711499140 0.9421936869621277 37
1711711499403 0.9176572561264038 38
1711711499641 0.9054186940193176 39
1711711499903 0.8697522878646851 40
1711711500138 0.8854456543922424 41
1711711500403 0.8540465235710144 42
1711711500640 0.8570387959480286 43
1711711500901 0.8076521754264832 44
