1711711489432 5741.0478515625 0
1711711489710 473.4047546386719 1
1711711489986 119.86536407470703 2
1711711490252 57.454246520996094 3
1711711490524 31.806943893432617 4
1711711490788 22.0668888092041 5
1711711491061 17.24404525756836 6
1711711491328 13.755905151367188 7
1711711491598 11.078024864196777 8
1711711491863 9.983031272888184 9
1711711492133 8.328516006469727 10
1711711492374 7.088748455047607 11
1711711492643 6.155488014221191 12
1711711492913 5.707199573516846 13
1711711493182 5.203528881072998 14
1711711493450 4.796082496643066 15
1711711493718 4.448538303375244 16
1711711493987 4.103443622589111 17
1711711494254 3.8071703910827637 18
1711711494521 3.5380496978759766 19
1711711494760 3.533419132232666 20
1711711495029 3.4332282543182373 21
1711711495292 3.1526777744293213 22
1711711495562 2.9098095893859863 23
1711711495800 2.985556125640869 24
1711711496033 2.752415657043457 25
1711711496298 2.6311328411102295 26
1711711496565 2.426370620727539 27
1711711496886 2.41405987739563 28
1711711497134 2.0908896923065186 29
1711711497374 2.2812564373016357 30
1711711497637 2.070730209350586 31
1711711497870 2.0678319931030273 32
1711711498139 1.7700905799865723 33
1711711498405 1.7969584465026855 34
1711711498635 1.629520297050476 35
1711711498902 1.7118892669677734 36
1711711499140 1.5449990034103394 37
1711711499403 1.46822988986969 38
1711711499641 1.42353093624115 39
1711711499903 1.3104485273361206 40
1711711500138 1.346175193786621 41
1711711500403 1.264500617980957 42
1711711500640 1.2569470405578613 43
1711711500901 1.123197078704834 44
