1711714447799 59.169349670410156 0
1711714448078 17.036306381225586 1
1711714448351 7.6469244956970215 2
1711714448627 5.276777267456055 3
1711714448895 4.1841888427734375 4
1711714449168 3.7456774711608887 5
1711714449492 3.477872610092163 6
1711714449766 3.2567481994628906 7
1711714450039 3.0417323112487793 8
1711714450310 2.8744451999664307 9
1711714450582 2.6566836833953857 10
1711714450856 2.497692584991455 11
1711714451124 2.2966415882110596 12
1711714451396 2.1721441745758057 13
1711714451668 2.050804615020752 14
1711714451942 2.002028703689575 15
1711714452215 1.8910577297210693 16
1711714452487 1.7971646785736084 17
1711714452759 1.7277121543884277 18
1711714453029 1.694275140762329 19
1711714453301 1.6362574100494385 20
1711714453572 1.5963102579116821 21
1711714453844 1.5808629989624023 22
1711714454118 1.601400375366211 23
1711714454387 1.510337233543396 24
1711714454622 1.4913544654846191 25
1711714454893 1.4432154893875122 26
1711714455173 1.4845335483551025 27
1711714455446 1.4437261819839478 28
1711714455686 1.4832721948623657 29
1711714455951 1.3852771520614624 30
1711714456224 1.3859777450561523 31
1711714456494 1.3307533264160156 32
1711714456731 1.392988920211792 33
1711714457076 1.338675618171692 34
1711714457344 1.3313188552856445 35
1711714457583 1.295969843864441 36
1711714457854 1.37399160861969 37
1711714458125 1.2759582996368408 38
1711714458360 1.271989345550537 39
1711714458602 1.2561606168746948 40
1711714458870 1.2471038103103638 41
1711714459105 1.3259259462356567 42
1711714459372 1.2759220600128174 43
