1711714447799 5985.2236328125 0
1711714448078 549.5308837890625 1
1711714448351 114.06063842773438 2
1711714448627 62.5549201965332 3
1711714448895 38.98466491699219 4
1711714449168 29.869495391845703 5
1711714449492 24.92462921142578 6
1711714449766 21.346376419067383 7
1711714450039 18.470354080200195 8
1711714450310 16.35070037841797 9
1711714450582 13.897099494934082 10
1711714450856 12.034515380859375 11
1711714451124 10.190987586975098 12
1711714451396 9.086358070373535 13
1711714451668 8.000524520874023 14
1711714451942 7.473005294799805 15
1711714452215 6.630734443664551 16
1711714452487 5.955254554748535 17
1711714452759 5.488455772399902 18
1711714453029 5.231025218963623 19
1711714453301 4.870595455169678 20
1711714453572 4.625985622406006 21
1711714453844 4.469417572021484 22
1711714454118 4.574998378753662 23
1711714454387 4.110787391662598 24
1711714454622 3.9854259490966797 25
1711714454893 3.737361192703247 26
1711714455173 3.861599922180176 27
1711714455446 3.7145633697509766 28
1711714455686 3.8645122051239014 29
1711714455951 3.447352409362793 30
1711714456224 3.410111904144287 31
1711714456494 3.199044704437256 32
1711714456731 3.386530876159668 33
1711714457076 3.1964962482452393 34
1711714457344 3.1700479984283447 35
1711714457583 3.028597593307495 36
1711714457854 3.330448627471924 37
1711714458125 2.9204893112182617 38
1711714458360 2.879873275756836 39
1711714458602 2.8508434295654297 40
1711714458870 2.817821502685547 41
1711714459105 3.070882558822632 42
1711714459372 2.8765640258789062 43
