1711714257191 6136.83251953125 0
1711714257464 901.2274780273438 1
1711714257731 157.12062072753906 2
1711714258001 93.93827056884766 3
1711714258281 59.29349136352539 4
1711714258546 37.74747085571289 5
1711714258819 25.890426635742188 6
1711714259090 19.651029586791992 7
1711714259357 16.313400268554688 8
1711714259627 13.795400619506836 9
1711714259934 11.860832214355469 10
1711714260208 10.436080932617188 11
1711714260477 9.569561004638672 12
1711714260746 8.578141212463379 13
1711714261012 7.590561389923096 14
1711714261260 6.824145317077637 15
1711714261562 6.293935298919678 16
1711714261836 6.040184497833252 17
1711714262109 5.501911640167236 18
1711714262344 4.993182182312012 19
1711714262611 4.741783618927002 20
1711714262882 4.328542709350586 21
1711714263150 4.1882476806640625 22
1711714263387 3.852829933166504 23
1711714263659 3.542794942855835 24
1711714263924 3.711444616317749 25
1711714264163 3.3593130111694336 26
1711714264432 3.104670763015747 27
1711714264703 2.992504596710205 28
1711714264977 2.788898229598999 29
1711714265245 2.6691858768463135 30
1711714265518 2.448906183242798 31
1711714265786 2.505260705947876 32
1711714266024 2.2749736309051514 33
1711714266261 2.0775070190429688 34
1711714266529 2.00081729888916 35
1711714266799 1.8836385011672974 36
1711714267067 1.7157472372055054 37
1711714267302 1.8422155380249023 38
1711714267574 1.5049928426742554 39
1711714267842 1.4261151552200317 40
1711714268114 1.2916998863220215 41
1711714268379 1.1640475988388062 42
1711714268617 1.1511809825897217 43
1711714268882 1.1456339359283447 44
1711714269175 1.0409621000289917 45
1711714269445 0.9986149072647095 46
1711714269744 0.9213019609451294 47
1711714270018 0.8794844746589661 48
1711714270254 0.8678655028343201 49
