1711714257191 60.44369888305664 0
1711714257464 23.725669860839844 1
1711714257731 8.786036491394043 2
1711714258001 6.519176959991455 3
1711714258281 5.010581016540527 4
1711714258546 3.9593684673309326 5
1711714258819 3.365349531173706 6
1711714259090 3.0338871479034424 7
1711714259357 2.8358447551727295 8
1711714259627 2.640252113342285 9
1711714259934 2.4661059379577637 10
1711714260208 2.3167035579681396 11
1711714260477 2.222743511199951 12
1711714260746 2.1152613162994385 13
1711714261012 1.9914253950119019 14
1711714261260 1.8950730562210083 15
1711714261562 1.8360929489135742 16
1711714261836 1.8125970363616943 17
1711714262109 1.7356369495391846 18
1711714262344 1.651835560798645 19
1711714262611 1.6203314065933228 20
1711714262882 1.545012354850769 21
1711714263150 1.5326489210128784 22
1711714263387 1.4684443473815918 23
1711714263659 1.4092354774475098 24
1711714263924 1.4565396308898926 25
1711714264163 1.3765486478805542 26
1711714264432 1.3313311338424683 27
1711714264703 1.30384361743927 28
1711714264977 1.2588937282562256 29
1711714265245 1.2340182065963745 30
1711714265518 1.1774799823760986 31
1711714265786 1.197584629058838 32
1711714266024 1.1394420862197876 33
1711714266261 1.0822745561599731 34
1711714266529 1.069268822669983 35
1711714266799 1.0422435998916626 36
1711714267067 0.9875649213790894 37
1711714267302 1.0335463285446167 38
1711714267574 0.9274685382843018 39
1711714267842 0.9050233960151672 40
1711714268114 0.856526792049408 41
1711714268379 0.8115218281745911 42
1711714268617 0.8113116025924683 43
1711714268882 0.8110935091972351 44
1711714269175 0.7704989314079285 45
1711714269445 0.7547927498817444 46
1711714269744 0.7265799045562744 47
1711714270018 0.7089755535125732 48
1711714270254 0.7099899649620056 49
