1711958757271 6582.37353515625 0
1711958757552 910.568359375 1
1711958757824 154.0721893310547 2
1711958758102 88.05900573730469 3
1711958758373 57.85502624511719 4
1711958758642 38.3558464050293 5
1711958758911 27.308290481567383 6
1711958759181 21.705354690551758 7
1711958759450 18.326732635498047 8
1711958759720 15.12259578704834 9
1711958759991 12.91227912902832 10
1711958760262 11.069615364074707 11
1711958760531 9.698866844177246 12
1711958760799 8.323661804199219 13
1711958761068 7.161797046661377 14
1711958761336 6.281859874725342 15
1711958761603 5.665026664733887 16
1711958761873 4.996201515197754 17
1711958762140 4.748775005340576 18
1711958762422 4.172852993011475 19
1711958762693 4.211186408996582 20
1711958762983 3.8412981033325195 21
1711958763261 3.5872700214385986 22
1711958763498 3.462290048599243 23
1711958763774 3.2058796882629395 24
1711958764041 3.3144991397857666 25
1711958764309 3.071829080581665 26
1711958764542 3.0415866374969482 27
1711958764776 2.969202995300293 28
1711958765049 2.888612985610962 29
1711958765283 2.8216686248779297 30
1711958765551 2.627767324447632 31
1711958765819 2.9195709228515625 32
1711958766089 2.473848581314087 33
1711958766326 2.443303108215332 34
1711958766594 2.6198689937591553 35
1711958766859 2.3277268409729004 36
1711958767127 2.4177541732788086 37
1711958767366 2.2512547969818115 38
1711958767635 2.2391960620880127 39
1711958767903 2.283560037612915 40
1711958768172 2.2053866386413574 41
1711958768444 2.0927064418792725 42
1711958768713 2.128032922744751 43
1711958768980 2.0818028450012207 44
1711958769220 1.9242905378341675 45
1711958769485 1.9870918989181519 46
1711958769720 1.8661035299301147 47
1711958769987 1.8443001508712769 48
