1711958757271 62.5845832824707 0
1711958757552 23.355968475341797 1
1711958757824 8.746744155883789 2
1711958758102 6.103885173797607 3
1711958758373 4.849642753601074 4
1711958758642 3.998241662979126 5
1711958758911 3.5210416316986084 6
1711958759181 3.2105400562286377 7
1711958759450 3.0262250900268555 8
1711958759720 2.7492644786834717 9
1711958759991 2.5627286434173584 10
1711958760262 2.3872146606445312 11
1711958760531 2.2391505241394043 12
1711958760799 2.073556661605835 13
1711958761068 1.9275225400924683 14
1711958761336 1.8123048543930054 15
1711958761603 1.7334390878677368 16
1711958761873 1.6384220123291016 17
1711958762140 1.6095993518829346 18
1711958762422 1.5034301280975342 19
1711958762693 1.5230457782745361 20
1711958762983 1.4600588083267212 21
1711958763261 1.4046095609664917 22
1711958763498 1.3924673795700073 23
1711958763774 1.3336859941482544 24
1711958764041 1.3636550903320312 25
1711958764309 1.3086762428283691 26
1711958764542 1.3047908544540405 27
1711958764776 1.294892430305481 28
1711958765049 1.2697806358337402 29
1711958765283 1.2580087184906006 30
1711958765551 1.2070791721343994 31
1711958765819 1.2762662172317505 32
1711958766089 1.1647088527679443 33
1711958766326 1.1589219570159912 34
1711958766594 1.2029509544372559 35
1711958766859 1.1272648572921753 36
1711958767127 1.1485679149627686 37
1711958767366 1.1115405559539795 38
1711958767635 1.1032871007919312 39
1711958767903 1.1171587705612183 40
1711958768172 1.0994724035263062 41
1711958768444 1.0686864852905273 42
1711958768713 1.071778655052185 43
1711958768980 1.063971996307373 44
1711958769220 1.0182528495788574 45
1711958769485 1.0388339757919312 46
1711958769720 1.003571629524231 47
1711958769987 1.006279468536377 48
