1711712263666 57.9042854309082 0
1711712263938 17.635732650756836 1
1711712264214 7.668562889099121 2
1711712264482 4.8810272216796875 3
1711712264752 3.613020896911621 4
1711712265023 3.0781619548797607 5
1711712265289 2.7905256748199463 6
1711712265562 2.606869697570801 7
1711712265828 2.4547176361083984 8
1711712266136 2.3386311531066895 9
1711712266413 2.1907498836517334 10
1711712266698 2.1010637283325195 11
1711712266970 1.970180869102478 12
1711712267240 1.901853084564209 13
1711712267531 1.7838836908340454 14
1711712267800 1.7228920459747314 15
1711712268050 1.6163461208343506 16
1711712268320 1.5746561288833618 17
1711712268592 1.5065479278564453 18
1711712268860 1.451208233833313 19
1711712269134 1.3641141653060913 20
1711712269408 1.3281270265579224 21
1711712269646 1.291627049446106 22
1711712269912 1.2449954748153687 23
1711712270183 1.2220176458358765 24
1711712270464 1.201410174369812 25
1711712270735 1.1511523723602295 26
1711712270973 1.12680983543396 27
1711712271243 1.0587719678878784 28
1711712271509 1.0599660873413086 29
1711712271745 1.0019028186798096 30
1711712271987 1.0106794834136963 31
