1711712263666 5766.9482421875 0
1711712263938 561.9868774414062 1
1711712264214 123.16813659667969 2
1711712264482 57.01716613769531 3
1711712264752 30.631868362426758 4
1711712265023 20.589086532592773 5
1711712265289 15.920174598693848 6
1711712265562 13.410335540771484 7
1711712265828 11.597073554992676 8
1711712266136 10.441146850585938 9
1711712266413 9.080574989318848 10
1711712266698 8.251847267150879 11
1711712266970 7.286805629730225 12
1711712267240 6.743819713592529 13
1711712267531 5.892091274261475 14
1711712267800 5.4794206619262695 15
1711712268050 4.861387729644775 16
1711712268320 4.518054008483887 17
1711712268592 4.133162021636963 18
1711712268860 3.8723161220550537 19
1711712269134 3.428406238555908 20
1711712269408 3.2466773986816406 21
1711712269646 3.055229663848877 22
1711712269912 2.848752975463867 23
1711712270183 2.730964183807373 24
1711712270464 2.6180500984191895 25
1711712270735 2.413233757019043 26
1711712270973 2.3079326152801514 27
1711712271243 2.0459959506988525 28
1711712271509 2.02422833442688 29
1711712271745 1.8056632280349731 30
1711712271987 1.8364741802215576 31
