1711709954931 58.327571868896484 0
1711709955208 21.3854923248291 1
1711709955478 8.890746116638184 2
1711709955745 6.128576755523682 3
1711709956016 4.737971305847168 4
1711709956284 3.8679630756378174 5
1711709956554 3.4200572967529297 6
1711709956822 3.057096242904663 7
1711709957093 2.7765324115753174 8
1711709957413 2.5327913761138916 9
1711709957686 2.289966106414795 10
1711709957956 2.155822277069092 11
1711709958225 1.9869177341461182 12
1711709958497 1.8450878858566284 13
1711709958767 1.752655267715454 14
1711709959035 1.6532059907913208 15
1711709959299 1.6005699634552002 16
1711709959570 1.5701072216033936 17
1711709959838 1.4711322784423828 18
1711709960105 1.4360214471817017 19
1711709960373 1.4018279314041138 20
1711709960639 1.3378043174743652 21
1711709960904 1.3080064058303833 22
1711709961172 1.2942191362380981 23
1711709961406 1.2609055042266846 24
1711709961672 1.2387807369232178 25
1711709961938 1.1938107013702393 26
1711709962168 1.2138848304748535 27
1711709962436 1.1515382528305054 28
1711709962705 1.1494536399841309 29
1711709962971 1.127068042755127 30
1711709963203 1.1255406141281128 31
1711709963473 1.0686588287353516 32
1711709963735 1.1038912534713745 33
1711709963971 1.1014323234558105 34
1711709964239 1.066601276397705 35
1711709964534 1.0213501453399658 36
1711709964800 1.039398193359375 37
1711709965063 1.0022903680801392 38
1711709965299 1.0162171125411987 39
1711709965533 0.9871084690093994 40
1711709965800 0.9579227566719055 41
1711709966034 0.9415867924690247 42
1711709966269 0.9225017428398132 43
1711709966533 0.8899084329605103 44
1711709966772 0.9495658278465271 45
1711709967004 0.8890763521194458 46
