1711709954931 5786.748046875 0
1711709955208 758.3616943359375 1
1711709955478 158.31968688964844 2
1711709955745 86.8918685913086 3
1711709956016 52.14195251464844 4
1711709956284 33.218711853027344 5
1711709956554 24.285947799682617 6
1711709956822 18.854816436767578 7
1711709957093 15.214037895202637 8
1711709957413 12.493691444396973 9
1711709957686 10.207510948181152 10
1711709957956 8.87785816192627 11
1711709958225 7.441770076751709 12
1711709958497 6.427055358886719 13
1711709958767 5.757232666015625 14
1711709959035 5.109788417816162 15
1711709959299 4.698617935180664 16
1711709959570 4.495392322540283 17
1711709959838 3.9455809593200684 18
1711709960105 3.751408338546753 19
1711709960373 3.583326816558838 20
1711709960639 3.2453744411468506 21
1711709960904 3.1061689853668213 22
1711709961172 3.016066789627075 23
1711709961406 2.8609983921051025 24
1711709961672 2.7625951766967773 25
1711709961938 2.561537265777588 26
1711709962168 2.6295676231384277 27
1711709962436 2.399137258529663 28
1711709962705 2.3650879859924316 29
1711709962971 2.268998146057129 30
1711709963203 2.248969078063965 31
1711709963473 2.0560593605041504 32
1711709963735 2.155949354171753 33
1711709963971 2.157672882080078 34
1711709964239 2.004153251647949 35
1711709964534 1.8764642477035522 36
1711709964800 1.9010298252105713 37
1711709965063 1.786213994026184 38
1711709965299 1.8138667345046997 39
1711709965533 1.7214199304580688 40
1711709965800 1.6339834928512573 41
1711709966034 1.5754402875900269 42
1711709966269 1.5104538202285767 43
1711709966533 1.4168239831924438 44
1711709966772 1.5747123956680298 45
1711709967004 1.3997546434402466 46
