1711710596092 59.67930221557617 0
1711710596361 22.65104103088379 1
1711710596628 8.1961030960083 2
1711710596896 6.058786869049072 3
1711710597162 4.821342468261719 4
1711710597427 3.9990031719207764 5
1711710597696 3.479189395904541 6
1711710597962 3.2099061012268066 7
1711710598229 2.876174211502075 8
1711710598496 2.6572554111480713 9
1711710598763 2.4078848361968994 10
1711710599034 2.2397921085357666 11
1711710599346 2.090383291244507 12
1711710599633 1.9327012300491333 13
1711710599901 1.8446130752563477 14
1711710600170 1.739518642425537 15
1711710600433 1.7006093263626099 16
1711710600700 1.6418083906173706 17
1711710600966 1.5534629821777344 18
1711710601236 1.4985450506210327 19
1711710601502 1.44319486618042 20
1711710601769 1.4072265625 21
1711710602035 1.3902817964553833 22
1711710602302 1.3354216814041138 23
1711710602561 1.3229339122772217 24
1711710602828 1.2608966827392578 25
1711710603132 1.244175910949707 26
1711710603395 1.1680392026901245 27
1711710603667 1.1505049467086792 28
1711710603935 1.1314218044281006 29
1711710604202 1.0940892696380615 30
1711710604440 1.0639020204544067 31
1711710604706 1.0155173540115356 32
1711710604974 1.024194598197937 33
1711710605242 0.9676128029823303 34
1711710605474 0.9583040475845337 35
1711710605738 0.8990861177444458 36
1711710606005 0.9294583201408386 37
1711710606237 0.8690114617347717 38
1711710606471 0.8598906397819519 39
