1711710596092 5979.10205078125 0
1711710596361 839.28564453125 1
1711710596628 142.4315185546875 2
1711710596896 83.81109619140625 3
1711710597162 53.16323471069336 4
1711710597427 34.89873123168945 5
1711710597696 25.023353576660156 6
1711710597962 20.105220794677734 7
1711710598229 16.072378158569336 8
1711710598496 13.43517780303955 9
1711710598763 11.070178031921387 10
1711710599034 9.440682411193848 11
1711710599346 8.253214836120605 12
1711710599633 7.038776874542236 13
1711710599901 6.308145999908447 14
1711710600170 5.6366729736328125 15
1711710600433 5.315483093261719 16
1711710600700 4.9217915534973145 17
1711710600966 4.398625373840332 18
1711710601236 4.112847328186035 19
1711710601502 3.7737390995025635 20
1711710601769 3.5765109062194824 21
1711710602035 3.463998556137085 22
1711710602302 3.169800281524658 23
1711710602561 3.0971455574035645 24
1711710602828 2.852147102355957 25
1711710603132 2.750545024871826 26
1711710603395 2.4487686157226562 27
1711710603667 2.361429452896118 28
1711710603935 2.29543399810791 29
1711710604202 2.1391806602478027 30
1711710604440 1.9937289953231812 31
1711710604706 1.8303781747817993 32
1711710604974 1.8417819738388062 33
1711710605242 1.6558111906051636 34
1711710605474 1.6333307027816772 35
1711710605738 1.445611596107483 36
1711710606005 1.5209083557128906 37
1711710606237 1.3434791564941406 38
1711710606471 1.303977131843567 39
