1711710343105 60.47184753417969 0
1711710343374 21.839479446411133 1
1711710343658 8.8513765335083 2
1711710343933 6.411013126373291 3
1711710344206 5.046204566955566 4
1711710344475 4.174396514892578 5
1711710344748 3.5070207118988037 6
1711710345012 3.1268796920776367 7
1711710345282 2.8475117683410645 8
1711710345550 2.5980453491210938 9
1711710345816 2.2123827934265137 10
1711710346081 1.9854353666305542 11
1711710346351 1.8772729635238647 12
1711710346580 1.7732218503952026 13
1711710346848 1.6553057432174683 14
1711710347113 1.5829482078552246 15
1711710347348 1.494260311126709 16
1711710347618 1.4439592361450195 17
1711710347884 1.3832310438156128 18
1711710348149 1.353243112564087 19
1711710348380 1.327609658241272 20
1711710348645 1.3011622428894043 21
1711710348915 1.2755839824676514 22
1711710349195 1.2665952444076538 23
1711710349461 1.2270081043243408 24
1711710349725 1.1891659498214722 25
1711710349994 1.1789554357528687 26
1711710350286 1.1879886388778687 27
1711710350519 1.152454137802124 28
1711710350781 1.1212259531021118 29
1711710351014 1.0997885465621948 30
1711710351280 1.0933291912078857 31
1711710351549 1.2052035331726074 32
1711710351782 1.0326741933822632 33
1711710352054 1.0143450498580933 34
1711710352285 1.0034350156784058 35
1711710352552 0.9705588817596436 36
1711710352815 0.9704242944717407 37
1711710353051 0.9447060227394104 38
1711710353316 0.9048267602920532 39
1711710353549 0.9227879047393799 40
1711710353814 0.874416708946228 41
1711710354083 0.8783113360404968 42
1711710354310 0.8923894166946411 43
1711710354578 0.9067791700363159 44
1711710354852 0.8106287121772766 45
1711710355103 0.8364169001579285 46
1711710355374 0.8063734173774719 47
1711710355625 0.84303218126297 48
1711710355894 0.8130574822425842 49
