1711710343105 6188.390625 0
1711710343374 806.8084716796875 1
1711710343658 155.51327514648438 2
1711710343933 91.84555053710938 3
1711710344206 58.56151580810547 4
1711710344475 38.639591217041016 5
1711710344748 26.13832664489746 6
1711710345012 19.497493743896484 7
1711710345282 15.692838668823242 8
1711710345550 12.921751976013184 9
1711710345816 9.661261558532715 10
1711710346081 7.6175217628479 11
1711710346351 6.612875938415527 12
1711710346580 5.776946544647217 13
1711710346848 5.007688522338867 14
1711710347113 4.570234298706055 15
1711710347348 4.063158988952637 16
1711710347618 3.769031286239624 17
1711710347884 3.464608907699585 18
1711710348149 3.269274950027466 19
1711710348380 3.1336004734039307 20
1711710348645 2.974236488342285 21
1711710348915 2.837054967880249 22
1711710349195 2.76322865486145 23
1711710349461 2.6232125759124756 24
1711710349725 2.4462461471557617 25
1711710349994 2.4000985622406006 26
1711710350286 2.4155421257019043 27
1711710350519 2.2800536155700684 28
1711710350781 2.1681125164031982 29
1711710351014 2.061927556991577 30
1711710351280 2.048434257507324 31
1711710351549 2.4100234508514404 32
1711710351782 1.8347774744033813 33
1711710352054 1.7594339847564697 34
1711710352285 1.7258652448654175 35
1711710352552 1.6316453218460083 36
1711710352815 1.6095775365829468 37
1711710353051 1.5348957777023315 38
1711710353316 1.4072333574295044 39
1711710353549 1.4681074619293213 40
1711710353814 1.3310333490371704 41
1711710354083 1.336449146270752 42
1711710354310 1.3476098775863647 43
1711710354578 1.4062745571136475 44
1711710354852 1.135678768157959 45
1711710355103 1.1941609382629395 46
1711710355374 1.117408275604248 47
1711710355625 1.2146471738815308 48
1711710355894 1.1157070398330688 49
