1711711469143 5999.697265625 0
1711711469418 837.2765502929688 1
1711711469692 138.0188446044922 2
1711711469961 73.34870910644531 3
1711711470230 39.52671813964844 4
1711711470501 25.60797119140625 5
1711711470768 19.916799545288086 6
1711711471035 16.256916046142578 7
1711711471302 13.393041610717773 8
1711711471572 11.354165077209473 9
1711711471836 9.684439659118652 10
1711711472103 8.262474060058594 11
1711711472379 7.166900157928467 12
1711711472645 6.051829814910889 13
1711711472913 5.500303745269775 14
1711711473230 4.77462911605835 15
1711711473494 4.242093086242676 16
1711711473764 3.9447903633117676 17
1711711473997 3.6183862686157227 18
1711711474264 3.234619379043579 19
1711711474530 2.9622561931610107 20
1711711474799 2.965151071548462 21
1711711475064 2.6066644191741943 22
1711711475333 2.419215440750122 23
1711711475568 2.3571479320526123 24
1711711475833 2.181706428527832 25
1711711476104 2.0137834548950195 26
1711711476372 1.8074800968170166 27
1711711476639 1.7901076078414917 28
1711711476867 1.675842523574829 29
1711711477135 1.4884454011917114 30
1711711477407 1.561049222946167 31
1711711477674 1.33326256275177 32
1711711477943 1.344009518623352 33
1711711478179 1.1927570104599 34
1711711478445 1.3711400032043457 35
1711711478711 1.099818468093872 36
1711711478977 0.983242392539978 37
1711711479209 0.9807900786399841 38
1711711479473 0.9085975885391235 39
1711711479743 0.9992498755455017 40
1711711479976 0.921413242816925 41
1711711480238 0.8367799520492554 42
1711711480475 0.7970535159111023 43
1711711480739 0.8256610631942749 44
1711711481004 0.7036462426185608 45
1711711481241 0.8657258152961731 46
1711711481565 0.7749208211898804 47
1711711481815 0.6179478168487549 48
1711711482051 0.6691370010375977 49
