1711711469143 59.42804718017578 0
1711711469418 22.77600860595703 1
1711711469692 8.290261268615723 2
1711711469961 5.787045478820801 3
1711711470230 4.180211544036865 4
1711711470501 3.4833853244781494 5
1711711470768 3.159775495529175 6
1711711471035 2.9030797481536865 7
1711711471302 2.666349172592163 8
1711711471572 2.469743013381958 9
1711711471836 2.300726890563965 10
1711711472103 2.1289114952087402 11
1711711472379 1.997145175933838 12
1711711472645 1.828749418258667 13
1711711472913 1.7506189346313477 14
1711711473230 1.638177752494812 15
1711711473494 1.5411893129348755 16
1711711473764 1.4938406944274902 17
1711711473997 1.4292776584625244 18
1711711474264 1.355149745941162 19
1711711474530 1.2970457077026367 20
1711711474799 1.3053961992263794 21
1711711475064 1.220612645149231 22
1711711475333 1.1746857166290283 23
1711711475568 1.1705790758132935 24
1711711475833 1.1194548606872559 25
1711711476104 1.0767165422439575 26
1711711476372 1.019426703453064 27
1711711476639 1.0209063291549683 28
1711711476867 0.9862773418426514 29
1711711477135 0.9265349507331848 30
1711711477407 0.9555042386054993 31
1711711477674 0.8785010576248169 32
1711711477943 0.884696364402771 33
1711711478179 0.833583652973175 34
1711711478445 0.894835889339447 35
1711711478711 0.7979093194007874 36
1711711478977 0.7575629353523254 37
1711711479209 0.7584612965583801 38
1711711479473 0.7272080779075623 39
1711711479743 0.7686922550201416 40
1711711479976 0.7342056035995483 41
1711711480238 0.7013275027275085 42
1711711480475 0.6819429993629456 43
1711711480739 0.6972352862358093 44
1711711481004 0.6406802535057068 45
1711711481241 0.7096385955810547 46
1711711481565 0.6745398640632629 47
1711711481815 0.6044955253601074 48
1711711482051 0.6260471343994141 49
