1711710202133 5595.71044921875 0
1711710202408 801.780517578125 1
1711710202684 141.20590209960938 2
1711710202954 76.8862075805664 3
1711710203220 43.90354537963867 4
1711710203491 28.879467010498047 5
1711710203763 22.661279678344727 6
1711710204035 18.584983825683594 7
1711710204300 14.601808547973633 8
1711710204572 11.800334930419922 9
1711710204841 9.71330738067627 10
1711710205109 7.918843746185303 11
1711710205379 6.838955879211426 12
1711710205694 5.995060920715332 13
1711710205960 5.682994842529297 14
1711710206231 4.990677833557129 15
1711710206498 4.640236854553223 16
1711710206732 4.260618686676025 17
1711710206997 3.8403453826904297 18
1711710207266 3.5464484691619873 19
1711710207537 3.35282826423645 20
1711710207768 3.14803409576416 21
1711710208039 2.9065439701080322 22
1711710208275 2.6933529376983643 23
1711710208539 2.7533459663391113 24
1711710208809 2.3780429363250732 25
1711710209048 2.2514638900756836 26
1711710209314 2.266413450241089 27
1711710209585 2.005850315093994 28
1711710209851 1.927973985671997 29
1711710210118 1.81377375125885 30
1711710210352 1.5836336612701416 31
1711710210617 1.6345338821411133 32
1711710210885 1.334389090538025 33
1711710211156 1.4521957635879517 34
1711710211427 1.221824049949646 35
1711710211659 1.3413423299789429 36
1711710211929 1.0839186906814575 37
1711710212162 1.082897424697876 38
1711710212428 1.1154303550720215 39
1711710212746 1.0140531063079834 40
1711710212992 0.9330713152885437 41
1711710213256 0.8516455292701721 42
1711710213525 0.8884899616241455 43
1711710213759 0.8116682171821594 44
1711710213993 0.7318570613861084 45
1711710214261 0.7863372564315796 46
1711710214495 0.8121691942214966 47
1711710214729 0.720486581325531 48
