1711710202133 57.4185791015625 0
1711710202408 22.191621780395508 1
1711710202684 8.185821533203125 2
1711710202954 5.837849140167236 3
1711710203220 4.273646831512451 4
1711710203491 3.587433338165283 5
1711710203763 3.316418170928955 6
1711710204035 3.0577125549316406 7
1711710204300 2.714338541030884 8
1711710204572 2.4544200897216797 9
1711710204841 2.2504751682281494 10
1711710205109 2.0307023525238037 11
1711710205379 1.9050877094268799 12
1711710205694 1.8048173189163208 13
1711710205960 1.768785834312439 14
1711710206231 1.6551175117492676 15
1711710206498 1.5980005264282227 16
1711710206732 1.5330779552459717 17
1711710206997 1.4535436630249023 18
1711710207266 1.3975576162338257 19
1711710207537 1.3661308288574219 20
1711710207768 1.3175969123840332 21
1711710208039 1.267678141593933 22
1711710208275 1.220329999923706 23
1711710208539 1.2396522760391235 24
1711710208809 1.148587942123413 25
1711710209048 1.1125277280807495 26
1711710209314 1.1245605945587158 27
1711710209585 1.0554701089859009 28
1711710209851 1.034365177154541 29
1711710210118 1.0036983489990234 30
1711710210352 0.9379994869232178 31
1711710210617 0.9602972269058228 32
1711710210885 0.857487678527832 33
1711710211156 0.8988937139511108 34
1711710211427 0.8306165337562561 35
1711710211659 0.8731077909469604 36
1711710211929 0.7766507267951965 37
1711710212162 0.7799626588821411 38
1711710212428 0.7941067814826965 39
1711710212746 0.7532634735107422 40
1711710212992 0.7290826439857483 41
1711710213256 0.6926388740539551 42
1711710213525 0.7088778614997864 43
1711710213759 0.6745773553848267 44
1711710213993 0.6468545198440552 45
1711710214261 0.6713681221008301 46
1711710214495 0.6827539801597595 47
1711710214729 0.644519567489624 48
