1711958929091 5629.8515625 0
1711958929377 871.5523681640625 1
1711958929761 145.7894287109375 2
1711958930076 82.62097930908203 3
1711958930342 49.82223129272461 4
1711958930605 33.158660888671875 5
1711958930872 23.900066375732422 6
1711958931140 19.12272071838379 7
1711958931426 15.232251167297363 8
1711958931693 12.701885223388672 9
1711958931956 10.395590782165527 10
1711958932223 8.970556259155273 11
1711958932485 7.55460786819458 12
1711958932754 6.576911449432373 13
1711958933018 5.602059841156006 14
1711958933291 4.969264507293701 15
1711958933563 4.6412811279296875 16
1711958933826 4.107293605804443 17
1711958934091 3.75899338722229 18
1711958934325 3.4061813354492188 19
1711958934592 3.292109489440918 20
1711958934855 2.848712682723999 21
1711958935112 2.6213138103485107 22
1711958935377 2.5274763107299805 23
1711958935665 2.236715793609619 24
1711958935933 2.2383501529693604 25
1711958936204 2.0441980361938477 26
1711958936474 2.023189067840576 27
1711958936740 1.8471003770828247 28
1711958937065 1.7060909271240234 29
1711958937338 1.534001111984253 30
1711958937642 1.5054939985275269 31
1711958938053 1.4056837558746338 32
1711958938357 1.2999261617660522 33
1711958938598 1.2031489610671997 34
1711958938866 1.0882728099822998 35
1711958939144 1.0207102298736572 36
1711958939600 0.9737878441810608 37
1711958939890 0.9263924360275269 38
1711958940152 0.9907334446907043 39
1711958940385 0.9103807806968689 40
1711958940678 0.79637610912323 41
1711958940946 0.7971278429031372 42
1711958941176 0.8780733346939087 43
1711958941436 0.7354810833930969 44
1711958941696 0.7729830145835876 45
1711958941921 0.5958905816078186 46
1711958942189 0.644133448600769 47
