1711958929091 57.637481689453125 0
1711958929377 23.641197204589844 1
1711958929761 8.437051773071289 2
1711958930076 6.019579887390137 3
1711958930342 4.595571994781494 4
1711958930605 3.870546579360962 5
1711958930872 3.354753255844116 6
1711958931140 3.0728683471679688 7
1711958931426 2.752004861831665 8
1711958931693 2.5239274501800537 9
1711958931956 2.2841439247131348 10
1711958932223 2.1315815448760986 11
1711958932485 1.9614160060882568 12
1711958932754 1.8485945463180542 13
1711958933018 1.6986397504806519 14
1711958933291 1.6097866296768188 15
1711958933563 1.5680521726608276 16
1711958933826 1.4752230644226074 17
1711958934091 1.4201301336288452 18
1711958934325 1.3551111221313477 19
1711958934592 1.3354688882827759 20
1711958934855 1.238356590270996 21
1711958935112 1.1945409774780273 22
1711958935377 1.1815472841262817 23
1711958935665 1.109816551208496 24
1711958935933 1.1151494979858398 25
1711958936204 1.0714179277420044 26
1711958936474 1.070674180984497 27
1711958936740 1.0170248746871948 28
1711958937065 0.9806149005889893 29
1711958937338 0.9258106350898743 30
1711958937642 0.9213767647743225 31
1711958938053 0.8877323269844055 32
1711958938357 0.8537007570266724 33
1711958938598 0.8160276412963867 34
1711958938866 0.7757261395454407 35
1711958939144 0.7471670508384705 36
1711958939600 0.7379459142684937 37
1711958939890 0.7141645550727844 38
1711958940152 0.753911554813385 39
1711958940385 0.7160561084747314 40
1711958940678 0.6647489666938782 41
1711958940946 0.6662694811820984 42
1711958941176 0.7162563800811768 43
1711958941436 0.6485174298286438 44
1711958941696 0.664771318435669 45
1711958941921 0.5784903764724731 46
1711958942189 0.6089277267456055 47
