1711959012028 6187.38134765625 0
1711959012303 892.7324829101562 1
1711959012599 154.17453002929688 2
1711959012871 82.31683349609375 3
1711959013139 46.97303009033203 4
1711959013407 29.45608139038086 5
1711959013675 20.857364654541016 6
1711959013943 16.417695999145508 7
1711959014209 13.128506660461426 8
1711959014482 11.104802131652832 9
1711959014750 9.115079879760742 10
1711959015020 7.600551605224609 11
1711959015287 6.621288776397705 12
1711959015552 6.112872123718262 13
1711959015820 5.253704071044922 14
1711959016096 4.739933490753174 15
1711959016362 4.410550594329834 16
1711959016631 4.073429584503174 17
1711959016903 4.070338726043701 18
1711959017170 3.58308482170105 19
1711959017437 3.4471216201782227 20
1711959017713 3.338559865951538 21
1711959017980 3.1178741455078125 22
1711959018248 3.0159032344818115 23
1711959018515 2.836536169052124 24
1711959018749 2.7562928199768066 25
1711959019016 2.598367214202881 26
1711959019252 2.54093599319458 27
1711959019520 2.6688294410705566 28
1711959019753 2.296809196472168 29
1711959020021 2.2256932258605957 30
1711959020288 2.1859748363494873 31
1711959020521 2.214604139328003 32
1711959020789 2.0467162132263184 33
1711959021055 1.9504051208496094 34
1711959021290 1.739683985710144 35
1711959021556 1.893175482749939 36
