1711959012028 60.68194580078125 0
1711959012303 23.60024070739746 1
1711959012599 8.529787063598633 2
1711959012871 5.826770782470703 3
1711959013139 4.302236557006836 4
1711959013407 3.5176801681518555 5
1711959013675 3.0665247440338135 6
1711959013943 2.7967870235443115 7
1711959014209 2.539487838745117 8
1711959014482 2.368227005004883 9
1711959014750 2.141906261444092 10
1711959015020 1.9685144424438477 11
1711959015287 1.8589367866516113 12
1711959015552 1.799583911895752 13
1711959015820 1.6748713254928589 14
1711959016096 1.599314570426941 15
1711959016362 1.5560823678970337 16
1711959016631 1.4975115060806274 17
1711959016903 1.515491247177124 18
1711959017170 1.4150608777999878 19
1711959017437 1.3918888568878174 20
1711959017713 1.3745793104171753 21
1711959017980 1.3289035558700562 22
1711959018248 1.307221531867981 23
1711959018515 1.271303653717041 24
1711959018749 1.2505285739898682 25
1711959019016 1.2197545766830444 26
1711959019252 1.202310562133789 27
1711959019520 1.2448227405548096 28
1711959019753 1.14298415184021 29
1711959020021 1.1275904178619385 30
1711959020288 1.1182280778884888 31
1711959020521 1.132378339767456 32
1711959020789 1.0819143056869507 33
1711959021055 1.0619986057281494 34
1711959021290 0.993698000907898 35
1711959021556 1.0476093292236328 36
