1711957928607 5770.04150390625 0
1711957928881 742.737060546875 1
1711957929158 155.11131286621094 2
1711957929508 86.98609924316406 3
1711957929906 53.8003044128418 4
1711957930244 35.761474609375 5
1711957930574 26.83328628540039 6
1711957930851 20.85297966003418 7
1711957931128 16.803516387939453 8
1711957931405 13.060286521911621 9
1711957931673 9.972726821899414 10
1711957931937 7.895511150360107 11
1711957932203 6.628772735595703 12
1711957932468 5.762560844421387 13
1711957932736 5.007719993591309 14
1711957933003 4.293376922607422 15
1711957933268 3.8744962215423584 16
1711957933534 3.7524337768554688 17
1711957933767 3.3135924339294434 18
1711957934038 3.130859851837158 19
1711957934276 2.8215231895446777 20
1711957934545 2.6462435722351074 21
1711957934843 2.5557522773742676 22
1711957935154 2.343305826187134 23
1711957935464 2.2169201374053955 24
1711957935757 2.1296565532684326 25
1711957936033 2.1818573474884033 26
1711957936298 1.934496283531189 27
1711957936587 1.9176713228225708 28
1711957936872 1.7115710973739624 29
1711957937140 1.6875840425491333 30
1711957937375 1.5449533462524414 31
1711957937644 1.4886196851730347 32
1711957937875 1.4772127866744995 33
1711957938196 1.488290548324585 34
