1711957928607 58.49858856201172 0
1711957928881 20.920345306396484 1
1711957929158 8.567261695861816 2
1711957929508 6.016502857208252 3
1711957929906 4.725008487701416 4
1711957930244 3.9296350479125977 5
1711957930574 3.5242245197296143 6
1711957930851 3.1592602729797363 7
1711957931128 2.8625688552856445 8
1711957931405 2.509481430053711 9
1711957931673 2.1849308013916016 10
1711957931937 1.9535953998565674 11
1711957932203 1.8207414150238037 12
1711957932468 1.7293683290481567 13
1711957932736 1.6181628704071045 14
1711957933003 1.5020464658737183 15
1711957933268 1.432433009147644 16
1711957933534 1.4187347888946533 17
1711957933767 1.3315818309783936 18
1711957934038 1.30239737033844 19
1711957934276 1.2328029870986938 20
1711957934545 1.1946877241134644 21
1711957934843 1.1799896955490112 22
1711957935154 1.1284055709838867 23
1711957935464 1.097050428390503 24
1711957935757 1.0745317935943604 25
1711957936033 1.1027119159698486 26
1711957936298 1.0285699367523193 27
1711957936587 1.027526617050171 28
1711957936872 0.9633783102035522 29
1711957937140 0.964556872844696 30
1711957937375 0.9206300973892212 31
1711957937644 0.9091699123382568 32
1711957937875 0.9100853204727173 33
1711957938196 0.919198215007782 34
