1711713776390 5801.78515625 0
1711713776665 615.4913940429688 1
1711713776941 130.25157165527344 2
1711713777214 67.58767700195312 3
1711713777486 38.32914352416992 4
1711713777753 26.548133850097656 5
1711713778025 20.383501052856445 6
1711713778295 17.96709632873535 7
1711713778565 15.267626762390137 8
1711713778836 13.637965202331543 9
1711713779106 12.151833534240723 10
1711713779379 10.814973831176758 11
1711713779651 9.742155075073242 12
1711713779920 8.679256439208984 13
1711713780190 8.218210220336914 14
1711713780459 7.028697967529297 15
1711713780728 6.480231761932373 16
1711713780997 6.1143693923950195 17
1711713781267 5.448693752288818 18
1711713781547 5.0654683113098145 19
1711713781779 4.938182830810547 20
1711713782048 4.335587501525879 21
1711713782321 4.095203399658203 22
1711713782945 3.768869638442993 23
1711713783251 3.65934157371521 24
1711713783519 3.452749729156494 25
1711713783754 3.2007274627685547 26
1711713784022 2.9099698066711426 27
1711713784291 2.7507333755493164 28
1711713784559 2.7001960277557373 29
1711713784828 2.4711802005767822 30
1711713785103 2.3357532024383545 31
1711713785368 2.1781694889068604 32
1711713785640 1.9257245063781738 33
1711713785870 1.8965243101119995 34
1711713786138 1.7588242292404175 35
1711713786406 1.5860443115234375 36
1711713786676 1.3893506526947021 37
1711713786939 1.3901338577270508 38
1711713787176 1.2867687940597534 39
1711713787446 1.2477197647094727 40
1711713787738 1.1997253894805908 41
1711713788009 1.2774349451065063 42
1711713788285 1.090520977973938 43
1711713788553 1.040103793144226 44
1711713788787 0.9843902587890625 45
1711713789041 0.8778349757194519 46
