1711713776390 58.428497314453125 0
1711713776665 18.506986618041992 1
1711713776941 7.905299663543701 2
1711713777214 5.397267818450928 3
1711713777486 4.04844856262207 4
1711713777753 3.525273084640503 5
1711713778025 3.165950298309326 6
1711713778295 3.048283338546753 7
1711713778565 2.8102941513061523 8
1711713778836 2.6666290760040283 9
1711713779106 2.5311219692230225 10
1711713779379 2.3822898864746094 11
1711713779651 2.26239275932312 12
1711713779920 2.1316206455230713 13
1711713780190 2.0929818153381348 14
1711713780459 1.9301902055740356 15
1711713780728 1.8554972410202026 16
1711713780997 1.814850926399231 17
1711713781267 1.726470708847046 18
1711713781547 1.6643117666244507 19
1711713781779 1.6481815576553345 20
1711713782048 1.5345805883407593 21
1711713782321 1.4907326698303223 22
1711713782945 1.4287117719650269 23
1711713783251 1.4335421323776245 24
1711713783519 1.3793222904205322 25
1711713783754 1.323628544807434 26
1711713784022 1.2588318586349487 27
1711713784291 1.227197527885437 28
1711713784559 1.2186942100524902 29
1711713784828 1.1669518947601318 30
1711713785103 1.131768822669983 31
1711713785368 1.0965839624404907 32
1711713785640 1.0247392654418945 33
1711713785870 1.017657995223999 34
1711713786138 0.9871430397033691 35
1711713786406 0.9354169964790344 36
1711713786676 0.873126208782196 37
1711713786939 0.8791607618331909 38
1711713787176 0.8433101177215576 39
1711713787446 0.8330097198486328 40
1711713787738 0.8199821710586548 41
1711713788009 0.8456679582595825 42
1711713788285 0.7849064469337463 43
1711713788553 0.7643879652023315 44
1711713788787 0.7457496523857117 45
1711713789041 0.6993209719657898 46
