1711714217031 5735.6162109375 0
1711714217309 660.2750244140625 1
1711714217582 123.64366149902344 2
1711714217856 66.50214385986328 3
1711714218125 39.597713470458984 4
1711714218395 26.776065826416016 5
1711714218672 20.789934158325195 6
1711714218946 16.39409828186035 7
1711714219213 13.237091064453125 8
1711714219484 10.990447044372559 9
1711714219757 9.089219093322754 10
1711714220028 7.652782440185547 11
1711714220302 6.557971954345703 12
1711714220576 5.76573371887207 13
1711714220841 5.107255458831787 14
1711714221111 4.644477844238281 15
1711714221380 4.39660120010376 16
1711714221616 4.052774429321289 17
1711714221886 3.8842146396636963 18
1711714222157 3.6255860328674316 19
1711714222394 3.7453231811523438 20
1711714222663 3.6382508277893066 21
1711714222933 3.4161314964294434 22
1711714223202 3.3123037815093994 23
1711714223471 3.2283551692962646 24
1711714223706 3.2545714378356934 25
1711714224037 3.0564002990722656 26
1711714224307 2.971564769744873 27
1711714224545 2.871119260787964 28
1711714224816 3.04544734954834 29
1711714225087 2.5273592472076416 30
1711714225357 2.5093255043029785 31
1711714225594 2.4257938861846924 32
1711714225863 2.294973611831665 33
1711714226133 2.251840829849243 34
1711714226406 2.448996067047119 35
1711714226638 2.110949754714966 36
1711714226908 1.9479559659957886 37
1711714227177 1.7894490957260132 38
1711714227447 1.7191296815872192 39
1711714227717 1.5269138813018799 40
1711714227993 1.3399256467819214 41
1711714228276 1.2535006999969482 42
1711714228535 1.3118122816085815 43
1711714228804 1.3466728925704956 44
1711714229095 1.18486750125885 45
1711714229364 1.0006600618362427 46
1711714229632 1.041185975074768 47
1711714229873 0.9545167088508606 48
1711714230113 0.8991321921348572 49
