1711714217031 57.685482025146484 0
1711714217309 19.576566696166992 1
1711714217582 7.476897716522217 2
1711714217856 5.196534633636475 3
1711714218125 3.989814519882202 4
1711714218395 3.4379019737243652 5
1711714218672 3.135770797729492 6
1711714218946 2.8297932147979736 7
1711714219213 2.5639567375183105 8
1711714219484 2.351020336151123 9
1711714219757 2.145251750946045 10
1711714220028 1.9689184427261353 11
1711714220302 1.8360143899917603 12
1711714220576 1.7442618608474731 13
1711714220841 1.641330361366272 14
1711714221111 1.581209421157837 15
1711714221380 1.5509196519851685 16
1711714221616 1.4939709901809692 17
1711714221886 1.4677550792694092 18
1711714222157 1.4132070541381836 19
1711714222394 1.456761121749878 20
1711714222663 1.439253330230713 21
1711714222933 1.375882625579834 22
1711714223202 1.3630520105361938 23
1711714223471 1.3489068746566772 24
1711714223706 1.352167010307312 25
1711714224037 1.307447910308838 26
1711714224307 1.2887029647827148 27
1711714224545 1.264353632926941 28
1711714224816 1.3119721412658691 29
1711714225087 1.1787757873535156 30
1711714225357 1.1778355836868286 31
1711714225594 1.1603248119354248 32
1711714225863 1.1206459999084473 33
1711714226133 1.1107008457183838 34
1711714226406 1.178739070892334 35
1711714226638 1.0761247873306274 36
1711714226908 1.0301109552383423 37
1711714227177 0.9795373678207397 38
1711714227447 0.9704667329788208 39
1711714227717 0.9187963008880615 40
1711714227993 0.8462304472923279 41
1711714228276 0.8180020451545715 42
1711714228535 0.8478846549987793 43
1711714228804 0.8682367205619812 44
1711714229095 0.809916615486145 45
1711714229364 0.7367262244224548 46
1711714229632 0.7553294897079468 47
1711714229873 0.7265226244926453 48
1711714230113 0.7008252739906311 49
