1711711296818 60.10794448852539 0
1711711297088 24.196992874145508 1
1711711297365 9.122151374816895 2
1711711297638 6.203485488891602 3
1711711297903 4.169794082641602 4
1711711298175 3.076606273651123 5
1711711298445 2.625516653060913 6
1711711298712 2.3532235622406006 7
1711711298980 2.135744094848633 8
1711711299253 2.014134645462036 9
1711711299519 1.8454517126083374 10
1711711299791 1.7331864833831787 11
1711711300060 1.6463321447372437 12
1711711300325 1.5529158115386963 13
1711711300567 1.4894623756408691 14
1711711300834 1.4043755531311035 15
1711711301065 1.3840168714523315 16
1711711301335 1.3616925477981567 17
1711711301597 1.300168752670288 18
1711711301874 1.3021029233932495 19
1711711302108 1.2186543941497803 20
1711711302375 1.1817398071289062 21
1711711302639 1.1199467182159424 22
1711711302948 1.1266528367996216 23
1711711303181 1.1086300611495972 24
1711711303452 1.0424729585647583 25
1711711303720 1.0718823671340942 26
1711711303988 1.0490150451660156 27
1711711304252 0.9758769869804382 28
1711711304523 0.9401299953460693 29
1711711304789 0.939252495765686 30
1711711305023 0.919550895690918 31
1711711305287 0.8573300242424011 32
1711711305557 0.8331589102745056 33
1711711305824 0.8698671460151672 34
1711711306094 0.7968538999557495 35
1711711306361 0.8461661338806152 36
1711711306591 0.7892548441886902 37
1711711306869 0.7456449866294861 38
1711711307102 0.7147153615951538 39
1711711307366 0.6908105611801147 40
1711711307637 0.6697778105735779 41
1711711307901 0.6651943922042847 42
1711711308170 0.6558682322502136 43
1711711308406 0.6843715310096741 44
1711711308674 0.6534233093261719 45
