1711711296818 6103.6552734375 0
1711711297088 932.9869995117188 1
1711711297365 170.05374145507812 2
1711711297638 88.41820526123047 3
1711711297903 41.73193359375 4
1711711298175 21.071989059448242 5
1711711298445 13.873016357421875 6
1711711298712 10.51254940032959 7
1711711298980 8.509568214416504 8
1711711299253 7.382935523986816 9
1711711299519 6.207456588745117 10
1711711299791 5.430579662322998 11
1711711300060 4.895423412322998 12
1711711300325 4.299986839294434 13
1711711300567 3.979874610900879 14
1711711300834 3.576521873474121 15
1711711301065 3.4558680057525635 16
1711711301335 3.2854177951812744 17
1711711301597 3.032773733139038 18
1711711301874 3.0137555599212646 19
1711711302108 2.679149627685547 20
1711711302375 2.5030674934387207 21
1711711302639 2.269958257675171 22
1711711302948 2.262075424194336 23
1711711303181 2.196073532104492 24
1711711303452 1.9571349620819092 25
1711711303720 2.0450735092163086 26
1711711303988 1.9500824213027954 27
1711711304252 1.6713217496871948 28
1711711304523 1.5646593570709229 29
1711711304789 1.5645651817321777 30
1711711305023 1.4736264944076538 31
1711711305287 1.290593147277832 32
1711711305557 1.215882420539856 33
1711711305824 1.3054516315460205 34
1711711306094 1.0981518030166626 35
1711711306361 1.2345764636993408 36
1711711306591 1.0796834230422974 37
1711711306869 0.9696215987205505 38
1711711307102 0.8851026296615601 39
1711711307366 0.8291913270950317 40
1711711307637 0.7779611945152283 41
1711711307901 0.7753955125808716 42
1711711308170 0.7505775094032288 43
1711711308406 0.8144755959510803 44
1711711308674 0.7461455464363098 45
