1711712308165 61.91427230834961 0
1711712308436 22.485828399658203 1
1711712308716 8.506328582763672 2
1711712308982 6.108109951019287 3
1711712309254 4.285671710968018 4
1711712309524 3.3611793518066406 5
1711712309793 2.8787925243377686 6
1711712310063 2.642814874649048 7
1711712310333 2.44258451461792 8
1711712310603 2.2716140747070312 9
1711712310875 2.150865077972412 10
1711712311148 2.0427393913269043 11
1711712311415 1.9338791370391846 12
1711712311686 1.8907452821731567 13
1711712311917 1.8338521718978882 14
1711712312186 1.7659639120101929 15
1711712312452 1.7865346670150757 16
1711712312720 1.7234985828399658 17
1711712312960 1.6791036128997803 18
1711712313226 1.624362826347351 19
1711712313494 1.5844627618789673 20
1711712313736 1.564334511756897 21
1711712314005 1.5624258518218994 22
1711712314273 1.5449333190917969 23
1711712314511 1.4988410472869873 24
1711712314777 1.482142686843872 25
1711712315011 1.5063838958740234 26
1711712315279 1.4468731880187988 27
1711712315594 1.4155702590942383 28
1711712315863 1.4462056159973145 29
1711712316098 1.4911671876907349 30
1711712316367 1.3559764623641968 31
