1711712308165 6396.44189453125 0
1711712308436 837.5205078125 1
1711712308716 152.60159301757812 2
1711712308982 86.02182006835938 3
1711712309254 43.76991653442383 4
1711712309524 24.79871940612793 5
1711712309793 16.985891342163086 6
1711712310063 13.744409561157227 7
1711712310333 11.444441795349121 8
1711712310603 9.636549949645996 9
1711712310875 8.580780029296875 10
1711712311148 7.636814594268799 11
1711712311415 6.793003559112549 12
1711712311686 6.434815406799316 13
1711712311917 6.007601737976074 14
1711712312186 5.615253448486328 15
1711712312452 5.718899250030518 16
1711712312720 5.33225679397583 17
1711712312960 5.022339820861816 18
1711712313226 4.75283670425415 19
1711712313494 4.536629676818848 20
1711712313736 4.41656494140625 21
1711712314005 4.380016803741455 22
1711712314273 4.275487899780273 23
1711712314511 4.067762851715088 24
1711712314777 3.9493982791900635 25
1711712315011 4.083376407623291 26
1711712315279 3.780136823654175 27
1711712315594 3.6552019119262695 28
1711712315863 3.787445068359375 29
1711712316098 3.9638102054595947 30
1711712316367 3.3723607063293457 31
