1711712228076 60.07908248901367 0
1711712228348 23.03980255126953 1
1711712228622 9.286141395568848 2
1711712228887 6.836660385131836 3
1711712229156 5.3155436515808105 4
1711712229428 4.36715841293335 5
1711712229726 3.7672526836395264 6
1711712229990 3.474933624267578 7
1711712230257 3.1480326652526855 8
1711712230532 2.8726346492767334 9
1711712230801 2.6561362743377686 10
1711712231068 2.502746343612671 11
1711712231301 2.3116111755371094 12
1711712231567 2.1323764324188232 13
1711712231861 1.91620671749115 14
1711712232129 1.8134161233901978 15
1711712232417 1.6314876079559326 16
1711712232685 1.5257132053375244 17
1711712232955 1.4282389879226685 18
1711712233219 1.383160948753357 19
1711712233489 1.3269256353378296 20
1711712233755 1.2834372520446777 21
1711712234021 1.253330945968628 22
1711712234256 1.2191355228424072 23
1711712234524 1.1907196044921875 24
1711712234761 1.1679996252059937 25
1711712235029 1.142729640007019 26
1711712235294 1.1121915578842163 27
1711712235532 1.075141429901123 28
1711712235796 1.0718870162963867 29
1711712236064 1.0187076330184937 30
1711712236331 0.9944610595703125 31
1711712236569 0.9763635396957397 32
1711712236802 0.9669893383979797 33
