1711712228076 6258.57080078125 0
1711712228348 852.281494140625 1
1711712228622 178.41307067871094 2
1711712228887 106.87168884277344 3
1711712229156 68.0194320678711 4
1711712229428 44.82275390625 5
1711712229726 31.23568344116211 6
1711712229990 24.72501564025879 7
1711712230257 19.82860565185547 8
1711712230532 16.317440032958984 9
1711712230801 13.775249481201172 10
1711712231068 12.135991096496582 11
1711712231301 10.315716743469238 12
1711712231567 8.716283798217773 13
1711712231861 7.056527614593506 14
1711712232129 6.154545307159424 15
1711712232417 5.063404083251953 16
1711712232685 4.384453773498535 17
1711712232955 3.81205677986145 18
1711712233219 3.5022895336151123 19
1711712233489 3.203847646713257 20
1711712233755 2.982600212097168 21
1711712234021 2.8348495960235596 22
1711712234256 2.6466972827911377 23
1711712234524 2.53784441947937 24
1711712234761 2.419264316558838 25
1711712235029 2.318720817565918 26
1711712235294 2.1700382232666016 27
1711712235532 2.0303666591644287 28
1711712235796 2.011131763458252 29
1711712236064 1.8168683052062988 30
1711712236331 1.730682611465454 31
1711712236569 1.6593180894851685 32
1711712236802 1.6242762804031372 33
