1711711831321 6091.39794921875 0
1711711831594 854.2025756835938 1
1711711831866 161.12452697753906 2
1711711832137 90.48807525634766 3
1711711832406 53.94820785522461 4
1711711832741 33.523033142089844 5
1711711833013 23.357759475708008 6
1711711833279 17.852121353149414 7
1711711833548 13.89791488647461 8
1711711833820 11.114028930664062 9
1711711834091 8.688179016113281 10
1711711834360 7.074974536895752 11
1711711834632 6.007159233093262 12
1711711834920 5.400852680206299 13
1711711835192 4.839774131774902 14
1711711835460 4.301494121551514 15
1711711835727 3.986933708190918 16
1711711835996 3.711383581161499 17
1711711836266 3.373098611831665 18
1711711836536 3.183624267578125 19
1711711836769 3.106173515319824 20
1711711837034 2.93282151222229 21
1711711837301 2.8124165534973145 22
1711711837538 2.674605131149292 23
1711711837805 2.4208242893218994 24
1711711838076 2.364668369293213 25
1711711838309 2.2362136840820312 26
1711711838575 2.1740527153015137 27
