1711711831321 59.82414245605469 0
1711711831594 22.956708908081055 1
1711711831866 8.888047218322754 2
1711711832137 6.3241868019104 3
1711711832406 4.716495990753174 4
1711711832741 3.790146827697754 5
1711711833013 3.2582459449768066 6
1711711833279 2.914483070373535 7
1711711833548 2.6110246181488037 8
1711711833820 2.3603591918945312 9
1711711834091 2.075117349624634 10
1711711834360 1.881510615348816 11
1711711834632 1.746397852897644 12
1711711834920 1.6833034753799438 13
1711711835192 1.6022578477859497 14
1711711835460 1.5101042985916138 15
1711711835727 1.4574838876724243 16
1711711835996 1.4251676797866821 17
1711711836266 1.349200963973999 18
1711711836536 1.3069274425506592 19
1711711836769 1.304612159729004 20
1711711837034 1.2752149105072021 21
1711711837301 1.25106942653656 22
1711711837538 1.2181508541107178 23
1711711837805 1.152040958404541 24
1711711838076 1.1476362943649292 25
1711711838309 1.1159641742706299 26
1711711838575 1.1114656925201416 27
