1711712934872 6196.802734375 0
1711712935144 1005.694091796875 1
1711712935414 182.4069061279297 2
1711712935689 103.96656036376953 3
1711712935958 65.31021881103516 4
1711712936232 43.410404205322266 5
1711712936534 31.36409568786621 6
1711712936807 24.464609146118164 7
1711712937085 18.946504592895508 8
1711712937355 14.863048553466797 9
1711712937627 11.46851921081543 10
1711712937892 9.25492000579834 11
1711712938163 7.679818630218506 12
1711712938434 6.392940044403076 13
1711712938704 5.745866775512695 14
1711712938969 5.2256927490234375 15
1711712939237 4.683793544769287 16
1711712939509 4.4570631980896 17
1711712939740 4.248922348022461 18
1711712940011 3.829524278640747 19
1711712940275 3.6556148529052734 20
1711712940512 3.43498158454895 21
1711712940781 3.0789458751678467 22
1711712941049 2.952479839324951 23
1711712941287 2.9673197269439697 24
1711712941563 2.794299602508545 25
1711712941831 2.5243659019470215 26
1711712942097 2.4037399291992188 27
1711712942333 2.4259114265441895 28
1711712942607 2.3220911026000977 29
1711712942873 2.1479477882385254 30
1711712943143 1.836572527885437 31
1711712943414 1.8389581441879272 32
1711712943689 1.7374904155731201 33
1711712944062 1.6325680017471313 34
1711712944377 1.5361738204956055 35
1711712944652 1.473733901977539 36
