1711712934872 60.346378326416016 0
1711712935144 25.874975204467773 1
1711712935414 9.361368179321289 2
1711712935689 6.646803855895996 3
1711712935958 5.107344627380371 4
1711712936232 4.272700786590576 5
1711712936534 3.7375268936157227 6
1711712936807 3.400113821029663 7
1711712937085 3.0083296298980713 8
1711712937355 2.68086314201355 9
1711712937627 2.3517067432403564 10
1711712937892 2.1156561374664307 11
1711712938163 1.952480673789978 12
1711712938434 1.791968584060669 13
1711712938704 1.719655990600586 14
1711712938969 1.6519403457641602 15
1711712939237 1.5804486274719238 16
1711712939509 1.5506646633148193 17
1711712939740 1.5148433446884155 18
1711712940011 1.439085841178894 19
1711712940275 1.4086545705795288 20
1711712940512 1.3748372793197632 21
1711712940781 1.2940853834152222 22
1711712941049 1.272924542427063 23
1711712941287 1.2908018827438354 24
1711712941563 1.2446792125701904 25
1711712941831 1.182203769683838 26
1711712942097 1.1572185754776 27
1711712942333 1.164628267288208 28
1711712942607 1.1450213193893433 29
1711712942873 1.091806411743164 30
1711712943143 1.0128076076507568 31
1711712943414 1.0170698165893555 32
1711712943689 0.9823362231254578 33
1711712944062 0.95928555727005 34
1711712944377 0.9350990653038025 35
1711712944652 0.9115229249000549 36
