1711708373570 5832.697265625 0
1711708373841 638.2831420898438 1
1711708374108 126.3443374633789 2
1711708374374 69.73069763183594 3
1711708374640 43.01289367675781 4
1711708374912 30.198284149169922 5
1711708375173 23.927217483520508 6
1711708375442 19.925275802612305 7
1711708375707 17.576583862304688 8
1711708375939 15.434575080871582 9
1711708376205 13.629042625427246 10
1711708376491 12.297652244567871 11
1711708376755 10.14072036743164 12
1711708377026 8.760904312133789 13
1711708377294 7.490351676940918 14
1711708377555 6.652873992919922 15
1711708377862 5.554491996765137 16
1711708378122 4.958702564239502 17
1711708378390 4.247446060180664 18
1711708378653 3.8844540119171143 19
1711708378917 3.750194549560547 20
1711708379180 3.4076147079467773 21
1711708379444 3.097836494445801 22
1711708379674 3.0370290279388428 23
1711708379943 3.002291440963745 24
1711708380207 2.7455711364746094 25
1711708380438 2.564309597015381 26
1711708380699 2.47333025932312 27
1711708380967 2.5822997093200684 28
1711708381238 2.2864837646484375 29
1711708381524 2.1404542922973633 30
1711708381789 2.157541036605835 31
1711708382048 1.970560073852539 32
1711708382294 1.9073903560638428 33
1711708382556 1.8424619436264038 34
1711708382824 1.984727144241333 35
1711708383053 1.7459596395492554 36
1711708383317 1.6509462594985962 37
1711708383547 1.6204872131347656 38
1711708383834 1.481835126876831 39
1711708384098 1.461889624595642 40
1711708384330 1.327018141746521 41
1711708384591 1.3421558141708374 42
1711708384822 1.3509601354599 43
1711708385055 1.2633506059646606 44
1711708385317 1.197241187095642 45
1711708385580 1.081166386604309 46
1711708385843 1.4491149187088013 47
1711708386074 1.073384404182434 48
1711708386334 1.0124834775924683 49
