1711708373570 58.26112747192383 0
1711708373841 18.8754940032959 1
1711708374108 7.825865745544434 2
1711708374374 5.563793182373047 3
1711708374640 4.344010829925537 4
1711708374912 3.7943668365478516 5
1711708375173 3.4842212200164795 6
1711708375442 3.2338500022888184 7
1711708375707 3.0605227947235107 8
1711708375939 2.872248649597168 9
1711708376205 2.698749303817749 10
1711708376491 2.565272808074951 11
1711708376755 2.3310606479644775 12
1711708377026 2.161233901977539 13
1711708377294 1.9940775632858276 14
1711708377555 1.8817169666290283 15
1711708377862 1.7264174222946167 16
1711708378122 1.63120436668396 17
1711708378390 1.52223801612854 18
1711708378653 1.4604463577270508 19
1711708378917 1.4490022659301758 20
1711708379180 1.381244421005249 21
1711708379444 1.3117629289627075 22
1711708379674 1.3112987279891968 23
1711708379943 1.310142993927002 24
1711708380207 1.2426847219467163 25
1711708380438 1.2112293243408203 26
1711708380699 1.1948432922363281 27
1711708380967 1.2239153385162354 28
1711708381238 1.1469231843948364 29
1711708381524 1.1097400188446045 30
1711708381789 1.1209514141082764 31
1711708382048 1.0677729845046997 32
1711708382294 1.052329659461975 33
1711708382556 1.0334441661834717 34
1711708382824 1.07613205909729 35
1711708383053 1.0161634683609009 36
1711708383317 0.9816809892654419 37
1711708383547 0.9768069386482239 38
1711708383834 0.9317511916160583 39
1711708384098 0.9310163259506226 40
1711708384330 0.8845906853675842 41
1711708384591 0.8881293535232544 42
1711708384822 0.8930839896202087 43
1711708385055 0.8662748336791992 44
1711708385317 0.8419771790504456 45
1711708385580 0.8039312362670898 46
1711708385843 0.9296731352806091 47
1711708386074 0.799466609954834 48
1711708386334 0.7762076258659363 49
