1711708734727 6247.38623046875 0
1711708735064 1159.6800537109375 1
1711708735485 219.70289611816406 2
1711708735797 117.57600402832031 3
1711708736070 75.15512084960938 4
1711708736336 49.975807189941406 5
1711708736598 35.5142936706543 6
1711708736862 25.146488189697266 7
1711708737125 19.857784271240234 8
1711708737391 16.307876586914062 9
1711708737657 13.18155288696289 10
1711708737923 11.117889404296875 11
1711708738189 9.734848022460938 12
1711708738454 8.00589370727539 13
1711708738718 6.792230606079102 14
1711708738982 6.257081031799316 15
1711708739212 5.437721252441406 16
1711708739481 4.930788040161133 17
1711708739744 4.592660903930664 18
1711708740031 4.212622165679932 19
1711708740295 3.951092004776001 20
1711708740557 3.691774606704712 21
1711708740821 3.595226287841797 22
1711708741089 3.502216100692749 23
1711708741387 3.230889320373535 24
1711708741617 3.0986111164093018 25
1711708741878 3.117678165435791 26
1711708742143 3.0487923622131348 27
1711708742407 2.8874332904815674 28
1711708742671 2.8056490421295166 29
1711708742902 2.6557557582855225 30
1711708743162 2.566354274749756 31
1711708743392 2.5976550579071045 32
1711708743657 2.627192497253418 33
1711708743919 2.417400598526001 34
1711708744150 2.402513265609741 35
1711708744412 2.4154295921325684 36
1711708744643 2.5633180141448975 37
1711708744905 2.171271800994873 38
1711708745169 2.184910774230957 39
1711708745400 2.078228712081909 40
1711708745661 2.1144044399261475 41
1711708745889 2.1214585304260254 42
1711708746184 2.0575451850891113 43
