1711708734727 60.505462646484375 0
1711708735064 28.542987823486328 1
1711708735485 10.317818641662598 2
1711708735797 7.268707752227783 3
1711708736070 5.684900283813477 4
1711708736336 4.718127250671387 5
1711708736598 4.04403829574585 6
1711708736862 3.460803985595703 7
1711708737125 3.13664174079895 8
1711708737391 2.8654634952545166 9
1711708737657 2.5866081714630127 10
1711708737923 2.379340648651123 11
1711708738189 2.2627687454223633 12
1711708738454 2.026935577392578 13
1711708738718 1.8853727579116821 14
1711708738982 1.825737714767456 15
1711708739212 1.6992545127868652 16
1711708739481 1.6325912475585938 17
1711708739744 1.5818049907684326 18
1711708740031 1.5149935483932495 19
1711708740295 1.467353343963623 20
1711708740557 1.4166784286499023 21
1711708740821 1.4065277576446533 22
1711708741089 1.3902236223220825 23
1711708741387 1.336662769317627 24
1711708741617 1.3085029125213623 25
1711708741878 1.3138798475265503 26
1711708742143 1.305495262145996 27
1711708742407 1.2596453428268433 28
1711708742671 1.246915578842163 29
1711708742902 1.2056267261505127 30
1711708743162 1.1858588457107544 31
1711708743392 1.2043700218200684 32
1711708743657 1.2100614309310913 33
1711708743919 1.1500581502914429 34
1711708744150 1.1552085876464844 35
1711708744412 1.1590596437454224 36
1711708744643 1.1976306438446045 37
1711708744905 1.0933804512023926 38
1711708745169 1.0977809429168701 39
1711708745400 1.0672094821929932 40
1711708745661 1.0787086486816406 41
1711708745889 1.0844440460205078 42
1711708746184 1.0696529150009155 43
