1711712084806 6153.62744140625 0
1711712085082 914.3312377929688 1
1711712085354 147.51739501953125 2
1711712085627 80.53209686279297 3
1711712085903 50.098934173583984 4
1711712086170 32.709571838378906 5
1711712086436 23.441499710083008 6
1711712086703 17.750947952270508 7
1711712086975 13.794137001037598 8
1711712087239 11.103839874267578 9
1711712087507 9.10148811340332 10
1711712087776 7.5665812492370605 11
1711712088045 6.54672384262085 12
1711712088312 5.725099086761475 13
1711712088551 4.9804368019104 14
1711712088853 4.382513046264648 15
1711712089132 3.9874703884124756 16
1711712089402 3.7269294261932373 17
1711712089669 3.4350216388702393 18
1711712089938 3.4594271183013916 19
1711712090218 3.0152480602264404 20
1711712090450 2.8682711124420166 21
1711712090718 2.805969476699829 22
1711712090962 2.6953988075256348 23
1711712091227 2.3243887424468994 24
1711712091496 2.107130527496338 25
1711712091763 2.124391794204712 26
1711712091999 2.041030168533325 27
1711712092235 1.9742978811264038 28
