1711712084806 60.22041702270508 0
1711712085082 23.911531448364258 1
1711712085354 8.440058708190918 2
1711712085627 5.912039756774902 3
1711712085903 4.672929286956787 4
1711712086170 3.879666805267334 5
1711712086436 3.381892681121826 6
1711712086703 2.9792556762695312 7
1711712086975 2.653968334197998 8
1711712087239 2.377870559692383 9
1711712087507 2.1604886054992676 10
1711712087776 1.992498755455017 11
1711712088045 1.866447925567627 12
1711712088312 1.7537199258804321 13
1711712088551 1.6535325050354004 14
1711712088853 1.5397202968597412 15
1711712089132 1.4818050861358643 16
1711712089402 1.4427411556243896 17
1711712089669 1.389835238456726 18
1711712089938 1.3978486061096191 19
1711712090218 1.30372953414917 20
1711712090450 1.273451566696167 21
1711712090718 1.261796474456787 22
1711712090962 1.2431588172912598 23
1711712091227 1.1450321674346924 24
1711712091496 1.0919181108474731 25
1711712091763 1.1028965711593628 26
1711712091999 1.077684760093689 27
1711712092235 1.0585092306137085 28
