1711957845911 6114.69189453125 0
1711957846140 795.288330078125 1
1711957846379 163.05604553222656 2
1711957846605 92.91532897949219 3
1711957846832 56.396671295166016 4
1711957847059 37.7237663269043 5
1711957847286 28.574466705322266 6
1711957847512 22.324308395385742 7
1711957847738 17.891969680786133 8
1711957847964 14.463125228881836 9
1711957848191 11.731474876403809 10
1711957848418 8.964813232421875 11
1711957848645 7.603784084320068 12
1711957848871 6.338263034820557 13
1711957849097 5.466209888458252 14
1711957849325 5.005997180938721 15
1711957849550 4.654736518859863 16
1711957849775 4.2445878982543945 17
1711957850001 3.9815869331359863 18
1711957850228 3.633406162261963 19
1711957850455 3.557137966156006 20
1711957850681 3.2220299243927 21
1711957850906 3.0073554515838623 22
1711957851152 2.94620418548584 23
1711957851393 2.7763373851776123 24
1711957851624 2.7488412857055664 25
1711957851842 2.5117976665496826 26
1711957852059 2.348599433898926 27
1711957852287 2.1705963611602783 28
1711957852513 2.229363203048706 29
1711957852731 1.9505062103271484 30
1711957852949 1.8797638416290283 31
