1711957845911 60.037479400634766 0
1711957846140 21.86306381225586 1
1711957846379 9.00292682647705 2
1711957846605 6.363074779510498 3
1711957846832 4.864346504211426 4
1711957847059 4.1001739501953125 5
1711957847286 3.6744320392608643 6
1711957847512 3.298326015472412 7
1711957847738 2.9645752906799316 8
1711957847964 2.681619167327881 9
1711957848191 2.4190802574157715 10
1711957848418 2.1062729358673096 11
1711957848645 1.9594496488571167 12
1711957848871 1.819014072418213 13
1711957849097 1.6856904029846191 14
1711957849325 1.6428956985473633 15
1711957849550 1.5908935070037842 16
1711957849775 1.523179531097412 17
1711957850001 1.4841461181640625 18
1711957850228 1.4154874086380005 19
1711957850455 1.407629132270813 20
1711957850681 1.34259831905365 21
1711957850906 1.2959386110305786 22
1711957851152 1.2865943908691406 23
1711957851393 1.2527700662612915 24
1711957851624 1.2476948499679565 25
1711957851842 1.1875340938568115 26
1711957852059 1.1423850059509277 27
1711957852287 1.1020921468734741 28
1711957852513 1.1195056438446045 29
1711957852731 1.0481224060058594 30
1711957852949 1.029617428779602 31
