1711709503026 5927.24365234375 0
1711709503350 514.2474975585938 1
1711709503623 116.554931640625 2
1711709503892 66.15615844726562 3
1711709504158 42.066036224365234 4
1711709504422 30.424713134765625 5
1711709504691 24.335742950439453 6
1711709504967 19.935834884643555 7
1711709505238 16.65972900390625 8
1711709505500 14.279278755187988 9
1711709505768 12.669099807739258 10
1711709506039 10.958573341369629 11
1711709506326 9.574743270874023 12
1711709506591 8.72945785522461 13
1711709506901 7.816057205200195 14
1711709507174 6.764979839324951 15
1711709507446 6.160802841186523 16
1711709507722 5.550967216491699 17
1711709507994 5.122714042663574 18
1711709508269 4.601322650909424 19
1711709508536 4.0599141120910645 20
1711709508808 3.8686559200286865 21
1711709509117 3.4649930000305176 22
1711709509399 3.2827236652374268 23
1711709509689 3.102839708328247 24
1711709509923 2.9689791202545166 25
1711709510226 2.860534429550171 26
1711709510551 2.5112268924713135 27
1711709510893 2.3578178882598877 28
1711709511208 2.3134355545043945 29
1711709511456 2.255178451538086 30
1711709511725 1.9709279537200928 31
1711709511988 1.8819160461425781 32
1711709512255 1.8072158098220825 33
1711709512494 1.6990562677383423 34
1711709512762 1.581089735031128 35
1711709513031 1.4225430488586426 36
1711709513303 1.4825553894042969 37
1711709513533 1.341742753982544 38
1711709513770 1.2936855554580688 39
