1711709503026 58.64052200317383 0
1711709503350 16.51422119140625 1
1711709503623 7.348771095275879 2
1711709503892 5.296222686767578 3
1711709504158 4.277892112731934 4
1711709504422 3.785541296005249 5
1711709504691 3.4630725383758545 6
1711709504967 3.1594743728637695 7
1711709505238 2.896672010421753 8
1711709505500 2.7021281719207764 9
1711709505768 2.568007230758667 10
1711709506039 2.3927810192108154 11
1711709506326 2.239029884338379 12
1711709506591 2.1511640548706055 13
1711709506901 2.042231559753418 14
1711709507174 1.9004124402999878 15
1711709507446 1.8130725622177124 16
1711709507722 1.733459711074829 17
1711709507994 1.669258952140808 18
1711709508269 1.5878492593765259 19
1711709508536 1.4889297485351562 20
1711709508808 1.4678364992141724 21
1711709509117 1.3776817321777344 22
1711709509399 1.345040202140808 23
1711709509689 1.318056583404541 24
1711709509923 1.2862567901611328 25
1711709510226 1.2696655988693237 26
1711709510551 1.1740483045578003 27
1711709510893 1.138616681098938 28
1711709511208 1.1392245292663574 29
1711709511456 1.1236473321914673 30
1711709511725 1.0466437339782715 31
1711709511988 1.0244622230529785 32
1711709512255 1.0070266723632812 33
1711709512494 0.9735031127929688 34
1711709512762 0.9410067796707153 35
1711709513031 0.8892839550971985 36
1711709513303 0.9133718013763428 37
1711709513533 0.867219865322113 38
1711709513770 0.853053867816925 39
