1711709482677 6358.87744140625 0
1711709482950 1055.254150390625 1
1711709483229 168.49717712402344 2
1711709483495 97.42549896240234 3
1711709483764 65.60567474365234 4
1711709484035 44.85872268676758 5
1711709484301 31.420461654663086 6
1711709484572 21.780668258666992 7
1711709484841 16.673500061035156 8
1711709485106 13.458343505859375 9
1711709485375 11.120589256286621 10
1711709485648 9.281962394714355 11
1711709485917 7.829816818237305 12
1711709486185 6.684557914733887 13
1711709486455 5.983581066131592 14
1711709486722 5.279022693634033 15
1711709486954 4.655646800994873 16
1711709487226 4.307988166809082 17
1711709487493 4.024174690246582 18
1711709487759 3.554311990737915 19
1711709488028 3.425248146057129 20
1711709488299 3.1307077407836914 21
1711709488570 2.9185891151428223 22
1711709488894 2.6935245990753174 23
1711709489166 2.5196611881256104 24
1711709489430 2.3616185188293457 25
1711709489701 2.1614608764648438 26
1711709489967 2.0349087715148926 27
1711709490205 2.097033739089966 28
1711709490469 1.9275765419006348 29
1711709490740 1.7757185697555542 30
1711709490971 1.728416085243225 31
1711709491243 1.6163101196289062 32
1711709491509 1.5367248058319092 33
1711709491748 1.4828342199325562 34
1711709492013 1.2870184183120728 35
1711709492252 1.2873406410217285 36
1711709492516 1.3385382890701294 37
1711709492784 1.200711727142334 38
1711709493056 1.1542398929595947 39
1711709493293 1.1292201280593872 40
1711709493558 1.0632343292236328 41
1711709493827 1.026781678199768 42
1711709494060 1.0331975221633911 43
1711709494330 0.9430477619171143 44
1711709494565 0.9342055320739746 45
1711709494799 0.9311238527297974 46
1711709495061 0.8962762355804443 47
1711709495297 0.9138619899749756 48
1711709495564 0.8355293869972229 49
