1711709482677 61.144874572753906 0
1711709482950 26.124500274658203 1
1711709483229 9.153376579284668 2
1711709483495 6.716224670410156 3
1711709483764 5.473974227905273 4
1711709484035 4.535764217376709 5
1711709484301 3.8407483100891113 6
1711709484572 3.2511603832244873 7
1711709484841 2.900033473968506 8
1711709485106 2.6219706535339355 9
1711709485375 2.4060258865356445 10
1711709485648 2.2029011249542236 11
1711709485917 2.031975269317627 12
1711709486185 1.8829624652862549 13
1711709486455 1.7999076843261719 14
1711709486722 1.6985517740249634 15
1711709486954 1.5919749736785889 16
1711709487226 1.546464443206787 17
1711709487493 1.4977024793624878 18
1711709487759 1.4081737995147705 19
1711709488028 1.3870986700057983 20
1711709488299 1.3264579772949219 21
1711709488570 1.2838128805160522 22
1711709488894 1.2262754440307617 23
1711709489166 1.1947311162948608 24
1711709489430 1.158429503440857 25
1711709489701 1.1059867143630981 26
1711709489967 1.0789700746536255 27
1711709490205 1.0989075899124146 28
1711709490469 1.0545061826705933 29
1711709490740 1.0155047178268433 30
1711709490971 0.9960960745811462 31
1711709491243 0.9725818037986755 32
1711709491509 0.9472948312759399 33
1711709491748 0.9286948442459106 34
1711709492013 0.8622986078262329 35
1711709492252 0.8687496185302734 36
1711709492516 0.8853377103805542 37
1711709492784 0.8358900547027588 38
1711709493056 0.8245750069618225 39
1711709493293 0.8166086077690125 40
1711709493558 0.7894915342330933 41
1711709493827 0.7826002240180969 42
1711709494060 0.7787846922874451 43
1711709494330 0.7509061098098755 44
1711709494565 0.7432074546813965 45
1711709494799 0.7426874041557312 46
1711709495061 0.7282668352127075 47
1711709495297 0.7408134937286377 48
1711709495564 0.7023506164550781 49
