1711708657834 5635.47314453125 0
1711708658181 712.0078125 1
1711708658451 142.67581176757812 2
1711708658717 86.0962142944336 3
1711708658985 53.8335075378418 4
1711708659248 34.212703704833984 5
1711708659519 24.390186309814453 6
1711708659784 18.52696990966797 7
1711708660051 15.080831527709961 8
1711708660317 12.286179542541504 9
1711708660584 10.146075248718262 10
1711708660851 8.473763465881348 11
1711708661120 7.379002094268799 12
1711708661386 6.378258228302002 13
1711708661615 5.907596111297607 14
1711708661946 5.098479747772217 15
1711708662190 4.866729259490967 16
1711708662456 4.420382022857666 17
1711708662723 4.069073677062988 18
1711708662992 4.051844120025635 19
1711708663224 3.5319790840148926 20
1711708663456 3.634673595428467 21
1711708663717 3.157224655151367 22
1711708663985 3.0818421840667725 23
1711708664250 2.927729845046997 24
1711708664517 2.926621913909912 25
1711708664783 2.7910523414611816 26
1711708665062 2.6706368923187256 27
1711708665293 2.291783332824707 28
1711708665525 2.2252659797668457 29
1711708665794 2.0694661140441895 30
1711708666059 1.9987752437591553 31
1711708666324 1.8889453411102295 32
1711708666600 1.8795408010482788 33
1711708666864 1.5943266153335571 34
1711708667096 1.5564541816711426 35
1711708667378 1.5219252109527588 36
1711708667608 1.5019423961639404 37
1711708667889 1.3062946796417236 38
1711708668151 1.2844266891479492 39
1711708668388 1.231555461883545 40
1711708668650 1.2354328632354736 41
1711708668880 1.2047439813613892 42
1711708669190 1.1275731325149536 43
1711708669455 0.9779699444770813 44
1711708669686 0.9577990770339966 45
1711708669918 1.069787621498108 46
1711708670183 0.8353855013847351 47
1711708670447 0.9229210615158081 48
1711708670713 0.8042995929718018 49
