1711708657834 57.45539855957031 0
1711708658181 20.723312377929688 1
1711708658451 8.227764129638672 2
1711708658717 6.186841011047363 3
1711708658985 4.850595474243164 4
1711708659248 3.969432830810547 5
1711708659519 3.4494969844818115 6
1711708659784 3.0686166286468506 7
1711708660051 2.805769443511963 8
1711708660317 2.5428872108459473 9
1711708660584 2.313089370727539 10
1711708660851 2.125385046005249 11
1711708661120 1.9947720766067505 12
1711708661386 1.875731348991394 13
1711708661615 1.8119875192642212 14
1711708661946 1.678624153137207 15
1711708662190 1.6594754457473755 16
1711708662456 1.5791689157485962 17
1711708662723 1.5141483545303345 18
1711708662992 1.5192742347717285 19
1711708663224 1.4150335788726807 20
1711708663456 1.444164514541626 21
1711708663717 1.3356493711471558 22
1711708663985 1.3230364322662354 23
1711708664250 1.2874901294708252 24
1711708664517 1.2926560640335083 25
1711708664783 1.265288233757019 26
1711708665062 1.2400269508361816 27
1711708665293 1.1411759853363037 28
1711708665525 1.1284606456756592 29
1711708665794 1.0869287252426147 30
1711708666059 1.0669705867767334 31
1711708666324 1.038240671157837 32
1711708666600 1.0346086025238037 33
1711708666864 0.9449862837791443 34
1711708667096 0.939917802810669 35
1711708667378 0.9337774515151978 36
1711708667608 0.9247515797615051 37
1711708667889 0.8553798198699951 38
1711708668151 0.8519681692123413 39
1711708668388 0.8353642821311951 40
1711708668650 0.8369088768959045 41
1711708668880 0.8343006372451782 42
1711708669190 0.7990911602973938 43
1711708669455 0.7432329058647156 44
1711708669686 0.7342551350593567 45
1711708669918 0.7799432873725891 46
1711708670183 0.6854953765869141 47
1711708670447 0.7317409515380859 48
1711708670713 0.6740294098854065 49
