1711711335627 56.72581481933594 0
1711711335901 20.569137573242188 1
1711711336175 9.219781875610352 2
1711711336442 6.759981632232666 3
1711711336711 5.44407844543457 4
1711711337027 4.577001571655273 5
1711711337294 3.6383132934570312 6
1711711337563 3.2725930213928223 7
1711711337827 2.953096628189087 8
1711711338099 2.6691830158233643 9
1711711338407 2.401862144470215 10
1711711338676 2.219508409500122 11
1711711338944 2.0503365993499756 12
1711711339223 1.8698644638061523 13
1711711339491 1.7556970119476318 14
1711711339759 1.708011507987976 15
1711711340031 1.639810562133789 16
1711711340296 1.5689510107040405 17
1711711340565 1.5186253786087036 18
1711711340836 1.4995535612106323 19
1711711341099 1.4984831809997559 20
1711711341366 1.4504075050354004 21
1711711341636 1.4019615650177002 22
1711711341876 1.394373893737793 23
1711711342145 1.3649448156356812 24
1711711342412 1.3350037336349487 25
1711711342680 1.3143588304519653 26
1711711342915 1.3715108633041382 27
1711711343148 1.308472752571106 28
1711711343415 1.3058871030807495 29
1711711343684 1.2414870262145996 30
1711711343919 1.2194340229034424 31
1711711344187 1.291601300239563 32
1711711344454 1.2083462476730347 33
1711711344722 1.1479696035385132 34
1711711344960 1.2018158435821533 35
1711711345226 1.1213573217391968 36
1711711345497 1.1366075277328491 37
1711711345727 1.106277346611023 38
1711711345995 1.096860647201538 39
1711711346260 1.054049015045166 40
1711711346634 1.046142816543579 41
1711711346916 1.0362519025802612 42
1711711347166 0.9697559475898743 43
1711711347434 0.9690600633621216 44
1711711347702 0.965498685836792 45
1711711347989 0.9381201267242432 46
1711711348256 0.9107935428619385 47
1711711348527 0.8940039873123169 48
1711711348758 0.8645635843276978 49
