1711711335627 5575.72314453125 0
1711711335901 713.9401245117188 1
1711711336175 170.1228790283203 2
1711711336442 102.2978744506836 3
1711711336711 68.07637023925781 4
1711711337027 45.825233459472656 5
1711711337294 27.967239379882812 6
1711711337563 21.4577693939209 7
1711711337827 17.0888614654541 8
1711711338099 13.861482620239258 9
1711711338407 11.15893268585205 10
1711711338676 9.393150329589844 11
1711711338944 8.000326156616211 12
1711711339223 6.651700019836426 13
1711711339491 5.802041053771973 14
1711711339759 5.401013374328613 15
1711711340031 4.9491729736328125 16
1711711340296 4.525445461273193 17
1711711340565 4.195590972900391 18
1711711340836 4.0954437255859375 19
1711711341099 4.0495429039001465 20
1711711341366 3.7777884006500244 21
1711711341636 3.5754988193511963 22
1711711341876 3.5183870792388916 23
1711711342145 3.3684005737304688 24
1711711342412 3.2310478687286377 25
1711711342680 3.1431236267089844 26
1711711342915 3.3537280559539795 27
1711711343148 3.0957932472229004 28
1711711343415 3.0541553497314453 29
1711711343684 2.807983875274658 30
1711711343919 2.7058210372924805 31
1711711344187 2.9912796020507812 32
1711711344454 2.6331565380096436 33
1711711344722 2.4022834300994873 34
1711711344960 2.568751573562622 35
1711711345226 2.278944492340088 36
1711711345497 2.2986948490142822 37
1711711345727 2.1743698120117188 38
1711711345995 2.1385555267333984 39
1711711346260 2.0055923461914062 40
1711711346634 1.9554518461227417 41
1711711346916 1.913537859916687 42
1711711347166 1.7096221446990967 43
1711711347434 1.6882380247116089 44
1711711347702 1.6769144535064697 45
1711711347989 1.590909719467163 46
1711711348256 1.4937084913253784 47
1711711348527 1.4301090240478516 48
1711711348758 1.3479825258255005 49
