1711712669649 5886.9306640625 0
1711712669919 679.43408203125 1
1711712670195 119.13957977294922 2
1711712670464 68.85270690917969 3
1711712670793 45.7890510559082 4
1711712671067 29.282466888427734 5
1711712671335 20.389453887939453 6
1711712671603 16.25983238220215 7
1711712671869 13.920333862304688 8
1711712672143 11.960501670837402 9
1711712672374 10.264440536499023 10
1711712672643 9.139379501342773 11
1711712672915 7.827430248260498 12
1711712673181 6.7252912521362305 13
1711712673450 6.130373954772949 14
1711712673719 5.467828273773193 15
1711712673990 5.056347846984863 16
1711712674225 4.5997209548950195 17
1711712674489 4.5420989990234375 18
1711712674727 4.3205108642578125 19
1711712674999 3.93027663230896 20
1711712675265 3.8784847259521484 21
1711712675503 3.8830790519714355 22
1711712675771 3.702960252761841 23
1711712676010 3.3766791820526123 24
1711712676278 3.2870657444000244 25
