1711712669649 58.96107482910156 0
1711712669919 19.413785934448242 1
1711712670195 7.656257152557373 2
1711712670464 5.72015380859375 3
1711712670793 4.7075581550598145 4
1711712671067 3.7821357250213623 5
1711712671335 3.1830766201019287 6
1711712671603 2.8902506828308105 7
1711712671869 2.6996073722839355 8
1711712672143 2.523825168609619 9
1711712672374 2.347729444503784 10
1711712672643 2.2210357189178467 11
1711712672915 2.0603387355804443 12
1711712673181 1.9116824865341187 13
1711712673450 1.8250950574874878 14
1711712673719 1.7279804944992065 15
1711712673990 1.6634207963943481 16
1711712674225 1.5827330350875854 17
1711712674489 1.5810099840164185 18
1711712674727 1.5430214405059814 19
1711712674999 1.4671489000320435 20
1711712675265 1.4657866954803467 21
1711712675503 1.4775283336639404 22
1711712675771 1.4360219240188599 23
1711712676010 1.3662388324737549 24
1711712676278 1.3533600568771362 25
