1711714751130 6352.529296875 0
1711714751403 932.6007080078125 1
1711714751675 137.08033752441406 2
1711714751957 81.63279724121094 3
1711714752231 48.046688079833984 4
1711714752501 31.61212158203125 5
1711714752771 23.580720901489258 6
1711714753042 18.7264461517334 7
1711714753312 15.039173126220703 8
1711714753583 12.538447380065918 9
1711714753854 9.780961990356445 10
1711714754123 7.836249828338623 11
1711714754392 6.4485697746276855 12
1711714754663 5.539272308349609 13
1711714754933 4.64487886428833 14
1711714755203 4.105966091156006 15
1711714755442 3.688227653503418 16
1711714755712 3.2260279655456543 17
1711714755982 3.016432762145996 18
1711714756256 2.6725552082061768 19
1711714756493 2.5549800395965576 20
1711714756764 2.3494138717651367 21
1711714757067 2.1125316619873047 22
1711714757332 2.047844886779785 23
1711714757605 1.8645477294921875 24
1711714757836 1.794010043144226 25
1711714758107 1.6415138244628906 26
1711714758344 1.5309346914291382 27
1711714758613 1.524202823638916 28
1711714758884 1.3839823007583618 29
1711714759116 1.3672837018966675 30
1711714759385 1.2147338390350342 31
1711714759656 1.1457481384277344 32
1711714759892 1.1681307554244995 33
1711714760124 1.146852970123291 34
1711714760393 1.02125084400177 35
1711714760630 0.9925501346588135 36
1711714760900 0.9705181121826172 37
1711714761176 0.8257062435150146 38
1711714761445 0.9088011384010315 39
1711714761678 0.8335381746292114 40
1711714761915 0.7282434701919556 41
1711714762186 0.722433865070343 42
1711714762454 0.7592282295227051 43
1711714762689 0.6295174360275269 44
1711714762979 0.6279528141021729 45
1711714763215 0.6917344331741333 46
1711714763452 0.5411369204521179 47
1711714763740 0.5348894000053406 48
1711714764017 0.4989517629146576 49
