1711714751130 61.36396408081055 0
1711714751403 24.167333602905273 1
1711714751675 8.100386619567871 2
1711714751957 6.025469779968262 3
1711714752231 4.470216751098633 4
1711714752501 3.7303922176361084 5
1711714752771 3.3278329372406006 6
1711714753042 3.015944719314575 7
1711714753312 2.724370241165161 8
1711714753583 2.5145397186279297 9
1711714753854 2.2090723514556885 10
1711714754123 1.985663890838623 11
1711714754392 1.8158390522003174 12
1711714754663 1.6980690956115723 13
1711714754933 1.5553933382034302 14
1711714755203 1.4672986268997192 15
1711714755442 1.3950730562210083 16
1711714755712 1.3074145317077637 17
1711714755982 1.257299780845642 18
1711714756256 1.1857125759124756 19
1711714756493 1.1705926656723022 20
1711714756764 1.116854190826416 21
1711714757067 1.049863338470459 22
1711714757332 1.046447515487671 23
1711714757605 0.9978141188621521 24
1711714757836 0.9856393337249756 25
1711714758107 0.933578610420227 26
1711714758344 0.9064174294471741 27
1711714758613 0.905120849609375 28
1711714758884 0.8681485056877136 29
1711714759116 0.8615935444831848 30
1711714759385 0.8070101141929626 31
1711714759656 0.7918345332145691 32
1711714759892 0.8040916919708252 33
1711714760124 0.8020313382148743 34
1711714760393 0.7574648261070251 35
1711714760630 0.7454795837402344 36
1711714760900 0.7355833649635315 37
1711714761176 0.6741161942481995 38
1711714761445 0.7155704498291016 39
1711714761678 0.6880753040313721 40
1711714761915 0.6358696222305298 41
1711714762186 0.6342648267745972 42
1711714762454 0.6530042290687561 43
1711714762689 0.5912121534347534 44
1711714762979 0.5959276556968689 45
1711714763215 0.6240290403366089 46
1711714763452 0.5479207038879395 47
1711714763740 0.548774242401123 48
1711714764017 0.5297321081161499 49
