1711712682716 5839.4228515625 0
1711712682986 539.0087280273438 1
1711712683258 122.32292938232422 2
1711712683530 76.1670150756836 3
1711712683798 50.587127685546875 4
1711712684067 33.838035583496094 5
1711712684379 24.446252822875977 6
1711712684648 19.448408126831055 7
1711712684916 16.270923614501953 8
1711712685186 14.241570472717285 9
1711712685453 12.741671562194824 10
1711712685724 11.649495124816895 11
1711712685994 10.416472434997559 12
1711712686264 9.129286766052246 13
1711712686531 8.112042427062988 14
1711712686802 7.445580005645752 15
1711712687031 6.789315223693848 16
1711712687301 6.173843860626221 17
1711712687572 5.977619647979736 18
1711712687836 5.47752046585083 19
1711712688103 5.059751510620117 20
1711712688372 4.705809593200684 21
1711712688637 4.417654037475586 22
1711712688904 4.280306816101074 23
1711712689173 4.179207801818848 24
1711712689405 3.900583028793335 25
1711712689674 3.599159002304077 26
1711712689938 3.38684344291687 27
1711712690206 3.2782301902770996 28
1711712690478 2.980813503265381 29
1711712690713 3.0569701194763184 30
1711712690991 2.5757317543029785 31
1711712691229 2.4844300746917725 32
1711712691540 2.3704652786254883 33
1711712691780 2.2572591304779053 34
1711712692046 1.9235634803771973 35
1711712692281 2.109078884124756 36
1711712692549 2.006434440612793 37
1711712692819 1.7470858097076416 38
1711712693117 1.7339760065078735 39
1711712693384 1.5005182027816772 40
1711712693623 1.4238241910934448 41
1711712693888 1.3835703134536743 42
1711712694156 1.442246437072754 43
1711712694391 1.31566321849823 44
1711712694662 1.1722559928894043 45
1711712694927 1.165249228477478 46
1711712695167 1.2121012210845947 47
1711712695435 1.0104491710662842 48
