1711712682716 58.16054153442383 0
1711712682986 17.201932907104492 1
1711712683258 7.7076921463012695 2
1711712683530 6.052433490753174 3
1711712683798 4.938938140869141 4
1711712684067 4.033604621887207 5
1711712684379 3.4835822582244873 6
1711712684648 3.1827752590179443 7
1711712684916 2.9513490200042725 8
1711712685186 2.7766692638397217 9
1711712685453 2.649564266204834 10
1711712685724 2.541424036026001 11
1711712685994 2.400322675704956 12
1711712686264 2.2437124252319336 13
1711712686531 2.111738920211792 14
1711712686802 2.0262041091918945 15
1711712687031 1.9319372177124023 16
1711712687301 1.848212480545044 17
1711712687572 1.8273701667785645 18
1711712687836 1.7444452047348022 19
1711712688103 1.678589940071106 20
1711712688372 1.6153523921966553 21
1711712688637 1.5682955980300903 22
1711712688904 1.5406004190444946 23
1711712689173 1.5307024717330933 24
1711712689405 1.4794747829437256 25
1711712689674 1.423855185508728 26
1711712689938 1.3738592863082886 27
1711712690206 1.3627899885177612 28
1711712690478 1.2930715084075928 29
1711712690713 1.315630316734314 30
1711712690991 1.2007237672805786 31
1711712691229 1.1811087131500244 32
1711712691540 1.155360221862793 33
1711712691780 1.1275421380996704 34
1711712692046 1.0299931764602661 35
1711712692281 1.0911474227905273 36
1711712692549 1.0627025365829468 37
1711712692819 0.9941177368164062 38
1711712693117 0.993558943271637 39
1711712693384 0.9195660352706909 40
1711712693623 0.8917823433876038 41
1711712693888 0.8830209374427795 42
1711712694156 0.8997211456298828 43
1711712694391 0.8682570457458496 44
1711712694662 0.8123754262924194 45
1711712694927 0.8106070160865784 46
1711712695167 0.832758903503418 47
1711712695435 0.7562897205352783 48
