1711708480578 5850.3251953125 0
1711708480845 600.3850708007812 1
1711708481112 126.30988311767578 2
1711708481383 69.03651428222656 3
1711708481646 42.18503189086914 4
1711708481913 28.01439094543457 5
1711708482228 21.1227970123291 6
1711708482502 17.3547306060791 7
1711708482771 14.970574378967285 8
1711708483039 12.991196632385254 9
1711708483302 11.722663879394531 10
1711708483570 10.034393310546875 11
1711708483838 8.631205558776855 12
1711708484108 7.728806018829346 13
1711708484375 7.105367183685303 14
1711708484643 6.255171298980713 15
1711708484911 6.256512641906738 16
1711708485147 5.5435686111450195 17
1711708485411 5.12460470199585 18
1711708485677 4.9461164474487305 19
1711708485942 4.562266826629639 20
1711708486207 4.646551132202148 21
1711708486437 4.073408603668213 22
1711708486701 4.195874214172363 23
1711708486932 3.9296939373016357 24
1711708487194 3.8126916885375977 25
