1711708480578 58.426998138427734 0
1711708480845 18.08898162841797 1
1711708481112 7.834844589233398 2
1711708481383 5.519191265106201 3
1711708481646 4.313923358917236 4
1711708481913 3.5967540740966797 5
1711708482228 3.2421464920043945 6
1711708482502 2.9840166568756104 7
1711708482771 2.800482988357544 8
1711708483039 2.622267723083496 9
1711708483302 2.5069375038146973 10
1711708483570 2.3067967891693115 11
1711708483838 2.1401290893554688 12
1711708484108 2.023343801498413 13
1711708484375 1.9440126419067383 14
1711708484643 1.8223744630813599 15
1711708484911 1.8488245010375977 16
1711708485147 1.7360508441925049 17
1711708485411 1.6695774793624878 18
1711708485677 1.6441706418991089 19
1711708485942 1.5853190422058105 20
1711708486207 1.6101958751678467 21
1711708486437 1.4942095279693604 22
1711708486701 1.524540662765503 23
1711708486932 1.480636715888977 24
1711708487194 1.4531967639923096 25
