1711958649472 56.67514419555664 0
1711958649768 17.398540496826172 1
1711958650039 7.487127304077148 2
1711958650342 5.345332145690918 3
1711958650606 4.101033687591553 4
1711958650869 3.580613136291504 5
1711958651132 3.221825122833252 6
1711958651396 2.977567434310913 7
1711958651659 2.7373244762420654 8
1711958651922 2.5505502223968506 9
1711958652185 2.359816789627075 10
1711958652454 2.2058827877044678 11
1711958652717 2.085489273071289 12
1711958652979 1.9526114463806152 13
1711958653242 1.8480242490768433 14
1711958653505 1.809814453125 15
1711958653768 1.7408394813537598 16
1711958654031 1.6352781057357788 17
1711958654294 1.6490530967712402 18
1711958654557 1.5903440713882446 19
1711958654819 1.5620707273483276 20
1711958655047 1.5541609525680542 21
1711958655309 1.5050264596939087 22
1711958655572 1.469427466392517 23
1711958655835 1.4717413187026978 24
1711958656063 1.4256081581115723 25
1711958656326 1.405102252960205 26
1711958656554 1.3993602991104126 27
1711958656817 1.3710161447525024 28
1711958657086 1.3505632877349854 29
1711958657355 1.296858310699463 30
1711958657583 1.3419324159622192 31
1711958657845 1.2951462268829346 32
1711958658072 1.2561427354812622 33
1711958658335 1.2299054861068726 34
1711958658563 1.1906969547271729 35
1711958658790 1.1601313352584839 36
