1711958649472 5552.30419921875 0
1711958649768 552.1968383789062 1
1711958650039 112.60144805908203 2
1711958650342 62.38057327270508 3
1711958650606 37.25700378417969 4
1711958650869 27.051362991333008 5
1711958651132 21.106966018676758 6
1711958651396 17.499309539794922 7
1711958651659 14.583758354187012 8
1711958651922 12.583701133728027 9
1711958652185 10.565135955810547 10
1711958652454 9.132036209106445 11
1711958652717 8.050579071044922 12
1711958652979 6.986246109008789 13
1711958653242 6.2058563232421875 14
1711958653505 5.845210552215576 15
1711958653768 5.387276649475098 16
1711958654031 4.758792400360107 17
1711958654294 4.745612621307373 18
1711958654557 4.422700881958008 19
1711958654819 4.251887798309326 20
1711958655047 4.168371200561523 21
1711958655309 3.905186653137207 22
1711958655572 3.7412242889404297 23
1711958655835 3.758793830871582 24
1711958656063 3.5100536346435547 25
1711958656326 3.429652214050293 26
1711958656554 3.3882458209991455 27
1711958656817 3.2567431926727295 28
1711958657086 3.1801652908325195 29
1711958657355 2.9477689266204834 30
1711958657583 3.1313557624816895 31
1711958657845 2.9146840572357178 32
1711958658072 2.7529795169830322 33
1711958658335 2.6606597900390625 34
1711958658563 2.4979026317596436 35
1711958658790 2.376561164855957 36
