1711708408027 5880.748046875 0
1711708408296 795.853759765625 1
1711708408564 140.1752166748047 2
1711708408830 83.75457000732422 3
1711708409096 54.818260192871094 4
1711708409421 36.779701232910156 5
1711708409686 28.02799415588379 6
1711708409960 22.096267700195312 7
1711708410223 18.269912719726562 8
1711708410490 14.483861923217773 9
1711708410753 11.251463890075684 10
1711708411020 8.704105377197266 11
1711708411285 7.199916839599609 12
1711708411563 5.872592449188232 13
1711708411835 4.9973602294921875 14
1711708412102 4.454030990600586 15
1711708412419 4.172036170959473 16
1711708412692 3.8279619216918945 17
1711708412977 3.6487503051757812 18
1711708413238 3.450737237930298 19
1711708413508 3.138078451156616 20
1711708413772 3.013899803161621 21
1711708414003 2.81012225151062 22
1711708414269 2.788743495941162 23
1711708414535 2.601597547531128 24
1711708414804 2.4043397903442383 25
1711708415040 2.2729077339172363 26
1711708415327 2.2201712131500244 27
1711708415899 2.045107126235962 28
1711708416583 2.0978710651397705 29
1711708417307 1.7621411085128784 30
1711708417623 1.6911234855651855 31
1711708417889 1.708490252494812 32
1711708418117 1.7356003522872925 33
1711708418372 1.5110338926315308 34
1711708418630 1.3491061925888062 35
1711708418892 1.380630612373352 36
1711708419123 1.19971764087677 37
1711708419381 1.3786910772323608 38
1711708419643 1.1285090446472168 39
1711708419904 1.0918388366699219 40
1711708420162 1.106690526008606 41
1711708420394 0.9582709670066833 42
1711708420655 0.9982376098632812 43
1711708420909 0.9610071778297424 44
1711708421173 0.8784257769584656 45
1711708421430 0.8705263137817383 46
1711708421663 0.9591336846351624 47
1711708421919 0.8160117864608765 48
1711708422152 0.7147037386894226 49
