1711708408027 59.03694152832031 0
1711708408296 22.046525955200195 1
1711708408564 8.094979286193848 2
1711708408830 5.897835731506348 3
1711708409096 4.781503677368164 4
1711708409421 4.000768661499023 5
1711708409686 3.6496224403381348 6
1711708409960 3.300630807876587 7
1711708410223 3.0380563735961914 8
1711708410490 2.7049856185913086 9
1711708410753 2.3752012252807617 10
1711708411020 2.0948638916015625 11
1711708411285 1.9184077978134155 12
1711708411563 1.7458455562591553 13
1711708411835 1.6145230531692505 14
1711708412102 1.537505030632019 15
1711708412419 1.495562195777893 16
1711708412692 1.4399183988571167 17
1711708412977 1.4104325771331787 18
1711708413238 1.3760254383087158 19
1711708413508 1.3113313913345337 20
1711708413772 1.2917052507400513 21
1711708414003 1.2411582469940186 22
1711708414269 1.2507389783859253 23
1711708414535 1.2033528089523315 24
1711708414804 1.1548247337341309 25
1711708415040 1.1254918575286865 26
1711708415327 1.1177334785461426 27
1711708415899 1.070085048675537 28
1711708416583 1.0916444063186646 29
1711708417307 0.9936264157295227 30
1711708417623 0.9786794185638428 31
1711708417889 0.9812985062599182 32
1711708418117 1.0025835037231445 33
1711708418372 0.9290602803230286 34
1711708418630 0.8775290846824646 35
1711708418892 0.8884739279747009 36
1711708419123 0.8250755071640015 37
1711708419381 0.8908131718635559 38
1711708419643 0.8045399785041809 39
1711708419904 0.7928570508956909 40
1711708420162 0.8018137216567993 41
1711708420394 0.7398824095726013 42
1711708420655 0.7560263276100159 43
1711708420909 0.7468619346618652 44
1711708421173 0.7157959342002869 45
1711708421430 0.7118464112281799 46
1711708421663 0.7504271864891052 47
1711708421919 0.6879104375839233 48
1711708422152 0.6420398354530334 49
