1711710763924 5806.275390625 0
1711710764196 742.0592041015625 1
1711710764464 152.96791076660156 2
1711710764731 90.84915161132812 3
1711710765004 57.1860237121582 4
1711710765271 35.79804611206055 5
1711710765537 24.104045867919922 6
1711710765800 18.074369430541992 7
1711710766067 14.91338062286377 8
1711710766336 12.246546745300293 9
1711710766600 10.811345100402832 10
1711710766877 9.557257652282715 11
1711710767145 8.482999801635742 12
1711710767410 8.04669189453125 13
1711710767684 7.286317348480225 14
1711710767951 6.8349738121032715 15
1711710768209 6.262136459350586 16
1711710768479 5.981723308563232 17
1711710768743 5.681180000305176 18
1711710769006 5.427588939666748 19
1711710769301 5.121501445770264 20
1711710769531 4.969564437866211 21
1711710769802 4.738290309906006 22
1711710770035 4.332657814025879 23
1711710770298 4.410100936889648 24
1711710770565 4.108749866485596 25
1711710770797 3.8117806911468506 26
1711710771057 3.550689220428467 27
1711710771324 3.444706678390503 28
1711710771589 3.4158859252929688 29
1711710771823 3.215615749359131 30
1711710772083 3.1304399967193604 31
1711710772315 3.0299031734466553 32
1711710772582 2.904468059539795 33
1711710772845 2.7477409839630127 34
1711710773111 2.6668200492858887 35
1711710773346 2.5554630756378174 36
1711710773577 2.7584688663482666 37
