1711710763924 58.4061393737793 0
1711710764196 20.864336013793945 1
1711710764464 8.720746040344238 2
1711710764731 6.341331958770752 3
1711710765004 4.9138970375061035 4
1711710765271 3.8721981048583984 5
1711710765537 3.2782585620880127 6
1711710765800 2.9452409744262695 7
1711710766067 2.7068963050842285 8
1711710766336 2.451573371887207 9
1711710766600 2.319166421890259 10
1711710766877 2.1931467056274414 11
1711710767145 2.0556857585906982 12
1711710767410 2.0233123302459717 13
1711710767684 1.9368979930877686 14
1711710767951 1.8858907222747803 15
1711710768209 1.8051224946975708 16
1711710768479 1.7664581537246704 17
1711710768743 1.729563593864441 18
1711710769006 1.6948378086090088 19
1711710769301 1.6419625282287598 20
1711710769531 1.623949646949768 21
1711710769802 1.5900542736053467 22
1711710770035 1.507317304611206 23
1711710770298 1.54049551486969 24
1711710770565 1.4827550649642944 25
1711710770797 1.430527687072754 26
1711710771057 1.3785160779953003 27
1711710771324 1.3627797365188599 28
1711710771589 1.3595733642578125 29
1711710771823 1.3178014755249023 30
1711710772083 1.3031412363052368 31
1711710772315 1.2797681093215942 32
1711710772582 1.2600722312927246 33
1711710772845 1.2221277952194214 34
1711710773111 1.1972299814224243 35
1711710773346 1.1755967140197754 36
1711710773577 1.2408347129821777 37
