1711711110922 6506.89501953125 0
1711711111313 1043.5557861328125 1
1711711111727 150.36695861816406 2
1711711112054 82.36480712890625 3
1711711112325 53.335365295410156 4
1711711112592 35.67704391479492 5
1711711112859 26.47783088684082 6
1711711113122 21.009862899780273 7
1711711113392 17.708467483520508 8
1711711113626 14.735504150390625 9
1711711113891 12.599506378173828 10
1711711114159 10.807868957519531 11
1711711114422 9.41274356842041 12
1711711114691 8.1802339553833 13
1711711114961 7.4465227127075195 14
1711711115228 7.192039489746094 15
1711711115492 6.655197620391846 16
1711711115727 6.244102954864502 17
1711711115993 5.982987880706787 18
1711711116257 5.950590133666992 19
1711711116569 5.488929271697998 20
1711711116913 5.7437286376953125 21
1711711117224 5.222915172576904 22
1711711117504 4.8914289474487305 23
1711711117777 4.729325294494629 24
1711711118033 4.802264213562012 25
1711711118299 4.303119659423828 26
1711711118563 4.0247039794921875 27
1711711118831 3.8392908573150635 28
1711711119060 3.6759793758392334 29
1711711119325 3.567814826965332 30
1711711119595 3.317323684692383 31
1711711119825 3.5194315910339355 32
1711711120088 2.7952396869659424 33
1711711120316 2.814601182937622 34
1711711120581 2.581676483154297 35
1711711120874 2.660590410232544 36
1711711121139 2.1266028881073 37
1711711121371 2.150184392929077 38
1711711121598 2.07798433303833 39
1711711121865 1.767059087753296 40
1711711122127 1.5818179845809937 41
1711711122364 1.6331521272659302 42
1711711122626 1.5472413301467896 43
