1711711110922 62.4084358215332 0
1711711111313 25.757183074951172 1
1711711111727 8.51024341583252 2
1711711112054 5.953303813934326 3
1711711112325 4.846439838409424 4
1711711112592 4.060014724731445 5
1711711112859 3.5776941776275635 6
1711711113122 3.2529115676879883 7
1711711113392 3.009798049926758 8
1711711113626 2.770188331604004 9
1711711113891 2.5670926570892334 10
1711711114159 2.3728737831115723 11
1711711114422 2.2135918140411377 12
1711711114691 2.0617873668670654 13
1711711114961 1.9635761976242065 14
1711711115228 1.9490025043487549 15
1711711115492 1.883131742477417 16
1711711115727 1.8227715492248535 17
1711711115993 1.780548095703125 18
1711711116257 1.7924067974090576 19
1711711116569 1.709727168083191 20
1711711116913 1.7610865831375122 21
1711711117224 1.6709858179092407 22
1711711117504 1.6108020544052124 23
1711711117777 1.5893974304199219 24
1711711118033 1.612884521484375 25
1711711118299 1.5160610675811768 26
1711711118563 1.4540318250656128 27
1711711118831 1.4204250574111938 28
1711711119060 1.3928189277648926 29
1711711119325 1.3751895427703857 30
1711711119595 1.3176045417785645 31
1711711119825 1.3815616369247437 32
1711711120088 1.2031314373016357 33
1711711120316 1.2160481214523315 34
1711711120581 1.168639898300171 35
1711711120874 1.1986874341964722 36
1711711121139 1.0457844734191895 37
1711711121371 1.0719414949417114 38
1711711121598 1.0469187498092651 39
1711711121865 0.9611145257949829 40
1711711122127 0.9081190824508667 41
1711711122364 0.9312859177589417 42
1711711122626 0.9150726199150085 43
