1711713211589 6353.875 0
1711713211858 956.1334228515625 1
1711713212137 158.28558349609375 2
1711713212408 89.62437438964844 3
1711713212702 55.21791076660156 4
1711713212972 35.04286575317383 5
1711713213285 24.83110237121582 6
1711713213559 19.535205841064453 7
1711713213827 15.929620742797852 8
1711713214102 13.048002243041992 9
1711713214373 10.588706016540527 10
1711713214647 8.791899681091309 11
1711713214916 7.341299057006836 12
1711713215186 6.474555015563965 13
1711713215579 5.519364356994629 14
1711713216162 4.8351874351501465 15
1711713216656 4.317986965179443 16
1711713217124 3.9167566299438477 17
1711713217405 3.4711074829101562 18
1711713217638 3.092191696166992 19
1711713217903 2.7894794940948486 20
1711713218166 2.4414618015289307 21
1711713218404 2.386895179748535 22
1711713218668 2.24727201461792 23
1711713218930 1.9725624322891235 24
1711713219195 1.9652185440063477 25
1711713219462 1.8324637413024902 26
1711713219691 1.717899203300476 27
1711713219959 1.6328891515731812 28
1711713220220 1.5513889789581299 29
1711713220455 1.5010968446731567 30
1711713220753 1.3472896814346313 31
1711713221017 1.4462661743164062 32
1711713221257 1.284961223602295 33
1711713221534 1.1720064878463745 34
1711713221796 1.193945050239563 35
1711713222097 1.0759104490280151 36
1711713222327 1.2550302743911743 37
1711713222608 1.0933758020401 38
1711713222840 1.0848075151443481 39
1711713223105 0.9792994260787964 40
1711713223372 0.9252811670303345 41
1711713223602 0.9409307837486267 42
1711713223869 1.0651774406433105 43
1711713224135 0.867641806602478 44
1711713224397 1.0196555852890015 45
1711713224629 0.909302294254303 46
1711713224897 0.8053458333015442 47
