1711713211589 61.57563018798828 0
1711713211858 24.533489227294922 1
1711713212137 8.67197322845459 2
1711713212408 6.308545112609863 3
1711713212702 4.906638145446777 4
1711713212972 3.9767403602600098 5
1711713213285 3.472625732421875 6
1711713213559 3.1653494834899902 7
1711713213827 2.904853105545044 8
1711713214102 2.6505844593048096 9
1711713214373 2.3999037742614746 10
1711713214647 2.1850407123565674 11
1711713214916 2.0059072971343994 12
1711713215186 1.8886312246322632 13
1711713215579 1.744883418083191 14
1711713216162 1.6402828693389893 15
1711713216656 1.555069923400879 16
1711713217124 1.477493405342102 17
1711713217405 1.3988089561462402 18
1711713217638 1.3185741901397705 19
1711713217903 1.255923867225647 20
1711713218166 1.17214035987854 21
1711713218404 1.1590163707733154 22
1711713218668 1.1185071468353271 23
1711713218930 1.0491487979888916 24
1711713219195 1.0450884103775024 25
1711713219462 1.0139542818069458 26
1711713219691 0.979263424873352 27
1711713219959 0.948197603225708 28
1711713220220 0.9286311864852905 29
1711713220455 0.9164201617240906 30
1711713220753 0.8661102056503296 31
1711713221017 0.8985774517059326 32
1711713221257 0.8462443351745605 33
1711713221534 0.808413565158844 34
1711713221796 0.8157901763916016 35
1711713222097 0.771977961063385 36
1711713222327 0.8400440216064453 37
1711713222608 0.7849186062812805 38
1711713222840 0.7804145812988281 39
1711713223105 0.7429085969924927 40
1711713223372 0.7190672159194946 41
1711713223602 0.7306293845176697 42
1711713223869 0.7794183492660522 43
1711713224135 0.6974633932113647 44
1711713224397 0.7623364329338074 45
1711713224629 0.718449592590332 46
1711713224897 0.6731987595558167 47
