1711713557610 6113.0703125 0
1711713557879 714.3359375 1
1711713558151 130.07513427734375 2
1711713558421 82.76620483398438 3
1711713558690 51.46625518798828 4
1711713558962 30.453853607177734 5
1711713559260 20.053264617919922 6
1711713559536 14.967955589294434 7
1711713559803 12.162646293640137 8
1711713560073 10.141083717346191 9
1711713560342 8.641359329223633 10
1711713560613 7.562803745269775 11
1711713560883 6.693582534790039 12
1711713561148 6.1722412109375 13
1711713561419 5.731766223907471 14
1711713561691 5.223587512969971 15
1711713561960 5.035375118255615 16
1711713562229 4.599215984344482 17
1711713562465 4.407556533813477 18
1711713562741 4.2992777824401855 19
1711713563009 3.997410774230957 20
1711713563278 4.033538818359375 21
1711713563515 3.753270149230957 22
1711713563785 3.688884735107422 23
1711713564054 3.467160701751709 24
1711713564290 3.4235775470733643 25
1711713564562 3.172231674194336 26
1711713564793 3.1408960819244385 27
1711713565028 2.8452396392822266 28
1711713565298 2.8568875789642334 29
1711713565535 2.7407026290893555 30
1711713565804 2.5774800777435303 31
1711713566074 2.5092990398406982 32
1711713566375 2.4489943981170654 33
1711713566638 2.3350517749786377 34
1711713566877 2.1904525756835938 35
1711713567142 2.0679564476013184 36
1711713567410 1.9738397598266602 37
1711713567651 1.890000820159912 38
1711713567916 1.8609178066253662 39
1711713568186 1.757628321647644 40
1711713568423 1.622162103652954 41
1711713568687 1.803381085395813 42
1711713568954 1.5614303350448608 43
1711713569188 1.468443512916565 44
1711713569454 1.5165106058120728 45
1711713569722 1.4349967241287231 46
1711713569955 1.3706897497177124 47
1711713570226 1.2337913513183594 48
1711713570490 1.1753952503204346 49
