1711713557610 60.27631378173828 0
1711713557879 20.452743530273438 1
1711713558151 7.8644514083862305 2
1711713558421 6.1132426261901855 3
1711713558690 4.746911525726318 4
1711713558962 3.616163730621338 5
1711713559260 3.0192642211914062 6
1711713559536 2.6744916439056396 7
1711713559803 2.4652340412139893 8
1711713560073 2.2800936698913574 9
1711713560342 2.111269235610962 10
1711713560613 1.992375135421753 11
1711713560883 1.8859344720840454 12
1711713561148 1.8199584484100342 13
1711713561419 1.762606143951416 14
1711713561691 1.6828360557556152 15
1711713561960 1.6688382625579834 16
1711713562229 1.5905722379684448 17
1711713562465 1.5583651065826416 18
1711713562741 1.553851842880249 19
1711713563009 1.4939688444137573 20
1711713563278 1.504026174545288 21
1711713563515 1.4483592510223389 22
1711713563785 1.4434597492218018 23
1711713564054 1.3933532238006592 24
1711713564290 1.3870240449905396 25
1711713564562 1.3332204818725586 26
1711713564793 1.3357915878295898 27
1711713565028 1.2603679895401 28
1711713565298 1.2674014568328857 29
1711713565535 1.2452458143234253 30
1711713565804 1.2051397562026978 31
1711713566074 1.1888790130615234 32
1711713566375 1.1751371622085571 33
1711713566638 1.1434513330459595 34
1711713566877 1.1160274744033813 35
1711713567142 1.0796557664871216 36
1711713567410 1.054388403892517 37
1711713567651 1.0351072549819946 38
1711713567916 1.027741551399231 39
1711713568186 0.9970254302024841 40
1711713568423 0.9617384672164917 41
1711713568687 1.0131611824035645 42
1711713568954 0.9445995092391968 43
1711713569188 0.9170651435852051 44
1711713569454 0.9277904033660889 45
1711713569722 0.9092941284179688 46
1711713569955 0.8819591999053955 47
1711713570226 0.83599454164505 48
1711713570490 0.8151693940162659 49
