1711712167082 6066.59521484375 0
1711712167358 769.865966796875 1
1711712167630 150.08274841308594 2
1711712167904 90.25627899169922 3
1711712168170 59.00001907348633 4
1711712168441 40.39223098754883 5
1711712168709 28.88453483581543 6
1711712168977 21.806182861328125 7
1711712169246 17.4096736907959 8
1711712169586 13.82198429107666 9
1711712169861 11.07363510131836 10
1711712170129 8.8798246383667 11
1711712170398 7.3237152099609375 12
1711712170670 6.134504795074463 13
1711712170936 5.289577960968018 14
1711712171205 4.7002363204956055 15
1711712171438 4.205803871154785 16
1711712171705 3.7949910163879395 17
1711712171972 3.42204213142395 18
1711712172239 3.2377407550811768 19
1711712172474 2.99623966217041 20
1711712172742 2.8182454109191895 21
1711712173008 2.6306886672973633 22
1711712173276 2.2530341148376465 23
1711712173545 2.2993764877319336 24
1711712173817 2.028707981109619 25
1711712174048 1.8542022705078125 26
1711712174319 1.7620471715927124 27
1711712174588 1.7016979455947876 28
1711712174856 1.6859617233276367 29
1711712175122 1.5303778648376465 30
1711712175361 1.5730130672454834 31
1711712175597 1.3793919086456299 32
1711712175865 1.2206618785858154 33
1711712176132 1.1773655414581299 34
1711712176401 1.120691180229187 35
1711712176635 1.351931095123291 36
1711712176905 1.1436843872070312 37
1711712177216 1.0159934759140015 38
1711712177484 0.9593443870544434 39
1711712177749 0.9453026056289673 40
1711712178017 0.9237053394317627 41
1711712178286 0.9282194972038269 42
1711712178551 0.8723180294036865 43
1711712178822 0.8792062401771545 44
1711712179101 0.9930152297019958 45
1711712179340 0.8156736493110657 46
1711712179607 0.8240654468536377 47
1711712179895 0.7969973087310791 48
1711712180134 0.8506866693496704 49
