1711712167082 59.80176544189453 0
1711712167358 21.143604278564453 1
1711712167630 8.670806884765625 2
1711712167904 6.462695121765137 3
1711712168170 5.189088821411133 4
1711712168441 4.352534770965576 5
1711712168709 3.7835493087768555 6
1711712168977 3.3524081707000732 7
1711712169246 3.0382227897644043 8
1711712169586 2.7097244262695312 9
1711712169861 2.398789405822754 10
1711712170129 2.160254955291748 11
1711712170398 1.9696272611618042 12
1711712170670 1.80254065990448 13
1711712170936 1.681120753288269 14
1711712171205 1.5833868980407715 15
1711712171438 1.5069644451141357 16
1711712171705 1.4232121706008911 17
1711712171972 1.3631778955459595 18
1711712172239 1.3238937854766846 19
1711712172474 1.2723288536071777 20
1711712172742 1.242879867553711 21
1711712173008 1.1984575986862183 22
1711712173276 1.1068347692489624 23
1711712173545 1.130002498626709 24
1711712173817 1.0546108484268188 25
1711712174048 1.005723237991333 26
1711712174319 0.9804231524467468 27
1711712174588 0.9666367769241333 28
1711712174856 0.9716960787773132 29
1711712175122 0.9223843216896057 30
1711712175361 0.939093828201294 31
1711712175597 0.8818586468696594 32
1711712175865 0.8222265243530273 33
1711712176132 0.8136157989501953 34
1711712176401 0.7958626747131348 35
1711712176635 0.8847457766532898 36
1711712176905 0.8065034747123718 37
1711712177216 0.7596979141235352 38
1711712177484 0.7400383353233337 39
1711712177749 0.74085533618927 40
1711712178017 0.7299591302871704 41
1711712178286 0.7268449664115906 42
1711712178551 0.7063775658607483 43
1711712178822 0.7103557586669922 44
1711712179101 0.7568638324737549 45
1711712179340 0.6819645166397095 46
1711712179607 0.6926253437995911 47
1711712179895 0.6820068359375 48
1711712180134 0.703989565372467 49
