1711711058001 5554.1689453125 0
1711711058277 443.25860595703125 1
1711711058548 122.3367691040039 2
1711711058820 59.44692611694336 3
1711711059090 32.57829284667969 4
1711711059360 22.296648025512695 5
1711711059630 16.944408416748047 6
1711711059899 13.579120635986328 7
1711711060169 10.799403190612793 8
1711711060441 9.214432716369629 9
1711711060709 7.811232089996338 10
1711711061000 6.658607006072998 11
1711711061269 5.830838680267334 12
1711711061533 5.138526916503906 13
1711711061820 4.687132835388184 14
1711711062088 4.230718612670898 15
1711711062376 4.038697719573975 16
1711711062648 4.136545181274414 17
1711711062915 3.551053047180176 18
1711711063224 3.4316532611846924 19
1711711063456 3.3161826133728027 20
1711711063728 3.0479729175567627 21
1711711063996 2.9299569129943848 22
1711711064265 2.653961181640625 23
1711711064499 2.652371644973755 24
1711711064764 2.4519355297088623 25
1711711065032 2.176292896270752 26
1711711065302 2.1761691570281982 27
1711711065543 2.013488292694092 28
1711711065824 1.9807379245758057 29
1711711066059 1.8458768129348755 30
1711711066331 1.7550143003463745 31
1711711066601 1.7475553750991821 32
1711711066835 1.5768439769744873 33
1711711067102 1.441981315612793 34
1711711067342 1.3826342821121216 35
1711711067610 1.3430217504501343 36
1711711067878 1.2717461585998535 37
1711711068118 1.3156307935714722 38
1711711068387 1.2788686752319336 39
1711711068669 1.201452374458313 40
1711711068937 1.1148734092712402 41
1711711069179 1.0561490058898926 42
1711711069448 1.0252004861831665 43
1711711069682 0.9944011569023132 44
1711711069949 0.9072798490524292 45
1711711070181 1.0028454065322876 46
1711711070495 0.8385466933250427 47
1711711070768 0.8143636584281921 48
1711711071004 0.9264896512031555 49
