1711711058001 56.806861877441406 0
1711711058277 15.424212455749512 1
1711711058548 7.625865936279297 2
1711711058820 4.9897894859313965 3
1711711059090 3.6771228313446045 4
1711711059360 3.185772180557251 5
1711711059630 2.8389389514923096 6
1711711059899 2.587550401687622 7
1711711060169 2.3122198581695557 8
1711711060441 2.1794397830963135 9
1711711060709 2.012988805770874 10
1711711061000 1.8666044473648071 11
1711711061269 1.7613954544067383 12
1711711061533 1.658761978149414 13
1711711061820 1.5975127220153809 14
1711711062088 1.5207633972167969 15
1711711062376 1.494460940361023 16
1711711062648 1.5290758609771729 17
1711711062915 1.4007023572921753 18
1711711063224 1.3895572423934937 19
1711711063456 1.3648113012313843 20
1711711063728 1.3117833137512207 21
1711711063996 1.2838563919067383 22
1711711064265 1.2222034931182861 23
1711711064499 1.2276867628097534 24
1711711064764 1.176053762435913 25
1711711065032 1.1048144102096558 26
1711711065302 1.1090235710144043 27
1711711065543 1.066004991531372 28
1711711065824 1.0635968446731567 29
1711711066059 1.0229047536849976 30
1711711066331 0.9971136450767517 31
1711711066601 0.996912956237793 32
1711711066835 0.9524282813072205 33
1711711067102 0.9061746001243591 34
1711711067342 0.8833693265914917 35
1711711067610 0.8737484812736511 36
1711711067878 0.8533417582511902 37
1711711068118 0.8689737915992737 38
1711711068387 0.8624741435050964 39
1711711068669 0.8326926827430725 40
1711711068937 0.8080799579620361 41
1711711069179 0.7801045775413513 42
1711711069448 0.7698653936386108 43
1711711069682 0.7608485817909241 44
1711711069949 0.725517988204956 45
1711711070181 0.7609648704528809 46
1711711070495 0.694364070892334 47
1711711070768 0.6847373843193054 48
1711711071004 0.7371155023574829 49
