1711710688312 5626.177734375 0
1711710688588 856.3196411132812 1
1711710688857 162.54629516601562 2
1711710689125 92.93464660644531 3
1711710689393 57.658287048339844 4
1711710689661 40.89026641845703 5
1711710689928 31.369544982910156 6
1711710690193 25.89836311340332 7
1711710690459 22.461688995361328 8
1711710690724 18.606340408325195 9
1711710690987 15.934516906738281 10
1711710691258 13.600638389587402 11
1711710691523 12.215250015258789 12
1711710691789 10.224428176879883 13
1711710692052 9.114774703979492 14
1711710692320 8.15018081665039 15
1711710692587 7.454147815704346 16
1711710692850 6.852409839630127 17
1711710693087 6.345348834991455 18
1711710693354 5.662174701690674 19
1711710693619 5.254795074462891 20
1711710693884 4.386882305145264 21
1711710694116 4.114736080169678 22
1711710694382 3.626955986022949 23
1711710694651 3.1663124561309814 24
1711710694914 2.8725080490112305 25
1711710695183 2.7471656799316406 26
1711710695446 2.434516191482544 27
1711710695715 2.284656047821045 28
1711710696018 2.2340800762176514 29
1711710696287 2.040156126022339 30
1711710696552 2.175032377243042 31
1711710696817 1.6876099109649658 32
1711710697049 1.5794121026992798 33
1711710697316 1.695733904838562 34
