1711710688312 57.380924224853516 0
1711710688588 22.894514083862305 1
1711710688857 8.854897499084473 2
1711710689125 6.23967170715332 3
1711710689393 4.856255054473877 4
1711710689661 4.232293128967285 5
1711710689928 3.8575122356414795 6
1711710690193 3.5820422172546387 7
1711710690459 3.416384220123291 8
1711710690724 3.1045737266540527 9
1711710690987 2.8935835361480713 10
1711710691258 2.6861279010772705 11
1711710691523 2.5701770782470703 12
1711710691789 2.3456997871398926 13
1711710692052 2.2198398113250732 14
1711710692320 2.105609178543091 15
1711710692587 2.0087010860443115 16
1711710692850 1.9256782531738281 17
1711710693087 1.8500328063964844 18
1711710693354 1.751129388809204 19
1711710693619 1.6908003091812134 20
1711710693884 1.5381979942321777 21
1711710694116 1.5011582374572754 22
1711710694382 1.40861177444458 23
1711710694651 1.3176233768463135 24
1711710694914 1.2513138055801392 25
1711710695183 1.2372385263442993 26
1711710695446 1.1565022468566895 27
1711710695715 1.125396966934204 28
1711710696018 1.1164110898971558 29
1711710696287 1.064620852470398 30
1711710696552 1.109433650970459 31
1711710696817 0.9651264548301697 32
1711710697049 0.9343602657318115 33
1711710697316 0.9803256988525391 34
