1711957797269 5845.87646484375 0
1711957797512 655.9872436523438 1
1711957797751 114.664794921875 2
1711957797987 51.53287124633789 3
1711957798222 29.110946655273438 4
1711957798457 19.32588768005371 5
1711957798691 13.117707252502441 6
1711957798927 10.335506439208984 7
1711957799164 8.41866683959961 8
1711957799403 6.920954704284668 9
1711957799637 5.768467426300049 10
1711957799871 5.19529390335083 11
1711957800108 4.641518592834473 12
1711957800341 4.206560134887695 13
1711957800567 3.9493730068206787 14
1711957800799 3.664982557296753 15
1711957801033 3.468770742416382 16
1711957801266 3.3154807090759277 17
1711957801501 3.0934832096099854 18
1711957801733 2.838472843170166 19
1711957801966 2.7189838886260986 20
1711957802192 2.7860312461853027 21
1711957802433 2.392735242843628 22
