1711957797269 58.3348388671875 0
1711957797512 19.266939163208008 1
1711957797751 7.3511810302734375 2
1711957797987 4.571682453155518 3
1711957798222 3.573017120361328 4
1711957798457 3.0530810356140137 5
1711957798691 2.601680040359497 6
1711957798927 2.3448469638824463 7
1711957799164 2.13692569732666 8
1711957799403 1.9434047937393188 9
1711957799637 1.7763006687164307 10
1711957799871 1.6976906061172485 11
1711957800108 1.6051284074783325 12
1711957800341 1.5275617837905884 13
1711957800567 1.4860296249389648 14
1711957800799 1.4383540153503418 15
1711957801033 1.3950004577636719 16
1711957801266 1.3713762760162354 17
1711957801501 1.3216047286987305 18
1711957801733 1.268345594406128 19
1711957801966 1.243291974067688 20
1711957802192 1.2705967426300049 21
1711957802433 1.164570927619934 22
