1711712594913 5969.638671875 0
1711712595188 941.379150390625 1
1711712595464 152.369384765625 2
1711712595736 85.86165618896484 3
1711712596003 53.44694900512695 4
1711712596273 34.5867805480957 5
1711712596542 25.01983642578125 6
1711712596845 20.00287628173828 7
1711712597115 17.08857536315918 8
1711712597388 14.422860145568848 9
1711712597653 12.821940422058105 10
1711712597920 11.188100814819336 11
1711712598234 10.03641128540039 12
1711712598505 8.637028694152832 13
1711712598773 8.151994705200195 14
1711712599039 6.830992698669434 15
1711712599309 6.2347636222839355 16
1711712599579 5.674804210662842 17
1711712599839 5.266823768615723 18
1711712600108 4.902642250061035 19
1711712600375 4.528637886047363 20
1711712600644 4.770021915435791 21
1711712600880 3.991374969482422 22
1711712601147 3.8822028636932373 23
1711712601386 3.617626428604126 24
1711712601651 3.595261335372925 25
1711712601930 3.358325481414795 26
1711712602200 3.1471009254455566 27
1711712602469 3.1933231353759766 28
1711712602774 3.0671639442443848 29
1711712603045 2.8344943523406982 30
1711712603332 2.6999385356903076 31
1711712603567 2.523043394088745 32
1711712603832 2.371575355529785 33
1711712604102 2.146521806716919 34
1711712604370 2.032425880432129 35
1711712604638 1.9363991022109985 36
1711712604907 1.7931909561157227 37
1711712605143 1.7639615535736084 38
1711712605452 1.485718846321106 39
1711712605726 1.4215378761291504 40
1711712605990 1.443976640701294 41
1711712606223 1.2176368236541748 42
1711712606491 1.0911883115768433 43
1711712606725 1.1153712272644043 44
1711712606995 1.0314981937408447 45
1711712607226 1.0568068027496338 46
1711712607460 0.9000503420829773 47
1711712607728 0.8254562020301819 48
1711712607995 0.7997151017189026 49
