1711712594913 59.560665130615234 0
1711712595188 24.48705291748047 1
1711712595464 8.646116256713867 2
1711712595736 6.108696460723877 3
1711712596003 4.803562641143799 4
1711712596273 3.955587863922119 5
1711712596542 3.475858211517334 6
1711712596845 3.1830198764801025 7
1711712597115 2.9713168144226074 8
1711712597388 2.749262809753418 9
1711712597653 2.609389066696167 10
1711712597920 2.439286231994629 11
1711712598234 2.312973737716675 12
1711712598505 2.1645286083221436 13
1711712598773 2.1129517555236816 14
1711712599039 1.9228622913360596 15
1711712599309 1.8419557809829712 16
1711712599579 1.762445092201233 17
1711712599839 1.7057430744171143 18
1711712600108 1.6466740369796753 19
1711712600375 1.584342360496521 20
1711712600644 1.636254072189331 21
1711712600880 1.4882581233978271 22
1711712601147 1.4694548845291138 23
1711712601386 1.4093694686889648 24
1711712601651 1.4110826253890991 25
1711712601930 1.3606492280960083 26
1711712602200 1.3213164806365967 27
1711712602469 1.3379534482955933 28
1711712602774 1.3075038194656372 29
1711712603045 1.2543184757232666 30
1711712603332 1.2250914573669434 31
1711712603567 1.1845314502716064 32
1711712603832 1.1487125158309937 33
1711712604102 1.0851178169250488 34
1711712604370 1.0579756498336792 35
1711712604638 1.0340230464935303 36
1711712604907 1.0056045055389404 37
1711712605143 0.9928762912750244 38
1711712605452 0.9090799689292908 39
1711712605726 0.8933728933334351 40
1711712605990 0.9049784541130066 41
1711712606223 0.8298298716545105 42
1711712606491 0.782202422618866 43
1711712606725 0.7934215664863586 44
1711712606995 0.7686131000518799 45
1711712607226 0.7774195075035095 46
1711712607460 0.7176389694213867 47
1711712607728 0.6833699941635132 48
1711712607995 0.6766147017478943 49
