1711711507278 58.53264236450195 0
1711711507556 19.797426223754883 1
1711711507826 7.951092720031738 2
1711711508092 5.532646179199219 3
1711711508360 4.303961277008057 4
1711711508632 3.4868619441986084 5
1711711508901 2.996324062347412 6
1711711509166 2.6047396659851074 7
1711711509438 2.1590194702148438 8
1711711509704 1.8392903804779053 9
1711711509972 1.6192103624343872 10
1711711510305 1.4798299074172974 11
1711711510579 1.3588577508926392 12
1711711510846 1.3043596744537354 13
1711711511117 1.2472724914550781 14
1711711511382 1.1980339288711548 15
1711711511647 1.1860854625701904 16
1711711511883 1.1605198383331299 17
1711711512150 1.1258866786956787 18
1711711512386 1.0882834196090698 19
1711711512621 1.0798333883285522 20
