1711711507278 5819.392578125 0
1711711507556 703.5211791992188 1
1711711507826 133.05197143554688 2
1711711508092 71.83700561523438 3
1711711508360 43.091224670410156 4
1711711508632 27.275964736938477 5
1711711508901 18.86178207397461 6
1711711509166 13.576165199279785 7
1711711509438 9.295412063598633 8
1711711509704 6.596031188964844 9
1711711509972 5.028235912322998 10
1711711510305 4.0832672119140625 11
1711711510579 3.406824827194214 12
1711711510846 3.0877466201782227 13
1711711511117 2.8104093074798584 14
1711711511382 2.5781731605529785 15
1711711511647 2.4933865070343018 16
1711711511883 2.360727548599243 17
1711711512150 2.2484402656555176 18
1711711512386 2.09049391746521 19
1711711512621 2.0678529739379883 20
