1711711037924 6337.77001953125 0
1711711038196 819.75537109375 1
1711711038464 151.8530731201172 2
1711711038733 81.88184356689453 3
1711711039000 45.06162643432617 4
1711711039326 26.26468276977539 5
1711711039601 18.11124610900879 6
1711711039871 13.754297256469727 7
1711711040136 10.10194206237793 8
1711711040403 7.571496486663818 9
1711711040671 6.485223293304443 10
1711711040942 5.4676618576049805 11
1711711041207 4.675558090209961 12
1711711041471 4.291557788848877 13
1711711041741 3.7755074501037598 14
1711711042003 3.537168025970459 15
1711711042272 3.195775032043457 16
1711711042539 3.018320083618164 17
1711711042771 2.812316417694092 18
1711711043038 2.551915168762207 19
1711711043270 2.484396457672119 20
1711711043505 2.2332520484924316 21
1711711043800 2.060577630996704 22
1711711044070 1.8761407136917114 23
1711711044352 1.8368167877197266 24
1711711044639 1.7713645696640015 25
1711711044928 1.6192890405654907 26
1711711045159 1.5003368854522705 27
1711711045423 1.5188839435577393 28
1711711045691 1.376391053199768 29
1711711045957 1.32297945022583 30
1711711046225 1.2710095643997192 31
1711711046458 1.1191481351852417 32
1711711046687 1.1185169219970703 33
1711711046953 1.028895378112793 34
1711711047220 0.9930424094200134 35
1711711047457 0.8873081207275391 36
1711711047747 1.0222150087356567 37
1711711048017 0.8928085565567017 38
1711711048248 0.7915241718292236 39
1711711048512 0.751380443572998 40
1711711048747 0.7656446099281311 41
1711711048978 0.7347785830497742 42
1711711049238 0.7183197736740112 43
1711711049472 0.6569240093231201 44
1711711049705 0.564375638961792 45
1711711049969 0.5570477247238159 46
1711711050201 0.664803147315979 47
1711711050467 0.4953579306602478 48
1711711050700 0.5356020331382751 49
