1711711037924 61.196842193603516 0
1711711038196 22.503211975097656 1
1711711038464 8.425470352172852 2
1711711038733 5.93850564956665 3
1711711039000 4.346004009246826 4
1711711039326 3.398319721221924 5
1711711039601 2.9362382888793945 6
1711711039871 2.629716396331787 7
1711711040136 2.2689812183380127 8
1711711040403 1.9829484224319458 9
1711711040671 1.8680728673934937 10
1711711040942 1.7269808053970337 11
1711711041207 1.596672773361206 12
1711711041471 1.530517339706421 13
1711711041741 1.4416131973266602 14
1711711042003 1.3909801244735718 15
1711711042272 1.3246071338653564 16
1711711042539 1.2897030115127563 17
1711711042771 1.246218204498291 18
1711711043038 1.1801671981811523 19
1711711043270 1.166872501373291 20
1711711043505 1.1034847497940063 21
1711711043800 1.0578250885009766 22
1711711044070 1.0117982625961304 23
1711711044352 1.0025548934936523 24
1711711044639 0.993333637714386 25
1711711044928 0.9434829950332642 26
1711711045159 0.907517671585083 27
1711711045423 0.919093132019043 28
1711711045691 0.8768211603164673 29
1711711045957 0.8633599877357483 30
1711711046225 0.8440575003623962 31
1711711046458 0.7945040464401245 32
1711711046687 0.7906073331832886 33
1711711046953 0.7635365724563599 34
1711711047220 0.750434160232544 35
1711711047457 0.7077573537826538 36
1711711047747 0.7622007727622986 37
1711711048017 0.7132413983345032 38
1711711048248 0.6711961627006531 39
1711711048512 0.6536665558815002 40
1711711048747 0.6609377264976501 41
1711711048978 0.6484630703926086 42
1711711049238 0.6345353722572327 43
1711711049472 0.6079343557357788 44
1711711049705 0.5664663910865784 45
1711711049969 0.5621612071990967 46
1711711050201 0.6207619905471802 47
1711711050467 0.5293232798576355 48
1711711050700 0.5501700043678284 49
