1711710984291 57.41569519042969 0
1711710984565 18.461952209472656 1
1711710984831 7.619991779327393 2
1711710985100 5.648425102233887 3
1711710985372 4.190751075744629 4
1711710985642 3.6427814960479736 5
1711710985910 3.3914706707000732 6
1711710986181 3.106783151626587 7
1711710986448 2.900912284851074 8
1711710986715 2.677398204803467 9
1711710986985 2.479522466659546 10
1711710987254 2.2609622478485107 11
1711710987526 2.0624842643737793 12
1711710987792 1.9052242040634155 13
1711710988112 1.8036317825317383 14
1711710988381 1.7290563583374023 15
1711710988653 1.6342629194259644 16
1711710988919 1.6027759313583374 17
1711710989187 1.5444607734680176 18
1711710989422 1.5325744152069092 19
1711710989654 1.4962791204452515 20
1711710989920 1.4304115772247314 21
1711710990151 1.371678113937378 22
1711710990420 1.3890554904937744 23
1711710990690 1.3389796018600464 24
1711710990960 1.2863150835037231 25
1711710991197 1.258661150932312 26
1711710991463 1.2212985754013062 27
1711710991730 1.20297372341156 28
1711710991959 1.1722103357315063 29
1711710992195 1.1197853088378906 30
1711710992461 1.0772716999053955 31
1711710992727 1.0434046983718872 32
1711710992959 1.0396637916564941 33
1711710993222 1.001070499420166 34
1711710993492 0.9739287495613098 35
1711710993754 0.9898209571838379 36
1711710994023 0.9098568558692932 37
1711710994286 0.9114081859588623 38
1711710994559 0.8553227782249451 39
1711710994821 0.8983845114707947 40
1711710995090 0.806510329246521 41
1711710995357 0.8137351870536804 42
1711710995686 0.8131638169288635 43
1711710995953 0.7970818877220154 44
1711710996238 0.7536729574203491 45
1711710996501 0.7329776287078857 46
1711710996756 0.7480658888816833 47
1711710997024 0.708219051361084 48
1711710997288 0.680983304977417 49
