1711710984291 5658.4873046875 0
1711710984565 600.09912109375 1
1711710984831 127.26155090332031 2
1711710985100 74.64337158203125 3
1711710985372 43.39725112915039 4
1711710985642 29.87010383605957 5
1711710985910 24.055084228515625 6
1711710986181 19.21095848083496 7
1711710986448 16.3872013092041 8
1711710986715 13.562213897705078 9
1711710986985 11.484556198120117 10
1711710987254 9.371709823608398 11
1711710987526 7.773660659790039 12
1711710987792 6.560423374176025 13
1711710988112 5.863831520080566 14
1711710988381 5.303178310394287 15
1711710988653 4.763139724731445 16
1711710988919 4.525008201599121 17
1711710989187 4.185967922210693 18
1711710989422 4.102506160736084 19
1711710989654 3.928238868713379 20
1711710989920 3.6353085041046143 21
1711710990151 3.315685987472534 22
1711710990420 3.38236403465271 23
1711710990690 3.1263060569763184 24
1711710990960 2.888075828552246 25
1711710991197 2.767949342727661 26
1711710991463 2.6237523555755615 27
1711710991730 2.5355374813079834 28
1711710991959 2.406324625015259 29
1711710992195 2.1971113681793213 30
1711710992461 2.0535130500793457 31
1711710992727 1.906846284866333 32
1711710992959 1.8786523342132568 33
1711710993222 1.7445605993270874 34
1711710993492 1.6527818441390991 35
1711710993754 1.7381157875061035 36
1711710994023 1.4471064805984497 37
1711710994286 1.445578932762146 38
1711710994559 1.2768992185592651 39
1711710994821 1.3947489261627197 40
1711710995090 1.1328024864196777 41
1711710995357 1.1486172676086426 42
1711710995686 1.1464002132415771 43
1711710995953 1.1036638021469116 44
1711710996238 0.9797635078430176 45
1711710996501 0.9384297728538513 46
1711710996756 0.9598256349563599 47
1711710997024 0.8739179372787476 48
1711710997288 0.8006566166877747 49
