1711712295082 5937.68017578125 0
1711712295358 635.0559692382812 1
1711712295629 122.4525375366211 2
1711712295902 63.39643859863281 3
1711712296169 35.8980712890625 4
1711712296437 22.733688354492188 5
1711712296709 17.106536865234375 6
1711712296974 13.820116996765137 7
1711712297251 10.775699615478516 8
1711712297522 8.943513870239258 9
1711712297786 7.6766676902771 10
1711712298058 6.599913120269775 11
1711712298322 5.785421371459961 12
1711712298593 5.338873386383057 13
1711712298861 4.774562358856201 14
1711712299093 4.592729568481445 15
1711712299363 4.228203773498535 16
1711712299630 3.839158058166504 17
1711712299867 3.7154645919799805 18
1711712300134 3.5110490322113037 19
1711712300368 3.3013956546783447 20
1711712300633 3.0184249877929688 21
1711712300870 2.880096912384033 22
1711712301137 2.8959317207336426 23
1711712301369 2.7771034240722656 24
1711712301645 2.704291343688965 25
