1711712295082 59.08772659301758 0
1711712295358 18.80206298828125 1
1711712295629 7.564822673797607 2
1711712295902 5.129436492919922 3
1711712296169 3.893601179122925 4
1711712296437 3.2171835899353027 5
1711712296709 2.8794093132019043 6
1711712296974 2.6522631645202637 7
1711712297251 2.3370938301086426 8
1711712297522 2.139599084854126 9
1711712297786 1.997551441192627 10
1711712298058 1.8572839498519897 11
1711712298322 1.7461639642715454 12
1711712298593 1.6933070421218872 13
1711712298861 1.60744047164917 14
1711712299093 1.5862537622451782 15
1711712299363 1.5211195945739746 16
1711712299630 1.456912636756897 17
1711712299867 1.439417839050293 18
1711712300134 1.4004417657852173 19
1711712300368 1.357182264328003 20
1711712300633 1.2967480421066284 21
1711712300870 1.2691810131072998 22
1711712301137 1.2865818738937378 23
1711712301369 1.2581989765167236 24
1711712301645 1.241323709487915 25
