1711959254145 5908.267578125 0
1711959254440 670.1166381835938 1
1711959254725 132.9453125 2
1711959255019 73.69146728515625 3
1711959255306 43.79376220703125 4
1711959255591 29.02693748474121 5
1711959255877 20.994232177734375 6
1711959256147 15.998854637145996 7
1711959256413 13.547595024108887 8
1711959256690 10.745269775390625 9
1711959256956 9.241141319274902 10
1711959257221 8.357075691223145 11
1711959257490 7.325042247772217 12
1711959257772 6.815258979797363 13
1711959258037 6.44960355758667 14
1711959258315 6.171957015991211 15
1711959258603 5.626919269561768 16
1711959258835 5.7101149559021 17
1711959259105 5.294546604156494 18
1711959259344 5.476372241973877 19
1711959259576 5.1809282302856445 20
1711959259860 5.294495582580566 21
1711959260111 5.005228519439697 22
1711959260365 4.818655014038086 23
1711959260640 4.799253940582275 24
1711959260883 4.806262493133545 25
1711959261149 4.55113410949707 26
1711959261420 4.398849964141846 27
1711959261697 4.300724029541016 28
1711959261971 4.194140911102295 29
1711959262255 4.0414042472839355 30
1711959262491 4.4805989265441895 31
1711959262725 4.174075603485107 32
1711959262991 3.8059842586517334 33
1711959263228 3.821052312850952 34
1711959263467 3.659562110900879 35
1711959263766 3.6467044353485107 36
1711959264011 3.554767370223999 37
1711959264281 3.3840713500976562 38
1711959264515 3.4939074516296387 39
1711959264768 3.453166961669922 40
1711959265058 3.161529064178467 41
1711959265295 3.287503719329834 42
1711959265559 3.2307393550872803 43
1711959265795 3.0870115756988525 44
1711959266075 2.752859592437744 45
1711959266310 2.6253457069396973 46
1711959266570 2.453594446182251 47
