1711959254145 59.28716278076172 0
1711959254440 19.452857971191406 1
1711959254725 7.866964340209961 2
1711959255019 5.505443572998047 3
1711959255306 4.282157897949219 4
1711959255591 3.5871684551239014 5
1711959255877 3.1423492431640625 6
1711959256147 2.8007750511169434 7
1711959256413 2.6353847980499268 8
1711959256690 2.327423572540283 9
1711959256956 2.1652982234954834 10
1711959257221 2.0774998664855957 11
1711959257490 1.9438972473144531 12
1711959257772 1.8743131160736084 13
1711959258037 1.82725989818573 14
1711959258315 1.7946962118148804 15
1711959258603 1.7059621810913086 16
1711959258835 1.7370058298110962 17
1711959259105 1.662920594215393 18
1711959259344 1.702277660369873 19
1711959259576 1.6526495218276978 20
1711959259860 1.677953839302063 21
1711959260111 1.624509572982788 22
1711959260365 1.590680718421936 23
1711959260640 1.5983381271362305 24
1711959260883 1.5922222137451172 25
1711959261149 1.543003797531128 26
1711959261420 1.5127766132354736 27
1711959261697 1.4886083602905273 28
1711959261971 1.4784613847732544 29
1711959262255 1.43925940990448 30
1711959262491 1.548417091369629 31
1711959262725 1.4836612939834595 32
1711959262991 1.399122953414917 33
1711959263228 1.4054187536239624 34
1711959263467 1.3656245470046997 35
1711959263766 1.3770965337753296 36
1711959264011 1.3629244565963745 37
1711959264281 1.312801480293274 38
1711959264515 1.3534834384918213 39
1711959264768 1.3457417488098145 40
1711959265058 1.2800555229187012 41
1711959265295 1.3124788999557495 42
1711959265559 1.310904860496521 43
1711959265795 1.2717158794403076 44
1711959266075 1.194648027420044 45
1711959266310 1.167971134185791 46
1711959266570 1.1289010047912598 47
