1711712051727 5814.33447265625 0
1711712052007 541.32080078125 1
1711712052276 148.36587524414062 2
1711712052613 68.06014251708984 3
1711712052878 28.61638069152832 4
1711712053149 16.62816047668457 5
1711712053414 12.066614151000977 6
1711712053684 10.004952430725098 7
1711712053949 8.652173042297363 8
1711712054185 7.533390522003174 9
1711712054450 6.832963943481445 10
1711712054718 6.489075660705566 11
1711712054988 5.827645301818848 12
1711712055253 5.58023738861084 13
1711712055492 5.4824652671813965 14
1711712055764 4.956728458404541 15
1711712056031 5.154484272003174 16
1711712056295 4.634812355041504 17
1711712056562 4.618540287017822 18
1711712056832 4.230810165405273 19
1711712057098 4.097904682159424 20
1711712057366 4.121955394744873 21
1711712057598 3.981487512588501 22
1711712057867 3.7636961936950684 23
1711712058132 3.5987064838409424 24
1711712058401 3.603503942489624 25
1711712058666 3.3450167179107666 26
1711712058936 3.129321813583374 27
1711712059203 3.119457721710205 28
1711712059467 3.1768958568573 29
1711712059767 3.0462985038757324 30
1711712060036 2.902971029281616 31
1711712060300 2.67372727394104 32
1711712060568 2.474426031112671 33
1711712060843 2.321995735168457 34
1711712061072 2.404113292694092 35
1711712061338 2.2558062076568604 36
1711712061573 2.351364850997925 37
1711712061836 2.095855236053467 38
1711712062102 1.978848934173584 39
1711712062340 1.900511622428894 40
1711712062574 1.7364420890808105 41
1711712062842 1.6432623863220215 42
1711712063074 1.5025010108947754 43
1711712063336 1.2960819005966187 44
1711712063610 1.2236801385879517 45
1711712063874 1.2356054782867432 46
1711712064147 1.2175605297088623 47
1711712064380 1.1522904634475708 48
1711712064645 1.0083178281784058 49
