1711712051727 58.100242614746094 0
1711712052007 17.371936798095703 1
1711712052276 8.223941802978516 2
1711712052613 5.181901454925537 3
1711712052878 3.4151628017425537 4
1711712053149 2.7957775592803955 5
1711712053414 2.481527328491211 6
1711712053684 2.2943994998931885 7
1711712053949 2.1590306758880615 8
1711712054185 2.0242233276367188 9
1711712054450 1.948940396308899 10
1711712054718 1.898743748664856 11
1711712054988 1.8030571937561035 12
1711712055253 1.7661622762680054 13
1711712055492 1.7607609033584595 14
1711712055764 1.6665846109390259 15
1711712056031 1.7105125188827515 16
1711712056295 1.6173893213272095 17
1711712056562 1.6172960996627808 18
1711712056832 1.5434651374816895 19
1711712057098 1.5216084718704224 20
1711712057366 1.5268514156341553 21
1711712057598 1.5088019371032715 22
1711712057867 1.459679365158081 23
1711712058132 1.4259729385375977 24
1711712058401 1.4305111169815063 25
1711712058666 1.3752590417861938 26
1711712058936 1.3255141973495483 27
1711712059203 1.3247772455215454 28
1711712059467 1.3493173122406006 29
1711712059767 1.318556308746338 30
1711712060036 1.288788914680481 31
1711712060300 1.2398496866226196 32
1711712060568 1.1840054988861084 33
1711712060843 1.1506074666976929 34
1711712061072 1.1645324230194092 35
1711712061338 1.1353013515472412 36
1711712061573 1.1585423946380615 37
1711712061836 1.0925302505493164 38
1711712062102 1.0640344619750977 39
1711712062340 1.0460536479949951 40
1711712062574 0.9974609613418579 41
1711712062842 0.9751415848731995 42
1711712063074 0.9289578199386597 43
1711712063336 0.8638013601303101 44
1711712063610 0.8341889977455139 45
1711712063874 0.8436374664306641 46
1711712064147 0.83662348985672 47
1711712064380 0.8184552788734436 48
1711712064645 0.7646783590316772 49
