1711710857855 6465.9208984375 0
1711710858134 829.5438842773438 1
1711710858407 159.00872802734375 2
1711710858675 74.30191040039062 3
1711710858939 38.5882568359375 4
1711710859205 23.671228408813477 5
1711710859475 17.36642837524414 6
1711710859746 12.60888671875 7
1711710860020 9.37307071685791 8
1711710860288 7.312201499938965 9
1711710860555 5.876887321472168 10
1711710860823 4.924203395843506 11
1711710861088 4.4281325340271 12
1711710861355 3.999082088470459 13
1711710861619 3.5742831230163574 14
1711710861857 3.2942049503326416 15
1711710862120 3.174360990524292 16
1711710862389 2.968942403793335 17
1711710862656 2.835756778717041 18
1711710862924 2.6070704460144043 19
1711710863192 2.488276481628418 20
1711710863459 2.3558855056762695 21
1711710863725 2.3604555130004883 22
1711710863959 2.3490800857543945 23
1711710864243 2.2242958545684814 24
1711710864511 1.9300464391708374 25
1711710864776 1.9960136413574219 26
1711710865044 1.9785656929016113 27
1711710865310 1.982317328453064 28
1711710865544 1.7923895120620728 29
1711710865809 1.710329532623291 30
1711710866043 1.620221495628357 31
1711710866308 1.58455491065979 32
1711710866645 1.6132228374481201 33
1711710866884 1.5003776550292969 34
1711710867152 1.5531611442565918 35
1711710867389 1.3481868505477905 36
1711710867690 1.2790944576263428 37
1711710867928 1.2421144247055054 38
1711710868241 1.2295993566513062 39
1711710868475 1.2879356145858765 40
1711710868746 1.1996464729309082 41
