1711710857855 61.84101486206055 0
1711710858134 22.323640823364258 1
1711710858407 8.915560722351074 2
1711710858675 5.476498603820801 3
1711710858939 3.922966718673706 4
1711710859205 3.1852834224700928 5
1711710859475 2.8619420528411865 6
1711710859746 2.4376001358032227 7
1711710860020 2.094440221786499 8
1711710860288 1.8571045398712158 9
1711710860555 1.6857811212539673 10
1711710860823 1.5631123781204224 11
1711710861088 1.5087056159973145 12
1711710861355 1.4537599086761475 13
1711710861619 1.3879328966140747 14
1711710861857 1.3327012062072754 15
1711710862120 1.3172932863235474 16
1711710862389 1.2801003456115723 17
1711710862656 1.259912371635437 18
1711710862924 1.2087061405181885 19
1711710863192 1.1880320310592651 20
1711710863459 1.1511784791946411 21
1711710863725 1.1616357564926147 22
1711710863959 1.1627949476242065 23
1711710864243 1.125493049621582 24
1711710864511 1.045749545097351 25
1711710864776 1.0704807043075562 26
1711710865044 1.0646662712097168 27
1711710865310 1.0638515949249268 28
1711710865544 1.0151365995407104 29
1711710865809 0.991955578327179 30
1711710866043 0.9645349383354187 31
1711710866308 0.9516724944114685 32
1711710866645 0.9673252105712891 33
1711710866884 0.9320389032363892 34
1711710867152 0.949932873249054 35
1711710867389 0.8813596367835999 36
1711710867690 0.8563454151153564 37
1711710867928 0.8421003222465515 38
1711710868241 0.8400574922561646 39
1711710868475 0.8618459105491638 40
1711710868746 0.8320744633674622 41
