1711711284268 5979.71923828125 0
1711711284544 795.87646484375 1
1711711284813 143.0354766845703 2
1711711285082 70.3286361694336 3
1711711285354 35.0961799621582 4
1711711285634 20.505962371826172 5
1711711285903 15.043448448181152 6
1711711286173 11.824175834655762 7
1711711286437 9.544723510742188 8
1711711286711 7.924627304077148 9
1711711286973 6.870721817016602 10
1711711287239 6.097603797912598 11
1711711287515 5.492251396179199 12
1711711287779 5.056244373321533 13
1711711288048 4.828913688659668 14
1711711288314 4.746347427368164 15
1711711288580 4.253886699676514 16
1711711288844 4.1330437660217285 17
1711711289110 3.944549560546875 18
1711711289408 4.124627590179443 19
1711711289681 3.7058496475219727 20
1711711289946 3.849937677383423 21
1711711290178 3.714672803878784 22
1711711290410 3.749929904937744 23
