1711711284268 59.09673309326172 0
1711711284544 21.85893440246582 1
1711711284813 8.340890884399414 2
1711711285082 5.597285747528076 3
1711711285354 3.8828728199005127 4
1711711285634 3.1094796657562256 5
1711711285903 2.778733253479004 6
1711711286173 2.507215976715088 7
1711711286437 2.2754788398742676 8
1711711286711 2.0916526317596436 9
1711711286973 1.9450803995132446 10
1711711287239 1.833338975906372 11
1711711287515 1.7355507612228394 12
1711711287779 1.6640055179595947 13
1711711288048 1.6385972499847412 14
1711711288314 1.6230132579803467 15
1711711288580 1.5314708948135376 16
1711711288844 1.5148214101791382 17
1711711289110 1.481885552406311 18
1711711289408 1.5209232568740845 19
1711711289681 1.4318407773971558 20
1711711289946 1.4688292741775513 21
1711711290178 1.444719672203064 22
1711711290410 1.4529367685317993 23
