1711709697891 5606.70849609375 0
1711709698164 728.701416015625 1
1711709698436 167.00521850585938 2
1711709698702 105.0230712890625 3
1711709699270 67.25183868408203 4
1711709699534 43.78349304199219 5
1711709699800 30.570335388183594 6
1711709700064 23.22968101501465 7
1711709700328 18.773773193359375 8
1711709700594 15.385603904724121 9
1711709700898 12.113687515258789 10
1711709701168 9.902246475219727 11
1711709701431 8.182344436645508 12
1711709701698 6.771685600280762 13
1711709701962 5.891697406768799 14
1711709702227 5.015824317932129 15
1711709702491 4.416842937469482 16
1711709702751 3.9229960441589355 17
1711709703016 3.7867753505706787 18
1711709703283 3.2111456394195557 19
1711709703546 2.9194061756134033 20
1711709703807 2.6785430908203125 21
1711709704073 2.470729351043701 22
1711709704334 2.266538619995117 23
1711709704598 1.9840004444122314 24
1711709704862 1.9582655429840088 25
1711709705124 1.7944519519805908 26
1711709705384 1.5859616994857788 27
1711709705647 1.483917236328125 28
1711709705911 1.404577374458313 29
1711709706191 1.2547811269760132 30
1711709706456 1.153371810913086 31
1711709706718 1.1596630811691284 32
1711709706980 0.9849711060523987 33
1711709707242 1.0550479888916016 34
1711709707469 0.8844005465507507 35
1711709707732 0.8391153216362 36
1711709707960 0.7920476794242859 37
1711709708222 0.9137834906578064 38
