1711709697891 57.57374954223633 0
1711709698164 21.06220245361328 1
1711709698436 8.846782684326172 2
1711709698702 6.772409915924072 3
1711709699270 5.223813533782959 4
1711709699534 4.233352184295654 5
1711709699800 3.6270523071289062 6
1711709700064 3.2857275009155273 7
1711709700328 3.0088729858398438 8
1711709700594 2.7528932094573975 9
1711709700898 2.431075096130371 10
1711709701168 2.2014083862304688 11
1711709701431 2.0115513801574707 12
1711709701698 1.841046929359436 13
1711709701962 1.734134316444397 14
1711709702227 1.6081942319869995 15
1711709702491 1.5157551765441895 16
1711709702751 1.435020089149475 17
1711709703016 1.421811580657959 18
1711709703283 1.2996128797531128 19
1711709703546 1.2315829992294312 20
1711709703807 1.1944541931152344 21
1711709704073 1.1456679105758667 22
1711709704334 1.097409725189209 23
1711709704598 1.0253547430038452 24
1711709704862 1.02760910987854 25
1711709705124 0.9791941046714783 26
1711709705384 0.9221656322479248 27
1711709705647 0.8931340575218201 28
1711709705911 0.8729709982872009 29
1711709706191 0.8166192770004272 30
1711709706456 0.7880162000656128 31
1711709706718 0.8028130531311035 32
1711709706980 0.7293847799301147 33
1711709707242 0.7654457092285156 34
1711709707469 0.6938204169273376 35
1711709707732 0.6827157139778137 36
1711709707960 0.6600156426429749 37
1711709708222 0.7164570093154907 38
