1711958138116 5550.53662109375 0
1711958138394 801.0357666015625 1
1711958138714 144.00474548339844 2
1711958139086 76.92974090576172 3
1711958139414 44.87282180786133 4
1711958139707 30.181673049926758 5
1711958140015 22.617483139038086 6
1711958140326 17.283708572387695 7
1711958140622 13.180455207824707 8
1711958140929 10.220943450927734 9
1711958141206 8.313695907592773 10
1711958141495 6.890851020812988 11
1711958141786 5.939317226409912 12
1711958142063 5.209570407867432 13
1711958142337 4.7733988761901855 14
1711958142621 4.244966506958008 15
1711958142902 3.9476664066314697 16
1711958143182 3.7218005657196045 17
1711958143416 3.4344401359558105 18
1711958143723 3.343881368637085 19
1711958144038 3.0552027225494385 20
1711958144328 2.852828025817871 21
1711958144630 2.784205436706543 22
1711958144896 2.658688545227051 23
1711958145179 2.3919615745544434 24
1711958145449 2.317089557647705 25
1711958145717 2.0657732486724854 26
1711958145978 2.0169200897216797 27
1711958146254 2.0426948070526123 28
1711958146554 1.9401518106460571 29
1711958146824 1.7798435688018799 30
1711958147061 1.6861425638198853 31
1711958147359 1.7790932655334473 32
1711958147646 1.5892102718353271 33
1711958147875 1.5570675134658813 34
1711958148107 1.525141954421997 35
