1711958138116 57.013038635253906 0
1711958138394 22.035301208496094 1
1711958138714 8.296904563903809 2
1711958139086 5.659199237823486 3
1711958139414 4.342162132263184 4
1711958139707 3.714005470275879 5
1711958140015 3.308149576187134 6
1711958140326 2.894197702407837 7
1711958140622 2.5314407348632812 8
1711958140929 2.2307636737823486 9
1711958141206 2.0420074462890625 10
1711958141495 1.8853411674499512 11
1711958141786 1.7689327001571655 12
1711958142063 1.676397442817688 13
1711958142337 1.624670147895813 14
1711958142621 1.539422869682312 15
1711958142902 1.4923464059829712 16
1711958143182 1.4571179151535034 17
1711958143416 1.4028949737548828 18
1711958143723 1.390291452407837 19
1711958144038 1.3286352157592773 20
1711958144328 1.2897506952285767 21
1711958144630 1.277163028717041 22
1711958144896 1.2464523315429688 23
1711958145179 1.1840213537216187 24
1711958145449 1.168099284172058 25
1711958145717 1.0926185846328735 26
1711958145978 1.087531328201294 27
1711958146254 1.0982632637023926 28
1711958146554 1.0714977979660034 29
1711958146824 1.020421028137207 30
1711958147061 0.994830846786499 31
1711958147359 1.026476263999939 32
1711958147646 0.9630933403968811 33
1711958147875 0.9608228802680969 34
1711958148107 0.9458498358726501 35
