1711710507918 6083.13232421875 0
1711710508196 840.8814086914062 1
1711710508462 140.21163940429688 2
1711710508731 72.61974334716797 3
1711710509003 44.83973693847656 4
1711710509275 32.21640396118164 5
1711710509543 25.17848777770996 6
1711710509810 20.160823822021484 7
1711710510078 15.715447425842285 8
1711710510347 12.713482856750488 9
1711710510611 9.839102745056152 10
1711710510880 7.239110469818115 11
1711710511151 5.586413383483887 12
1711710511418 4.649750709533691 13
1711710511685 3.8279552459716797 14
1711710511948 3.3890957832336426 15
1711710512219 3.007235288619995 16
1711710512486 2.8128254413604736 17
1711710512754 2.7551677227020264 18
1711710513019 2.4002020359039307 19
1711710513286 2.1962363719940186 20
1711710513623 2.042649030685425 21
1711710513889 1.943575382232666 22
1711710514154 1.8566762208938599 23
1711710514396 1.684535264968872 24
1711710514665 1.549765944480896 25
1711710514930 1.5255138874053955 26
1711710515194 1.480934500694275 27
1711710515461 1.35148024559021 28
1711710515730 1.269591212272644 29
1711710515962 1.265761375427246 30
1711710516226 1.2281614542007446 31
1711710516494 1.3275595903396606 32
1711710516728 1.0390914678573608 33
1711710516995 1.0865447521209717 34
1711710517258 1.0006836652755737 35
1711710517493 1.0093231201171875 36
1711710517760 0.8982833027839661 37
1711710517995 0.9092610478401184 38
1711710518264 0.9560407400131226 39
