1711710507918 60.0939826965332 0
1711710508196 22.919818878173828 1
1711710508462 7.968776702880859 2
1711710508731 5.361515045166016 3
1711710509003 4.303504943847656 4
1711710509275 3.805544137954712 5
1711710509543 3.4528791904449463 6
1711710509810 3.1240546703338623 7
1711710510078 2.7796735763549805 8
1711710510347 2.5088868141174316 9
1711710510611 2.18703031539917 10
1711710510880 1.8639805316925049 11
1711710511151 1.673229455947876 12
1711710511418 1.554837942123413 13
1711710511685 1.4115937948226929 14
1711710511948 1.3457603454589844 15
1711710512219 1.2686396837234497 16
1711710512486 1.2376471757888794 17
1711710512754 1.2454251050949097 18
1711710513019 1.149745225906372 19
1711710513286 1.1037510633468628 20
1711710513623 1.0647711753845215 21
1711710513889 1.0441017150878906 22
1711710514154 1.0214018821716309 23
1711710514396 0.9717048406600952 24
1711710514665 0.9310474395751953 25
1711710514930 0.9291751384735107 26
1711710515194 0.9218341112136841 27
1711710515461 0.8761945366859436 28
1711710515730 0.8469744324684143 29
1711710515962 0.8531374931335449 30
1711710516226 0.8362517356872559 31
1711710516494 0.8779593110084534 32
1711710516728 0.7735130786895752 33
1711710516995 0.7907112240791321 34
1711710517258 0.7575597167015076 35
1711710517493 0.7624111771583557 36
1711710517760 0.7170687317848206 37
1711710517995 0.724799633026123 38
1711710518264 0.7496356964111328 39
