1711712322797 5754.55419921875 0
1711712323076 875.010009765625 1
1711712323352 137.927001953125 2
1711712323623 78.297607421875 3
1711712323893 47.7930908203125 4
1711712324162 30.148574829101562 5
1711712324426 20.441078186035156 6
1711712324698 15.373684883117676 7
1711712324965 12.028365135192871 8
1711712325236 9.764263153076172 9
1711712325504 7.861992359161377 10
1711712325775 6.904295444488525 11
1711712326044 6.143209457397461 12
1711712326310 5.586690902709961 13
1711712326547 5.490901470184326 14
1711712326815 5.057077407836914 15
1711712327085 5.0764079093933105 16
1711712327321 4.637530326843262 17
1711712327590 4.6275458335876465 18
1711712327858 4.411279201507568 19
1711712328093 4.271111011505127 20
1711712328360 4.160886287689209 21
1711712328633 3.948580741882324 22
1711712328869 3.960379123687744 23
1711712329198 3.655182361602783 24
1711712329472 3.9458606243133545 25
1711712329711 3.602872610092163 26
1711712329979 3.543720245361328 27
1711712330245 3.3257646560668945 28
1711712330492 3.28650164604187 29
1711712330760 3.2334694862365723 30
1711712330998 3.2132649421691895 31
1711712331266 2.9631361961364746 32
1711712331534 3.028398036956787 33
1711712331764 2.771231174468994 34
1711712332032 2.6931495666503906 35
1711712332268 2.753614902496338 36
1711712332531 2.661639451980591 37
1711712332768 2.6472885608673096 38
1711712333035 2.4221975803375244 39
1711712333266 2.470720052719116 40
1711712333537 2.5736234188079834 41
1711712333772 2.2189018726348877 42
1711712334008 2.1601388454437256 43
