1711712322797 58.16508483886719 0
1711712323076 23.280733108520508 1
1711712323352 7.974339008331299 2
1711712323623 5.8249616622924805 3
1711712323893 4.527427673339844 4
1711712324162 3.7190120220184326 5
1711712324426 3.157352924346924 6
1711712324698 2.7810561656951904 7
1711712324965 2.4846067428588867 8
1711712325236 2.2511491775512695 9
1711712325504 2.0199272632598877 10
1711712325775 1.9158140420913696 11
1711712326044 1.8177986145019531 12
1711712326310 1.741787314414978 13
1711712326547 1.7444504499435425 14
1711712326815 1.680047631263733 15
1711712327085 1.686891794204712 16
1711712327321 1.607873797416687 17
1711712327590 1.6130456924438477 18
1711712327858 1.5782573223114014 19
1711712328093 1.5541584491729736 20
1711712328360 1.5219825506210327 21
1711712328633 1.4898685216903687 22
1711712328869 1.490100383758545 23
1711712329198 1.4323257207870483 24
1711712329472 1.4968613386154175 25
1711712329711 1.4304256439208984 26
1711712329979 1.4203124046325684 27
1711712330245 1.3701727390289307 28
1711712330492 1.3645954132080078 29
1711712330760 1.358195185661316 30
1711712330998 1.3479887247085571 31
1711712331266 1.2927947044372559 32
1711712331534 1.304105281829834 33
1711712331764 1.2498797178268433 34
1711712332032 1.2272450923919678 35
1711712332268 1.2543984651565552 36
1711712332531 1.2250288724899292 37
1711712332768 1.220520257949829 38
1711712333035 1.1656279563903809 39
1711712333266 1.1843147277832031 40
1711712333537 1.2110271453857422 41
1711712333772 1.1114732027053833 42
1711712334008 1.0986658334732056 43
