1711708716168 5968.66845703125 0
1711708716443 824.8656005859375 1
1711708716713 152.4384765625 2
1711708716985 91.00536346435547 3
1711708717254 57.8609619140625 4
1711708717520 36.9888801574707 5
1711708717788 24.499141693115234 6
1711708718056 18.116121292114258 7
1711708718323 14.36307430267334 8
1711708718591 11.98512077331543 9
1711708718859 10.567852973937988 10
1711708719125 9.210956573486328 11
1711708719393 8.458832740783691 12
1711708719661 7.6444993019104 13
1711708719925 7.018326759338379 14
1711708720195 6.354743480682373 15
1711708720463 5.9220452308654785 16
1711708720694 5.571832656860352 17
1711708720964 5.213487148284912 18
1711708721233 4.895956993103027 19
1711708721464 4.594275951385498 20
1711708721726 4.260626316070557 21
1711708721995 4.0049052238464355 22
1711708722262 3.761627197265625 23
1711708722529 3.646770715713501 24
1711708722794 3.3469574451446533 25
1711708723064 3.1788148880004883 26
1711708723298 2.866608142852783 27
1711708723565 2.867847204208374 28
1711708723798 2.55778431892395 29
1711708724063 2.3147072792053223 30
1711708724331 2.2375235557556152 31
1711708724597 2.1787378787994385 32
1711708724863 1.9749191999435425 33
1711708725119 1.821437120437622 34
1711708725386 1.7030776739120483 35
1711708725617 1.6827681064605713 36
1711708725886 1.6254913806915283 37
1711708726159 1.4677460193634033 38
1711708726424 1.37078857421875 39
1711708726661 1.2728276252746582 40
1711708726908 1.3049763441085815 41
1711708727176 1.2290011644363403 42
1711708727443 1.2113759517669678 43
1711708727710 1.1934536695480347 44
1711708727972 1.1511238813400269 45
