1711708716168 59.096946716308594 0
1711708716443 22.193897247314453 1
1711708716713 8.647425651550293 2
1711708716985 6.448461532592773 3
1711708717254 5.075064182281494 4
1711708717520 4.078227519989014 5
1711708717788 3.381080150604248 6
1711708718056 3.002060651779175 7
1711708718323 2.7350261211395264 8
1711708718591 2.527863025665283 9
1711708718859 2.3869736194610596 10
1711708719125 2.2437455654144287 11
1711708719393 2.1485273838043213 12
1711708719661 2.056828498840332 13
1711708719925 1.973633050918579 14
1711708720195 1.881038784980774 15
1711708720463 1.8174737691879272 16
1711708720694 1.7729904651641846 17
1711708720964 1.7153781652450562 18
1711708721233 1.6668254137039185 19
1711708721464 1.6059788465499878 20
1711708721726 1.5501705408096313 21
1711708721995 1.502275824546814 22
1711708722262 1.4600167274475098 23
1711708722529 1.4289863109588623 24
1711708722794 1.3747520446777344 25
1711708723064 1.3384171724319458 26
1711708723298 1.2725857496261597 27
1711708723565 1.2741245031356812 28
1711708723798 1.203485369682312 29
1711708724063 1.1437700986862183 30
1711708724331 1.1229827404022217 31
1711708724597 1.1163513660430908 32
1711708724863 1.0597083568572998 33
1711708725119 1.0115083456039429 34
1711708725386 0.9806503057479858 35
1711708725617 0.9702675342559814 36
1711708725886 0.9629647731781006 37
1711708726159 0.9143655300140381 38
1711708726424 0.8784325122833252 39
1711708726661 0.8529208898544312 40
1711708726908 0.8670774102210999 41
1711708727176 0.8372392058372498 42
1711708727443 0.8342764377593994 43
1711708727710 0.8277404308319092 44
1711708727972 0.8162907361984253 45
