1711711584780 5941.73193359375 0
1711711585051 695.3710327148438 1
1711711585322 128.75830078125 2
1711711585590 72.99117279052734 3
1711711585862 44.76688003540039 4
1711711586129 29.4507999420166 5
1711711586396 21.323448181152344 6
1711711586664 17.106979370117188 7
1711711586934 14.414703369140625 8
1711711587203 11.964905738830566 9
1711711587479 10.19971752166748 10
1711711587749 8.907444953918457 11
1711711588014 7.9310784339904785 12
1711711588310 7.031065940856934 13
1711711588578 6.3038554191589355 14
1711711588848 6.10037088394165 15
1711711589079 5.526937961578369 16
1711711589348 4.996340274810791 17
1711711589579 4.806325912475586 18
1711711589845 4.726831436157227 19
1711711590115 4.337761878967285 20
1711711590379 4.187167167663574 21
1711711590613 4.126594066619873 22
1711711590880 3.9838578701019287 23
