1711711584780 59.431400299072266 0
1711711585051 19.724727630615234 1
1711711585322 7.7447590827941895 2
1711711585590 5.549544334411621 3
1711711585862 4.335634231567383 4
1711711586129 3.5895304679870605 5
1711711586396 3.1808109283447266 6
1711711586664 2.916478157043457 7
1711711586934 2.7366585731506348 8
1711711587203 2.494330883026123 9
1711711587479 2.313411235809326 10
1711711587749 2.174351692199707 11
1711711588014 2.059279441833496 12
1711711588310 1.9449326992034912 13
1711711588578 1.8459745645523071 14
1711711588848 1.844363808631897 15
1711711589079 1.757606029510498 16
1711711589348 1.6727097034454346 17
1711711589579 1.6442314386367798 18
1711711589845 1.6422995328903198 19
1711711590115 1.569045066833496 20
1711711590379 1.5403331518173218 21
1711711590613 1.5367097854614258 22
1711711590880 1.513107419013977 23
