1711712824385 60.20222091674805 0
1711712824661 21.205278396606445 1
1711712824934 8.34593677520752 2
1711712825213 5.995334148406982 3
1711712825479 4.780784606933594 4
1711712825748 4.066231727600098 5
1711712826019 3.587848663330078 6
1711712826289 3.203927755355835 7
1711712826556 2.8937747478485107 8
1711712826823 2.7065067291259766 9
1711712827092 2.428253173828125 10
1711712827360 2.2475786209106445 11
1711712827634 2.0967960357666016 12
1711712827903 1.949650526046753 13
1711712828169 1.8998374938964844 14
1711712828437 1.7646124362945557 15
1711712828708 1.6978659629821777 16
1711712828941 1.600166916847229 17
1711712829206 1.5453351736068726 18
1711712829473 1.4712586402893066 19
1711712829742 1.4229755401611328 20
1711712830013 1.354315996170044 21
1711712830282 1.3147939443588257 22
1711712830548 1.2512001991271973 23
1711712830777 1.2171710729599 24
1711712831046 1.1553804874420166 25
1711712831323 1.11088228225708 26
1711712831585 1.0888886451721191 27
1711712831866 1.0409868955612183 28
1711712832134 0.988377571105957 29
1711712832364 0.989734411239624 30
1711712832631 0.9385126829147339 31
1711712832898 0.907177746295929 32
1711712833167 0.891432523727417 33
1711712833435 0.8657101392745972 34
1711712833669 0.8293192386627197 35
1711712833937 0.8212541937828064 36
1711712834176 0.7978243827819824 37
1711712834439 0.7999724745750427 38
1711712834706 0.7966797351837158 39
1711712834946 0.7860695123672485 40
1711712835180 0.6980175971984863 41
1711712835447 0.6832444667816162 42
1711712835715 0.6927096247673035 43
1711712835980 0.7294187545776367 44
1711712836213 0.6521363854408264 45
1711712836455 0.6563438177108765 46
