1711712824385 6172.8671875 0
1711712824661 751.44921875 1
1711712824934 145.47254943847656 2
1711712825213 83.06379699707031 3
1711712825479 51.91804885864258 4
1711712825748 35.737823486328125 5
1711712826019 26.318941116333008 6
1711712826289 20.352262496948242 7
1711712826556 16.463743209838867 8
1711712826823 14.139549255371094 9
1711712827092 11.357767105102539 10
1711712827360 9.70168685913086 11
1711712827634 8.3430814743042 12
1711712827903 7.159073829650879 13
1711712828169 6.704216480255127 14
1711712828437 5.771739482879639 15
1711712828708 5.33386754989624 16
1711712828941 4.731013774871826 17
1711712829206 4.411856174468994 18
1711712829473 4.010507106781006 19
1711712829742 3.673210382461548 20
1711712830013 3.377636194229126 21
1711712830282 3.135932683944702 22
1711712830548 2.8423190116882324 23
1711712830777 2.6811063289642334 24
1711712831046 2.4271178245544434 25
1711712831323 2.2392220497131348 26
1711712831585 2.114208459854126 27
1711712831866 1.9624316692352295 28
1711712832134 1.758744716644287 29
1711712832364 1.7460304498672485 30
1711712832631 1.5890040397644043 31
1711712832898 1.474360704421997 32
1711712833167 1.4179158210754395 33
1711712833435 1.3316905498504639 34
1711712833669 1.216025948524475 35
1711712833937 1.1895731687545776 36
1711712834176 1.1153510808944702 37
1711712834439 1.1169506311416626 38
1711712834706 1.1072086095809937 39
1711712834946 1.0519976615905762 40
1711712835180 0.8544488549232483 41
1711712835447 0.8193966150283813 42
1711712835715 0.8352379202842712 43
1711712835980 0.9083893895149231 44
1711712836213 0.7491082549095154 45
1711712836455 0.7432103753089905 46
