1711712615313 6051.263671875 0
1711712615760 589.362548828125 1
1711712616306 156.1324920654297 2
1711712616785 86.7931900024414 3
1711712617157 42.284156799316406 4
1711712617425 20.207260131835938 5
1711712617693 13.620768547058105 6
1711712617959 10.687939643859863 7
1711712618226 8.849983215332031 8
1711712618493 7.54275369644165 9
1711712618761 6.502279281616211 10
1711712619025 5.877231121063232 11
1711712619291 5.345540523529053 12
1711712619557 5.064104080200195 13
1711712619792 4.760623455047607 14
1711712620101 4.434890270233154 15
1711712620339 4.298117637634277 16
1711712620607 4.0311408042907715 17
1711712620838 3.710649013519287 18
1711712621104 3.669306993484497 19
1711712621369 3.4020628929138184 20
1711712621633 3.144275665283203 21
1711712621898 3.0092039108276367 22
1711712622164 2.8816118240356445 23
1711712622428 2.7857255935668945 24
1711712622666 2.756706714630127 25
1711712622892 2.5351431369781494 26
1711712623157 2.3872687816619873 27
1711712623426 2.2761409282684326 28
1711712623693 2.303912878036499 29
1711712623958 2.3983170986175537 30
1711712624227 2.024014472961426 31
1711712624487 2.025473117828369 32
1711712624753 1.9346028566360474 33
1711712625018 1.9977247714996338 34
1711712625286 1.6890262365341187 35
1711712625552 1.6275627613067627 36
1711712625775 1.5026061534881592 37
1711712626041 1.5184803009033203 38
1711712626268 1.4129356145858765 39
1711712626558 1.4681847095489502 40
1711712626795 1.2848707437515259 41
1711712627053 1.323148250579834 42
1711712627309 1.216025710105896 43
1711712627576 1.3718757629394531 44
1711712627859 1.217811942100525 45
1711712628095 1.202790379524231 46
1711712628396 1.0908194780349731 47
1711712628631 1.1025443077087402 48
1711712628897 0.9183641672134399 49
