1711712615313 59.302284240722656 0
1711712615760 18.153730392456055 1
1711712616306 8.990338325500488 2
1711712616785 6.416699409484863 3
1711712617157 4.3731794357299805 4
1711712617425 3.054780960083008 5
1711712617693 2.630342483520508 6
1711712617959 2.3784756660461426 7
1711712618226 2.188725709915161 8
1711712618493 2.0335543155670166 9
1711712618761 1.8985100984573364 10
1711712619025 1.8100805282592773 11
1711712619291 1.7256951332092285 12
1711712619557 1.6888946294784546 13
1711712619792 1.6349401473999023 14
1711712620101 1.583930492401123 15
1711712620339 1.561745047569275 16
1711712620607 1.5141255855560303 17
1711712620838 1.4483835697174072 18
1711712621104 1.440009593963623 19
1711712621369 1.3819842338562012 20
1711712621633 1.3344966173171997 21
1711712621898 1.3056612014770508 22
1711712622164 1.272693395614624 23
1711712622428 1.2579286098480225 24
1711712622666 1.251041293144226 25
1711712622892 1.201743483543396 26
1711712623157 1.1707301139831543 27
1711712623426 1.135541558265686 28
1711712623693 1.1439807415008545 29
1711712623958 1.1775121688842773 30
1711712624227 1.0801067352294922 31
1711712624487 1.0772501230239868 32
1711712624753 1.0453457832336426 33
1711712625018 1.0699893236160278 34
1711712625286 0.9757164716720581 35
1711712625552 0.9623244404792786 36
1711712625775 0.9249901175498962 37
1711712626041 0.9332194924354553 38
1711712626268 0.9001397490501404 39
1711712626558 0.9134755730628967 40
1711712626795 0.8530371189117432 41
1711712627053 0.8678830862045288 42
1711712627309 0.8358113169670105 43
1711712627576 0.8867102861404419 44
1711712627859 0.837441086769104 45
1711712628095 0.8370130658149719 46
1711712628396 0.789864718914032 47
1711712628631 0.7982191443443298 48
1711712628897 0.7260834574699402 49
