1711708144246 6293.1396484375 0
1711708144521 776.6795654296875 1
1711708144790 154.6049041748047 2
1711708145058 90.62438201904297 3
1711708145323 52.32664489746094 4
1711708145592 28.8945369720459 5
1711708145857 18.587329864501953 6
1711708146123 14.0608549118042 7
1711708146392 11.795129776000977 8
1711708146659 9.934650421142578 9
1711708146925 8.504432678222656 10
1711708147190 7.285440921783447 11
1711708147488 6.434882164001465 12
1711708147819 5.677184581756592 13
1711708148089 5.6529693603515625 14
1711708148322 4.917723655700684 15
1711708148603 4.460312843322754 16
1711708148865 4.299295902252197 17
1711708149149 3.9793331623077393 18
1711708149424 3.8767733573913574 19
1711708149686 3.6653850078582764 20
1711708149954 3.628497362136841 21
1711708150218 3.6705856323242188 22
1711708150451 3.4269068241119385 23
1711708150713 3.1618645191192627 24
1711708150979 3.035282611846924 25
1711708151241 2.9328813552856445 26
1711708151510 2.7534098625183105 27
1711708151739 2.688403844833374 28
1711708152001 2.487178325653076 29
1711708152266 2.3355624675750732 30
1711708152535 2.2409005165100098 31
1711708152765 2.3432202339172363 32
1711708153029 1.9719690084457397 33
