1711708144246 60.79831314086914 0
1711708144521 21.43867301940918 1
1711708144790 8.77937126159668 2
1711708145058 6.454824447631836 3
1711708145323 4.8657989501953125 4
1711708145592 3.6225621700286865 5
1711708145857 3.003937005996704 6
1711708146123 2.694575071334839 7
1711708146392 2.509669065475464 8
1711708146659 2.3229639530181885 9
1711708146925 2.15432071685791 10
1711708147190 1.9898195266723633 11
1711708147488 1.8759886026382446 12
1711708147819 1.762507677078247 13
1711708148089 1.775457739830017 14
1711708148322 1.653825044631958 15
1711708148603 1.5628324747085571 16
1711708148865 1.5461931228637695 17
1711708149149 1.4890061616897583 18
1711708149424 1.4659448862075806 19
1711708149686 1.4239495992660522 20
1711708149954 1.4215731620788574 21
1711708150218 1.4384467601776123 22
1711708150451 1.3840851783752441 23
1711708150713 1.3307075500488281 24
1711708150979 1.3055012226104736 25
1711708151241 1.2772384881973267 26
1711708151510 1.244681715965271 27
1711708151739 1.2304949760437012 28
1711708152001 1.1817550659179688 29
1711708152266 1.1433417797088623 30
1711708152535 1.1232339143753052 31
1711708152765 1.1610881090164185 32
1711708153029 1.056496024131775 33
