1711712374262 5783.0595703125 0
1711712374534 667.39697265625 1
1711712374804 145.26708984375 2
1711712375070 91.16185760498047 3
1711712375337 58.88918685913086 4
1711712375609 37.210994720458984 5
1711712375880 24.60599136352539 6
1711712376148 18.110843658447266 7
1711712376417 14.963553428649902 8
1711712376681 12.539270401000977 9
1711712376948 10.741196632385254 10
1711712377216 9.37695026397705 11
1711712377484 8.118623733520508 12
1711712377751 7.011956214904785 13
1711712378016 6.172972679138184 14
1711712378283 5.686974048614502 15
1711712378554 5.173052787780762 16
1711712378822 4.709403991699219 17
1711712379090 4.647135257720947 18
1711712379360 4.177544116973877 19
1711712379668 4.0652570724487305 20
1711712379937 3.907470703125 21
1711712380166 3.720318078994751 22
1711712380433 3.5860233306884766 23
1711712380671 3.5624701976776123 24
1711712380933 3.4488041400909424 25
1711712381171 3.142491102218628 26
1711712381433 3.1087775230407715 27
1711712381695 2.9353129863739014 28
1711712381926 2.780071496963501 29
1711712382194 2.783910036087036 30
1711712382433 2.6393418312072754 31
1711712382697 2.6023168563842773 32
1711712382963 2.438246011734009 33
1711712383197 2.5087335109710693 34
1711712383463 2.3491175174713135 35
1711712383702 2.1590416431427 36
1711712383965 2.0897459983825684 37
1711712384231 2.190204381942749 38
1711712384469 1.9281679391860962 39
1711712384735 1.9829052686691284 40
1711712384964 2.162055015563965 41
1711712385231 1.84876549243927 42
1711712385463 1.7524937391281128 43
1711712385726 1.7274221181869507 44
1711712385960 1.7901344299316406 45
1711712386225 1.5992149114608765 46
1711712386495 1.5956677198410034 47
1711712386726 1.5320895910263062 48
1711712386957 1.8512418270111084 49
