1711712374262 57.91679000854492 0
1711712374534 19.631099700927734 1
1711712374804 8.3650541305542 2
1711712375070 6.481822490692139 3
1711712375337 5.170043468475342 4
1711712375609 4.065392017364502 5
1711712375880 3.3631949424743652 6
1711712376148 2.9658894538879395 7
1711712376417 2.76183819770813 8
1711712376681 2.5623810291290283 9
1711712376948 2.391895294189453 10
1711712377216 2.2489817142486572 11
1711712377484 2.0907366275787354 12
1711712377751 1.9578973054885864 13
1711712378016 1.836631417274475 14
1711712378283 1.7784712314605713 15
1711712378554 1.703921914100647 16
1711712378822 1.6176552772521973 17
1711712379090 1.6191729307174683 18
1711712379360 1.5317240953445435 19
1711712379668 1.5155457258224487 20
1711712379937 1.4904289245605469 21
1711712380166 1.4536234140396118 22
1711712380433 1.4309457540512085 23
1711712380671 1.42804753780365 24
1711712380933 1.4088994264602661 25
1711712381171 1.3347305059432983 26
1711712381433 1.3327431678771973 27
1711712381695 1.2940155267715454 28
1711712381926 1.2575953006744385 29
1711712382194 1.2564921379089355 30
1711712382433 1.2310181856155396 31
1711712382697 1.217859148979187 32
1711712382963 1.1790088415145874 33
1711712383197 1.2013678550720215 34
1711712383463 1.160768985748291 35
1711712383702 1.1074535846710205 36
1711712383965 1.0894575119018555 37
1711712384231 1.1204264163970947 38
1711712384469 1.0476065874099731 39
1711712384735 1.0627158880233765 40
1711712384964 1.1049771308898926 41
1711712385231 1.0235871076583862 42
1711712385463 0.9990748167037964 43
1711712385726 0.9933876395225525 44
1711712385960 1.0081074237823486 45
1711712386225 0.9502203464508057 46
1711712386495 0.9506566524505615 47
1711712386726 0.9318137764930725 48
1711712386957 1.0307378768920898 49
