1711713141285 6388.203125 0
1711713141561 977.794189453125 1
1711713141830 141.18458557128906 2
1711713142105 84.70514678955078 3
1711713142371 48.44210433959961 4
1711713142642 28.563899993896484 5
1711713142909 20.201141357421875 6
1711713143178 16.50876808166504 7
1711713143447 13.77226734161377 8
1711713143716 10.971952438354492 9
1711713143985 9.05853271484375 10
1711713144254 7.220296382904053 11
1711713144523 6.314040184020996 12
1711713144791 5.4060516357421875 13
1711713145058 5.007367134094238 14
1711713145292 4.8615336418151855 15
1711713145562 4.593315601348877 16
1711713145827 4.389789581298828 17
1711713146096 4.1750874519348145 18
1711713146367 4.01988410949707 19
1711713146599 4.075111389160156 20
1711713146868 3.938542127609253 21
1711713147140 3.9183785915374756 22
1711713147404 3.564044713973999 23
1711713147640 3.731844186782837 24
1711713147907 3.37981915473938 25
1711713148176 3.439093828201294 26
1711713148511 3.2059335708618164 27
1711713148746 2.97627854347229 28
1711713149015 3.2122838497161865 29
1711713149252 3.2568652629852295 30
1711713149522 2.794050455093384 31
1711713149791 2.582179069519043 32
1711713150074 2.7129247188568115 33
1711713150341 2.355133056640625 34
1711713150610 2.3570263385772705 35
1711713150879 2.1625638008117676 36
1711713151149 2.0765624046325684 37
1711713151416 1.872904896736145 38
1711713151691 1.9496663808822632 39
1711713151923 1.6976478099822998 40
1711713152191 1.5679298639297485 41
1711713152426 1.4593669176101685 42
1711713152697 1.4003148078918457 43
