1711713141285 62.05940246582031 0
1711713141561 24.44316864013672 1
1711713141830 8.300034523010254 2
1711713142105 6.255204677581787 3
1711713142371 4.642999649047852 4
1711713142642 3.5938220024108887 5
1711713142909 3.16176438331604 6
1711713143178 2.925647735595703 7
1711713143447 2.699603796005249 8
1711713143716 2.416285514831543 9
1711713143985 2.201828718185425 10
1711713144254 1.9789557456970215 11
1711713144523 1.853480577468872 12
1711713144791 1.7318230867385864 13
1711713145058 1.6645779609680176 14
1711713145292 1.646506667137146 15
1711713145562 1.6087254285812378 16
1711713145827 1.5728143453598022 17
1711713146096 1.5314021110534668 18
1711713146367 1.5039225816726685 19
1711713146599 1.5208020210266113 20
1711713146868 1.4922230243682861 21
1711713147140 1.4896736145019531 22
1711713147404 1.4168272018432617 23
1711713147640 1.4556409120559692 24
1711713147907 1.3773832321166992 25
1711713148176 1.392048716545105 26
1711713148511 1.3442012071609497 27
1711713148746 1.2929096221923828 28
1711713149015 1.3470978736877441 29
1711713149252 1.363654613494873 30
1711713149522 1.2525938749313354 31
1711713149791 1.1970436573028564 32
1711713150074 1.227779507637024 33
1711713150341 1.150443196296692 34
1711713150610 1.1529724597930908 35
1711713150879 1.1023666858673096 36
1711713151149 1.0848461389541626 37
1711713151416 1.0256885290145874 38
1711713151691 1.048846960067749 39
1711713151923 0.9777528643608093 40
1711713152191 0.9375460743904114 41
1711713152426 0.9048786163330078 42
1711713152697 0.8840460181236267 43
