1711958288386 6107.8583984375 0
1711958288659 997.2562255859375 1
1711958288922 174.1568145751953 2
1711958289188 104.39710998535156 3
1711958289464 70.09526824951172 4
1711958289728 49.57502746582031 5
1711958289988 36.18391418457031 6
1711958290251 27.121488571166992 7
1711958290514 21.502933502197266 8
1711958290775 17.47702980041504 9
1711958291041 14.655289649963379 10
1711958291302 12.208074569702148 11
1711958291569 10.043508529663086 12
1711958291838 7.879187107086182 13
1711958292100 6.222586631774902 14
1711958292364 5.1728835105896 15
1711958292625 4.222898960113525 16
1711958292888 3.5778303146362305 17
1711958293182 3.282482624053955 18
1711958293454 2.8999085426330566 19
1711958293718 2.7052834033966064 20
1711958293944 2.550809621810913 21
1711958294170 2.327721357345581 22
1711958294467 2.2769393920898438 23
1711958294729 2.166220188140869 24
1711958294989 2.1421358585357666 25
1711958295214 2.117414951324463 26
1711958295477 1.9591304063796997 27
1711958295740 1.9688488245010376 28
1711958295967 1.86713445186615 29
1711958296230 1.8966056108474731 30
1711958296490 1.8343762159347534 31
1711958296754 1.7397311925888062 32
1711958297015 1.6588138341903687 33
1711958297277 1.654617190361023 34
1711958297504 1.6587743759155273 35
1711958297765 1.5688931941986084 36
