1711958288386 60.37525939941406 0
1711958288659 25.227745056152344 1
1711958288922 9.167108535766602 2
1711958289188 6.875800132751465 3
1711958289464 5.586220741271973 4
1711958289728 4.73874044418335 5
1711958289988 4.097123622894287 6
1711958290251 3.6117444038391113 7
1711958290514 3.259298086166382 8
1711958290775 2.9585440158843994 9
1711958291041 2.7267351150512695 10
1711958291302 2.4896926879882812 11
1711958291569 2.265528678894043 12
1711958291838 1.9964271783828735 13
1711958292100 1.7839781045913696 14
1711958292364 1.6337651014328003 15
1711958292625 1.4695202112197876 16
1711958292888 1.365553379058838 17
1711958293182 1.3275035619735718 18
1711958293454 1.2490078210830688 19
1711958293718 1.2184077501296997 20
1711958293944 1.191497802734375 21
1711958294170 1.1385475397109985 22
1711958294467 1.1322996616363525 23
1711958294729 1.1074714660644531 24
1711958294989 1.1051827669143677 25
1711958295214 1.0957419872283936 26
1711958295477 1.0541481971740723 27
1711958295740 1.0577163696289062 28
1711958295967 1.028106689453125 29
1711958296230 1.0412957668304443 30
1711958296490 1.0200295448303223 31
1711958296754 0.994715690612793 32
1711958297015 0.9691183567047119 33
1711958297277 0.9644513726234436 34
1711958297504 0.9681798219680786 35
1711958297765 0.9423507452011108 36
