1711713178834 58.15572738647461 0
1711713179111 21.407787322998047 1
1711713179380 7.795183181762695 2
1711713179650 5.434726715087891 3
1711713179919 4.045027732849121 4
1711713180189 3.437593936920166 5
1711713180457 3.0849366188049316 6
1711713180727 2.83817458152771 7
1711713180996 2.532984972000122 8
1711713181269 2.2819998264312744 9
1711713181538 2.112020254135132 10
1711713181816 1.9636682271957397 11
1711713182081 1.908441185951233 12
1711713182349 1.8259692192077637 13
1711713182619 1.6816726922988892 14
1711713182887 1.602548360824585 15
1711713183156 1.554061770439148 16
1711713183424 1.4894568920135498 17
1711713183693 1.4231394529342651 18
1711713183964 1.3550797700881958 19
1711713184233 1.337534785270691 20
1711713184468 1.2341721057891846 21
1711713184757 1.237419605255127 22
1711713185025 1.1615288257598877 23
1711713185295 1.1388109922409058 24
1711713185559 1.1006975173950195 25
1711713185825 1.0253831148147583 26
1711713186091 1.0344569683074951 27
1711713186357 0.9778367280960083 28
1711713186629 0.9298707246780396 29
1711713186895 0.9198530316352844 30
1711713187164 0.9528040289878845 31
1711713187402 0.8995983600616455 32
1711713187667 0.8459478616714478 33
1711713187934 0.841340184211731 34
1711713188202 0.7983907461166382 35
1711713188438 0.8135769963264465 36
1711713188702 0.7231513857841492 37
1711713188938 0.763323962688446 38
1711713189207 0.7164915204048157 39
1711713189474 0.6751925945281982 40
1711713189743 0.6647558808326721 41
1711713190010 0.6345428228378296 42
1711713190249 0.6269019842147827 43
1711713190513 0.5997822284698486 44
