1711713178834 5792.220703125 0
1711713179111 772.5567016601562 1
1711713179380 133.7099609375 2
1711713179650 73.24800872802734 3
1711713179919 41.34839630126953 4
1711713180189 26.74959945678711 5
1711713180457 19.8764591217041 6
1711713180727 15.898290634155273 7
1711713180996 12.535287857055664 8
1711713181269 10.161174774169922 9
1711713181538 8.653630256652832 10
1711713181816 7.458210468292236 11
1711713182081 6.893220901489258 12
1711713182349 6.2508416175842285 13
1711713182619 5.40098237991333 14
1711713182887 4.8785552978515625 15
1711713183156 4.521491050720215 16
1711713183424 4.124664783477783 17
1711713183693 3.7404069900512695 18
1711713183964 3.3869388103485107 19
1711713184233 3.2456395626068115 20
1711713184468 2.805039167404175 21
1711713184757 2.7379891872406006 22
1711713185025 2.4075517654418945 23
1711713185295 2.327126979827881 24
1711713185559 2.1850883960723877 25
1711713185825 1.9071589708328247 26
1711713186091 1.932343602180481 27
1711713186357 1.7411398887634277 28
1711713186629 1.5747405290603638 29
1711713186895 1.530206322669983 30
1711713187164 1.623415231704712 31
1711713187402 1.4619710445404053 32
1711713187667 1.2849533557891846 33
1711713187934 1.2739670276641846 34
1711713188202 1.1472418308258057 35
1711713188438 1.185455322265625 36
1711713188702 0.9622808694839478 37
1711713188938 1.0426275730133057 38
1711713189207 0.9207407832145691 39
1711713189474 0.8214412331581116 40
1711713189743 0.8002261519432068 41
1711713190010 0.7299688458442688 42
1711713190249 0.7044405341148376 43
1711713190513 0.6409719586372375 44
