1711710670257 6020.4189453125 0
1711710670623 953.156982421875 1
1711710671240 151.51170349121094 2
1711710671508 78.22769927978516 3
1711710671779 48.08450698852539 4
1711710672047 33.80074691772461 5
1711710672312 26.581037521362305 6
1711710672576 21.66775894165039 7
1711710672840 18.24397850036621 8
1711710673109 15.51351261138916 9
1711710673375 13.250541687011719 10
1711710673641 10.795019149780273 11
1711710673905 8.989028930664062 12
1711710674174 7.627863883972168 13
1711710674439 6.5969157218933105 14
1711710674709 5.946210861206055 15
1711710674972 5.5333943367004395 16
1711710675209 5.021700859069824 17
1711710675539 4.7150559425354 18
1711710675806 4.530789375305176 19
1711710676035 4.321224689483643 20
1711710676303 4.080810546875 21
1711710676538 4.276339530944824 22
1711710676806 3.7826642990112305 23
1711710677069 3.8598225116729736 24
1711710677337 3.515225887298584 25
1711710677599 3.2834277153015137 26
1711710677832 3.3727641105651855 27
1711710678098 3.0873146057128906 28
1711710678363 2.8728349208831787 29
1711710678631 2.904071569442749 30
1711710678897 2.646608591079712 31
1711710679173 2.6796674728393555 32
1711710679403 2.449765205383301 33
1711710679668 2.291210889816284 34
1711710679933 2.0534675121307373 35
1711710680160 2.118807077407837 36
1711710680427 1.8732175827026367 37
1711710680654 1.7913981676101685 38
1711710680951 1.6857539415359497 39
1711710681216 1.5966389179229736 40
1711710681494 1.481695294380188 41
1711710681728 1.5253798961639404 42
1711710681958 1.5598974227905273 43
