1711710670257 60.11100769042969 0
1711710670623 24.284440994262695 1
1711710671240 8.528596878051758 2
1711710671508 5.802472114562988 3
1711710671779 4.625687122344971 4
1711710672047 4.020376205444336 5
1711710672312 3.650547742843628 6
1711710672576 3.376115322113037 7
1711710672840 3.13094162940979 8
1711710673109 2.9079222679138184 9
1711710673375 2.6864283084869385 10
1711710673641 2.4365739822387695 11
1711710673905 2.2138853073120117 12
1711710674174 2.04472279548645 13
1711710674439 1.9112977981567383 14
1711710674709 1.8240478038787842 15
1711710674972 1.7605587244033813 16
1711710675209 1.680070400238037 17
1711710675539 1.6305259466171265 18
1711710675806 1.601904034614563 19
1711710676035 1.569471836090088 20
1711710676303 1.5204720497131348 21
1711710676538 1.5633753538131714 22
1711710676806 1.4657268524169922 23
1711710677069 1.4864158630371094 24
1711710677337 1.4072147607803345 25
1711710677599 1.3645751476287842 26
1711710677832 1.379165768623352 27
1711710678098 1.3229979276657104 28
1711710678363 1.275023341178894 29
1711710678631 1.2877472639083862 30
1711710678897 1.229493260383606 31
1711710679173 1.2359397411346436 32
1711710679403 1.181997299194336 33
1711710679668 1.1392215490341187 34
1711710679933 1.073806881904602 35
1711710680160 1.097010850906372 36
1711710680427 1.0313619375228882 37
1711710680654 1.0146698951721191 38
1711710680951 0.9740894436836243 39
1711710681216 0.9503418803215027 40
1711710681494 0.9195195436477661 41
1711710681728 0.9360828399658203 42
1711710681958 0.9461063742637634 43
