1711959426698 5705.701171875 0
1711959426974 614.2516479492188 1
1711959427248 132.1184539794922 2
1711959427520 75.4843521118164 3
1711959427790 48.1826286315918 4
1711959428063 33.841270446777344 5
1711959428333 26.207792282104492 6
1711959428604 21.328176498413086 7
1711959428912 17.601102828979492 8
1711959429185 14.956354141235352 9
1711959429460 12.627119064331055 10
1711959429738 11.17255973815918 11
1711959430009 9.931098937988281 12
1711959430281 8.924772262573242 13
1711959430552 8.408004760742188 14
1711959430841 7.778241157531738 15
1711959431114 7.240668773651123 16
1711959431384 6.753519058227539 17
1711959431681 6.407991409301758 18
1711959431957 6.165007591247559 19
1711959432255 5.690159797668457 20
1711959432535 5.6538190841674805 21
1711959432808 5.481229305267334 22
1711959433081 5.410862922668457 23
1711959433319 5.136190414428711 24
