1711959426698 57.928794860839844 0
1711959426974 18.66761016845703 1
1711959427248 8.035422325134277 2
1711959427520 5.71040153503418 3
1711959427790 4.644901752471924 4
1711959428063 4.0163164138793945 5
1711959428333 3.6309399604797363 6
1711959428604 3.3212032318115234 7
1711959428912 3.0374786853790283 8
1711959429185 2.813044309616089 9
1711959429460 2.5882766246795654 10
1711959429738 2.463322639465332 11
1711959430009 2.311593532562256 12
1711959430281 2.197911500930786 13
1711959430552 2.1345252990722656 14
1711959430841 2.0599846839904785 15
1711959431114 1.9914084672927856 16
1711959431384 1.921014666557312 17
1711959431681 1.8633238077163696 18
1711959431957 1.8225051164627075 19
1711959432255 1.7489280700683594 20
1711959432535 1.7477394342422485 21
1711959432808 1.7166011333465576 22
1711959433081 1.7068755626678467 23
1711959433319 1.6452785730361938 24
