1711713539229 59.575138092041016 0
1711713539498 20.893890380859375 1
1711713539774 7.87530517578125 2
1711713540040 5.542000770568848 3
1711713540310 4.4325995445251465 4
1711713540580 3.733645439147949 5
1711713540847 3.249908447265625 6
1711713541118 2.7169880867004395 7
1711713541392 2.3473002910614014 8
1711713541662 2.061159372329712 9
1711713541932 1.7841721773147583 10
1711713542197 1.6647834777832031 11
1711713542466 1.4960216283798218 12
1711713542744 1.4828702211380005 13
1711713543009 1.4406718015670776 14
1711713543277 1.3652167320251465 15
1711713543547 1.338565468788147 16
1711713543776 1.3489302396774292 17
1711713544047 1.291815996170044 18
1711713544312 1.278281807899475 19
1711713544582 1.185369610786438 20
1711713544850 1.1646242141723633 21
1711713545119 1.1364631652832031 22
1711713545388 1.1147923469543457 23
1711713545719 1.1200835704803467 24
1711713545992 1.0610731840133667 25
1711713546229 1.0305545330047607 26
1711713546496 1.0099769830703735 27
1711713546735 0.9538636207580566 28
1711713546964 0.9397256374359131 29
1711713547232 0.9322407841682434 30
1711713547467 0.9295953512191772 31
1711713547738 0.8692110180854797 32
1711713547975 0.8954051733016968 33
1711713548243 0.8293392658233643 34
1711713548510 0.8066816329956055 35
1711713548781 0.7958943247795105 36
1711713549011 0.7864614129066467 37
1711713549278 0.8182659149169922 38
1711713549516 0.7409775853157043 39
1711713549781 0.7120453119277954 40
1711713550048 0.721329927444458 41
1711713550319 0.7311745285987854 42
1711713550590 0.7004918456077576 43
1711713550822 0.6959664821624756 44
1711713551067 0.6880524754524231 45
