1711713539229 6098.13623046875 0
1711713539498 734.6084594726562 1
1711713539774 134.58546447753906 2
1711713540040 73.8183822631836 3
1711713540310 45.6599235534668 4
1711713540580 30.574180603027344 5
1711713540847 21.909894943237305 6
1711713541118 15.2387113571167 7
1711713541392 11.181756019592285 8
1711713541662 8.500925064086914 9
1711713541932 6.398136615753174 10
1711713542197 5.367166519165039 11
1711713542466 4.37204122543335 12
1711713542744 4.136901378631592 13
1711713543009 3.8337604999542236 14
1711713543277 3.4371464252471924 15
1711713543547 3.2907278537750244 16
1711713543776 3.2670395374298096 17
1711713544047 3.007448196411133 18
1711713544312 2.9391098022460938 19
1711713544582 2.550779342651367 20
1711713544850 2.4399290084838867 21
1711713545119 2.3149571418762207 22
1711713545388 2.206876277923584 23
1711713545719 2.222398042678833 24
1711713545992 2.005117177963257 25
1711713546229 1.8859143257141113 26
1711713546496 1.7968878746032715 27
1711713546735 1.630859375 28
1711713546964 1.5660995244979858 29
1711713547232 1.5306018590927124 30
1711713547467 1.5119702816009521 31
1711713547738 1.3203098773956299 32
1711713547975 1.4100062847137451 33
1711713548243 1.2054492235183716 34
1711713548510 1.1345458030700684 35
1711713548781 1.0983389616012573 36
1711713549011 1.0776904821395874 37
1711713549278 1.159604549407959 38
1711713549516 0.9510298371315002 39
1711713549781 0.885995090007782 40
1711713550048 0.897099494934082 41
1711713550319 0.9234966039657593 42
1711713550590 0.843940794467926 43
1711713550822 0.8285074830055237 44
1711713551067 0.8088125586509705 45
