1711958064250 5785.212890625 0
1711958064524 542.8389282226562 1
1711958064794 148.9547882080078 2
1711958065063 84.08210754394531 3
1711958065332 48.211761474609375 4
1711958065600 29.192806243896484 5
1711958065867 21.018163681030273 6
1711958066135 16.421537399291992 7
1711958066402 13.459351539611816 8
1711958066679 11.484389305114746 9
1711958066948 10.103100776672363 10
1711958067217 9.074010848999023 11
1711958067486 8.010444641113281 12
1711958067754 7.3587117195129395 13
1711958068021 6.774091720581055 14
1711958068289 6.4319915771484375 15
1711958068557 6.061334133148193 16
1711958068792 5.771936416625977 17
1711958069049 5.5221405029296875 18
1711958069317 5.164052486419678 19
1711958069582 5.063056945800781 20
1711958069849 4.92371129989624 21
1711958070116 4.82412052154541 22
1711958070351 5.097786903381348 23
1711958070629 4.557631015777588 24
1711958070930 4.6056365966796875 25
1711958071211 4.47591495513916 26
1711958071509 4.341634750366211 27
1711958071787 4.397299766540527 28
1711958072022 4.134889602661133 29
1711958072303 4.074969291687012 30
1711958072585 3.7632954120635986 31
1711958072863 3.675830125808716 32
1711958073137 3.68367600440979 33
1711958073412 3.6726863384246826 34
1711958073694 3.618649959564209 35
1711958073975 3.3607351779937744 36
1711958074253 3.384594202041626 37
1711958074520 3.262761354446411 38
1711958074787 3.3179194927215576 39
1711958075054 3.0403149127960205 40
1711958075318 2.9214255809783936 41
1711958075584 2.878387928009033 42
1711958075819 2.8310940265655518 43
1711958076085 2.8045806884765625 44
1711958076319 2.7924575805664062 45
1711958076594 2.4845519065856934 46
1711958076859 2.4074785709381104 47
1711958077126 2.3384010791778564 48
1711958077359 2.254873752593994 49
