1711958064250 57.903846740722656 0
1711958064524 17.436033248901367 1
1711958064794 8.611406326293945 2
1711958065063 6.1534953117370605 3
1711958065332 4.527972221374512 4
1711958065600 3.529740333557129 5
1711958065867 3.123337507247925 6
1711958066135 2.826157808303833 7
1711958066402 2.5964529514312744 8
1711958066679 2.4180796146392822 9
1711958066948 2.2819039821624756 10
1711958067217 2.1744725704193115 11
1711958067486 2.046497344970703 12
1711958067754 1.964046835899353 13
1711958068021 1.8904651403427124 14
1711958068289 1.8564248085021973 15
1711958068557 1.800865888595581 16
1711958068792 1.7580482959747314 17
1711958069049 1.7202845811843872 18
1711958069317 1.6547234058380127 19
1711958069582 1.6400043964385986 20
1711958069849 1.6131787300109863 21
1711958070116 1.5979585647583008 22
1711958070351 1.6562206745147705 23
1711958070629 1.5465174913406372 24
1711958070930 1.5621964931488037 25
1711958071211 1.5381191968917847 26
1711958071509 1.5231070518493652 27
1711958071787 1.5443867444992065 28
1711958072022 1.4946057796478271 29
1711958072303 1.4827617406845093 30
1711958072585 1.416632056236267 31
1711958072863 1.406638741493225 32
1711958073137 1.4113574028015137 33
1711958073412 1.4104186296463013 34
1711958073694 1.4080959558486938 35
1711958073975 1.3454440832138062 36
1711958074253 1.3442351818084717 37
1711958074520 1.3283196687698364 38
1711958074787 1.343687891960144 39
1711958075054 1.2774826288223267 40
1711958075318 1.2523736953735352 41
1711958075584 1.2431323528289795 42
1711958075819 1.2403377294540405 43
1711958076085 1.2354601621627808 44
1711958076319 1.2405163049697876 45
1711958076594 1.1464464664459229 46
1711958076859 1.1288237571716309 47
1711958077126 1.1131784915924072 48
1711958077359 1.0993852615356445 49
