1711708246005 58.09700012207031 0
1711708246279 18.76384925842285 1
1711708246549 7.734300136566162 2
1711708246814 5.900485992431641 3
1711708247081 4.798876762390137 4
1711708247344 3.991774797439575 5
1711708247606 3.596430778503418 6
1711708247871 3.3549890518188477 7
1711708248133 2.968600273132324 8
1711708248397 2.631657838821411 9
1711708248728 2.3071463108062744 10
1711708249222 1.9592679738998413 11
1711708249492 1.7551401853561401 12
1711708249762 1.5972346067428589 13
1711708250046 1.528496265411377 14
1711708250314 1.4565362930297852 15
1711708250596 1.408379316329956 16
1711708250827 1.3854252099990845 17
1711708251105 1.3303625583648682 18
1711708251371 1.3229683637619019 19
1711708251633 1.231225609779358 20
1711708251898 1.2106716632843018 21
1711708252159 1.1931766271591187 22
1711708252428 1.1755355596542358 23
1711708252658 1.1311633586883545 24
1711708252920 1.0973578691482544 25
1711708253186 1.0905019044876099 26
1711708253417 1.046614408493042 27
1711708253682 1.0245580673217773 28
1711708253999 1.008498191833496 29
1711708254231 1.0134268999099731 30
1711708254494 0.9818289279937744 31
1711708254765 0.925783097743988 32
1711708255032 0.896740198135376 33
1711708255263 0.8947569727897644 34
1711708255526 0.911316454410553 35
1711708255793 0.879960298538208 36
1711708256058 0.8105711340904236 37
1711708256286 0.850937008857727 38
1711708256564 0.8080010414123535 39
1711708256827 0.7585710883140564 40
1711708257093 0.8191422820091248 41
1711708257325 0.7019059658050537 42
1711708257588 0.7130630016326904 43
1711708257848 0.7568021416664124 44
1711708258111 0.7384337782859802 45
1711708258346 0.6773276329040527 46
1711708258607 0.7045108079910278 47
1711708258874 0.6225850582122803 48
1711708259110 0.643203616142273 49
