1711708246005 5718.88720703125 0
1711708246279 640.8897094726562 1
1711708246549 131.73150634765625 2
1711708246814 79.3955307006836 3
1711708247081 51.26194381713867 4
1711708247344 34.685543060302734 5
1711708247606 26.21235466003418 6
1711708247871 21.826936721801758 7
1711708248133 17.050750732421875 8
1711708248397 13.343755722045898 9
1711708248728 10.035910606384277 10
1711708249222 7.277139663696289 11
1711708249492 5.726358413696289 12
1711708249762 4.6880974769592285 13
1711708250046 4.22310733795166 14
1711708250314 3.8162081241607666 15
1711708250596 3.5587735176086426 16
1711708250827 3.418933629989624 17
1711708251105 3.130260944366455 18
1711708251371 3.1014890670776367 19
1711708251633 2.7158970832824707 20
1711708251898 2.6217634677886963 21
1711708252159 2.541060209274292 22
1711708252428 2.4613049030303955 23
1711708252658 2.2840845584869385 24
1711708252920 2.1557302474975586 25
1711708253186 2.1244664192199707 26
1711708253417 1.966088056564331 27
1711708253682 1.869320034980774 28
1711708253999 1.8137667179107666 29
1711708254231 1.8057305812835693 30
1711708254494 1.6861594915390015 31
1711708254765 1.5224040746688843 32
1711708255032 1.428174614906311 33
1711708255263 1.4130783081054688 34
1711708255526 1.449439525604248 35
1711708255793 1.363397240638733 36
1711708256058 1.159035086631775 37
1711708256286 1.2512357234954834 38
1711708256564 1.1316912174224854 39
1711708256827 1.0075798034667969 40
1711708257093 1.1548124551773071 41
1711708257325 0.8595713376998901 42
1711708257588 0.8839564919471741 43
1711708257848 1.0017987489700317 44
1711708258111 0.9349285960197449 45
1711708258346 0.785943865776062 46
1711708258607 0.8622046709060669 47
1711708258874 0.6674289107322693 48
1711708259110 0.7101595997810364 49
