1711709538023 57.62494659423828 0
1711709538297 20.740903854370117 1
1711709538563 8.302043914794922 2
1711709538831 5.933345794677734 3
1711709539098 4.4753193855285645 4
1711709539364 3.831284284591675 5
1711709539627 3.3026537895202637 6
1711709539896 2.9489142894744873 7
1711709540161 2.6470847129821777 8
1711709540425 2.4253809452056885 9
1711709540691 2.185725212097168 10
1711709540953 2.0457658767700195 11
1711709541219 1.8941200971603394 12
1711709541485 1.771125078201294 13
1711709541750 1.6990463733673096 14
1711709542013 1.590809941291809 15
1711709542275 1.530868649482727 16
1711709542536 1.4868770837783813 17
1711709542800 1.4127001762390137 18
1711709543061 1.3851453065872192 19
1711709543297 1.3305927515029907 20
1711709543564 1.3129395246505737 21
1711709543825 1.265382170677185 22
1711709544087 1.2739393711090088 23
1711709544317 1.2100551128387451 24
1711709544608 1.1998958587646484 25
1711709544868 1.1630409955978394 26
1711709545130 1.1627353429794312 27
1711709545393 1.1773204803466797 28
1711709545621 1.1203627586364746 29
1711709545856 1.0732332468032837 30
1711709546118 1.0687978267669678 31
1711709546348 1.0851420164108276 32
1711709546608 1.0017907619476318 33
1711709546872 0.987072765827179 34
1711709547101 0.9603363275527954 35
1711709547376 0.9366394877433777 36
1711709547647 0.8973764181137085 37
1711709547914 0.855555534362793 38
1711709548181 0.8296598196029663 39
1711709548443 0.8002622723579407 40
1711709548669 0.7752073407173157 41
1711709548932 0.7379523515701294 42
1711709549197 0.7137106657028198 43
1711709549456 0.7263273596763611 44
1711709549718 0.6999670267105103 45
1711709549982 0.6628711223602295 46
1711709550210 0.6758816838264465 47
1711709550469 0.6742242574691772 48
1711709550735 0.6217363476753235 49
