1711709538023 5715.64404296875 0
1711709538297 721.1741943359375 1
1711709538563 143.4001007080078 2
1711709538831 82.34774017333984 3
1711709539098 49.071651458740234 4
1711709539364 33.26955032348633 5
1711709539627 23.52191162109375 6
1711709539896 18.063806533813477 7
1711709540161 14.184682846069336 8
1711709540425 11.717910766601562 9
1711709540691 9.445653915405273 10
1711709540953 8.104220390319824 11
1711709541219 6.83339262008667 12
1711709541485 5.9324188232421875 13
1711709541750 5.334160327911377 14
1711709542013 4.686140537261963 15
1711709542275 4.286952495574951 16
1711709542536 3.9888782501220703 17
1711709542800 3.622218132019043 18
1711709543061 3.444828987121582 19
1711709543297 3.175928831100464 20
1711709543564 3.0746755599975586 21
1711709543825 2.8635900020599365 22
1711709544087 2.877811908721924 23
1711709544317 2.621138095855713 24
1711709544608 2.5716590881347656 25
1711709544868 2.4118809700012207 26
1711709545130 2.392559289932251 27
1711709545393 2.4542081356048584 28
1711709545621 2.228203296661377 29
1711709545856 2.0549139976501465 30
1711709546118 2.034433603286743 31
1711709546348 2.067936897277832 32
1711709546608 1.7882848978042603 33
1711709546872 1.7205952405929565 34
1711709547101 1.622273564338684 35
1711709547376 1.5296422243118286 36
1711709547647 1.4058332443237305 37
1711709547914 1.2845133543014526 38
1711709548181 1.2056936025619507 39
1711709548443 1.1182786226272583 40
1711709548669 1.0564073324203491 41
1711709548932 0.9586403369903564 42
1711709549197 0.8936032056808472 43
1711709549456 0.908698320388794 44
1711709549718 0.8491628766059875 45
1711709549982 0.7679821848869324 46
1711709550210 0.7844913005828857 47
1711709550469 0.7858763337135315 48
1711709550735 0.6772103905677795 49
