1711713369984 57.692813873291016 0
1711713370256 18.179283142089844 1
1711713370528 7.096641540527344 2
1711713370799 4.505432605743408 3
1711713371071 3.603134870529175 4
1711713371342 3.1808676719665527 5
1711713371614 2.9559884071350098 6
1711713371884 2.724552631378174 7
1711713372155 2.3955819606781006 8
1711713372432 2.204453468322754 9
1711713372702 2.0058224201202393 10
1711713372977 1.9389925003051758 11
1711713373244 1.782240390777588 12
1711713373517 1.7668094635009766 13
1711713373787 1.69861900806427 14
1711713374061 1.6308969259262085 15
1711713374339 1.6416664123535156 16
1711713374582 1.6025372743606567 17
1711713374858 1.5775092840194702 18
1711713375096 1.5054998397827148 19
1711713375428 1.4831762313842773 20
1711713375664 1.464545488357544 21
1711713375932 1.4725178480148315 22
1711713376205 1.4226899147033691 23
1711713376474 1.3880892992019653 24
1711713376707 1.4265663623809814 25
1711713376976 1.3532317876815796 26
1711713377216 1.3058966398239136 27
1711713377457 1.2891552448272705 28
1711713377728 1.2755757570266724 29
1711713377996 1.221777081489563 30
1711713378233 1.1971726417541504 31
1711713378505 1.2317966222763062 32
1711713378772 1.109768033027649 33
1711713379043 1.1226763725280762 34
1711713379309 1.133099913597107 35
1711713379579 1.079039454460144 36
1711713379847 1.0129128694534302 37
1711713380087 0.9851508736610413 38
1711713380353 0.9664076566696167 39
1711713380590 0.954028308391571 40
1711713380864 0.924245297908783 41
1711713381094 0.9351961016654968 42
1711713381360 0.8935436010360718 43
1711713381596 0.8716535568237305 44
1711713381863 0.9653681516647339 45
1711713382132 0.8089991807937622 46
1711713382430 0.8003218173980713 47
1711713382698 0.7615561485290527 48
1711713382937 0.8067650198936462 49
