1711713369984 5691.9580078125 0
1711713370256 590.3174438476562 1
1711713370528 115.09367370605469 2
1711713370799 51.862457275390625 3
1711713371071 29.752809524536133 4
1711713371342 21.614830017089844 5
1711713371614 17.537927627563477 6
1711713371884 14.48026180267334 7
1711713372155 11.39700698852539 8
1711713372432 9.415145874023438 9
1711713372702 7.84356689453125 10
1711713372977 7.101490020751953 11
1711713373244 6.082204818725586 12
1711713373517 5.756050109863281 13
1711713373787 5.335330009460449 14
1711713374061 4.931869983673096 15
1711713374339 4.909097194671631 16
1711713374582 4.678401470184326 17
1711713374858 4.487438678741455 18
1711713375096 4.124528884887695 19
1711713375428 3.9934444427490234 20
1711713375664 3.8394827842712402 21
1711713375932 3.8855903148651123 22
1711713376205 3.6289055347442627 23
1711713376474 3.450094699859619 24
1711713376707 3.6233105659484863 25
1711713376976 3.261312246322632 26
1711713377216 3.042800188064575 27
1711713377457 2.9786064624786377 28
1711713377728 2.9108810424804688 29
1711713377996 2.650015354156494 30
1711713378233 2.547516345977783 31
1711713378505 2.652003288269043 32
1711713378772 2.1800761222839355 33
1711713379043 2.203158140182495 34
1711713379309 2.2444634437561035 35
1711713379579 2.0201311111450195 36
1711713379847 1.7843345403671265 37
1711713380087 1.7093770503997803 38
1711713380353 1.6124982833862305 39
1711713380590 1.5891125202178955 40
1711713380864 1.4927912950515747 41
1711713381094 1.4988539218902588 42
1711713381360 1.3903661966323853 43
1711713381596 1.3175297975540161 44
1711713381863 1.5748103857040405 45
1711713382132 1.133644461631775 46
1711713382430 1.1150550842285156 47
1711713382698 1.010328769683838 48
1711713382937 1.1219266653060913 49
