1711714613209 6772.25146484375 0
1711714613482 1212.0009765625 1
1711714613759 181.98989868164062 2
1711714614041 95.2236099243164 3
1711714614309 57.35279846191406 4
1711714614578 38.33283996582031 5
1711714614847 28.894046783447266 6
1711714615117 23.085391998291016 7
1711714615393 19.167707443237305 8
1711714615659 15.534767150878906 9
1711714615929 13.349390983581543 10
1711714616199 11.167954444885254 11
1711714616468 9.486352920532227 12
1711714616739 7.944714546203613 13
1711714617007 7.2100958824157715 14
1711714617280 6.486182689666748 15
1711714617517 5.936028480529785 16
1711714617786 5.284985542297363 17
1711714618052 5.106257438659668 18
1711714618322 4.494686126708984 19
1711714618561 4.306856632232666 20
1711714618827 4.398491859436035 21
1711714619096 3.962806463241577 22
1711714619331 3.704299211502075 23
1711714619604 3.3669397830963135 24
1711714619869 3.14858078956604 25
1711714620141 2.9531867504119873 26
1711714620411 2.6463990211486816 27
1711714620681 2.312164783477783 28
1711714620953 2.2674622535705566 29
1711714621192 2.0512964725494385 30
1711714621459 1.891232967376709 31
1711714621729 1.7619472742080688 32
1711714622019 1.6647675037384033 33
1711714622304 1.5079807043075562 34
1711714622553 1.4779958724975586 35
