1711714613209 63.40398406982422 0
1711714613482 28.583404541015625 1
1711714613759 9.420148849487305 2
1711714614041 6.462028980255127 3
1711714614309 4.9117431640625 4
1711714614578 4.141358852386475 5
1711714614847 3.701802968978882 6
1711714615117 3.382415294647217 7
1711714615393 3.1361937522888184 8
1711714615659 2.8402843475341797 9
1711714615929 2.652573585510254 10
1711714616199 2.4290459156036377 11
1711714616468 2.2499911785125732 12
1711714616739 2.0544378757476807 13
1711714617007 1.96514093875885 14
1711714617280 1.885926365852356 15
1711714617517 1.806427240371704 16
1711714617786 1.7085654735565186 17
1711714618052 1.6871998310089111 18
1711714618322 1.5716434717178345 19
1711714618561 1.544430136680603 20
1711714618827 1.5739257335662842 21
1711714619096 1.4871670007705688 22
1711714619331 1.4358795881271362 23
1711714619604 1.374210000038147 24
1711714619869 1.3336135149002075 25
1711714620141 1.2925808429718018 26
1711714620411 1.2271214723587036 27
1711714620681 1.1401044130325317 28
1711714620953 1.1350150108337402 29
1711714621192 1.070618748664856 30
1711714621459 1.0287282466888428 31
1711714621729 0.9926093816757202 32
1711714622019 0.9671056866645813 33
1711714622304 0.9161189794540405 34
1711714622553 0.9130625128746033 35
