1711713465283 6192.33154296875 0
1711713465561 884.9615478515625 1
1711713465829 193.13897705078125 2
1711713466103 111.03659057617188 3
1711713466370 69.93782043457031 4
1711713466643 45.79051208496094 5
1711713466912 31.52771759033203 6
1711713467182 22.609079360961914 7
1711713467450 17.60790252685547 8
1711713467723 13.434087753295898 9
1711713467992 10.571784019470215 10
1711713468265 8.415362358093262 11
1711713468531 7.330296039581299 12
1711713468800 5.692368507385254 13
1711713469104 5.014424800872803 14
1711713469374 4.491489887237549 15
1711713469650 4.106363773345947 16
1711713469886 3.8323912620544434 17
1711713470157 3.428250789642334 18
1711713470426 3.1715738773345947 19
1711713470696 2.932652711868286 20
1711713470964 2.91561222076416 21
1711713471233 2.569615364074707 22
1711713471534 2.4769694805145264 23
1711713471794 2.360898971557617 24
1711713472062 2.105015516281128 25
1711713472343 1.9940903186798096 26
1711713472619 1.8389019966125488 27
1711713472889 1.7402459383010864 28
1711713473157 1.7035046815872192 29
1711713473392 1.546778678894043 30
1711713473661 1.4345285892486572 31
1711713473929 1.4994111061096191 32
1711713474198 1.3459980487823486 33
1711713474469 1.1753875017166138 34
1711713474702 1.2524641752243042 35
1711713474942 1.1242649555206299 36
1711713475206 1.0351810455322266 37
1711713475445 1.1952491998672485 38
1711713475674 0.9597401022911072 39
