1711713465283 60.359676361083984 0
1711713465561 23.640981674194336 1
1711713465829 9.569673538208008 2
1711713466103 6.922595977783203 3
1711713466370 5.470390796661377 4
1711713466643 4.49392557144165 5
1711713466912 3.832084894180298 6
1711713467182 3.340334415435791 7
1711713467450 3.0121543407440186 8
1711713467723 2.6259546279907227 9
1711713467992 2.3416695594787598 10
1711713468265 2.0881824493408203 11
1711713468531 1.9777313470840454 12
1711713468800 1.7347723245620728 13
1711713469104 1.6421140432357788 14
1711713469374 1.5672080516815186 15
1711713469650 1.5002273321151733 16
1711713469886 1.461520791053772 17
1711713470157 1.384751796722412 18
1711713470426 1.326486587524414 19
1711713470696 1.272682547569275 20
1711713470964 1.2793405055999756 21
1711713471233 1.19817316532135 22
1711713471534 1.1797537803649902 23
1711713471794 1.1508355140686035 24
1711713472062 1.0848982334136963 25
1711713472343 1.0585482120513916 26
1711713472619 1.0190625190734863 27
1711713472889 0.9932788014411926 28
1711713473157 0.9791833758354187 29
1711713473392 0.932570219039917 30
1711713473661 0.8941618800163269 31
1711713473929 0.927189826965332 32
1711713474198 0.8739192485809326 33
1711713474469 0.8113265633583069 34
1711713474702 0.844618022441864 35
1711713474942 0.7969308495521545 36
1711713475206 0.7650081515312195 37
1711713475445 0.8307334184646606 38
1711713475674 0.7377238273620605 39
