1711712651115 60.353424072265625 0
1711712651387 28.721426010131836 1
1711712651651 9.435894012451172 2
1711712651923 5.883569717407227 3
1711712652188 4.3826904296875 4
1711712652457 3.3486557006835938 5
1711712652725 2.8610970973968506 6
1711712652994 2.5744473934173584 7
1711712653262 2.293140411376953 8
1711712653530 2.112973928451538 9
1711712653797 1.9808746576309204 10
1711712654067 1.8521555662155151 11
1711712654330 1.7099894285202026 12
1711712654598 1.5575579404830933 13
1711712654863 1.4368646144866943 14
1711712655131 1.3399276733398438 15
1711712655398 1.3095667362213135 16
1711712655707 1.2681962251663208 17
1711712655980 1.1894184350967407 18
1711712656268 1.185539722442627 19
1711712656536 1.1267939805984497 20
1711712656772 1.126643419265747 21
1711712657057 1.1033724546432495 22
1711712657339 1.0557551383972168 23
1711712657606 1.0168204307556152 24
1711712657838 0.9880287647247314 25
1711712658102 0.9697749018669128 26
1711712658368 0.9547529816627502 27
1711712658600 0.9469488263130188 28
1711712658832 0.9487415552139282 29
1711712659101 0.8743849396705627 30
1711712659362 0.9014502167701721 31
1711712659631 0.860186755657196 32
1711712659894 0.8959848880767822 33
1711712660159 0.7965217232704163 34
1711712660393 0.8183332085609436 35
1711712660628 0.8156840801239014 36
1711712660897 0.7652146816253662 37
1711712661135 0.7683027386665344 38
1711712661364 0.7349904179573059 39
1711712661634 0.7288346290588379 40
1711712661862 0.7489442229270935 41
1711712662128 0.7236111164093018 42
1711712662362 0.6971548199653625 43
1711712662628 0.6884611248970032 44
1711712662863 0.7338853478431702 45
1711712663129 0.6565439105033875 46
