1711712651115 6161.54345703125 0
1711712651387 1161.3056640625 1
1711712651651 186.2857666015625 2
1711712651923 80.7218017578125 3
1711712652188 44.108394622802734 4
1711712652457 25.544429779052734 5
1711712652725 17.718175888061523 6
1711712652994 14.052303314208984 7
1711712653262 11.25644302368164 8
1711712653530 9.477699279785156 9
1711712653797 8.199381828308105 10
1711712654067 7.177897930145264 11
1711712654330 5.9375739097595215 12
1711712654598 4.963879585266113 13
1711712654863 4.2213640213012695 14
1711712655131 3.645101308822632 15
1711712655398 3.388418674468994 16
1711712655707 3.1454455852508545 17
1711712655980 2.7819483280181885 18
1711712656268 2.6780662536621094 19
1711712656536 2.4208476543426514 20
1711712656772 2.40197491645813 21
1711712657057 2.269582986831665 22
1711712657339 2.0862462520599365 23
1711712657606 1.9247926473617554 24
1711712657838 1.799859642982483 25
1711712658102 1.7176709175109863 26
1711712658368 1.671567440032959 27
1711712658600 1.6299991607666016 28
1711712658832 1.6103262901306152 29
1711712659101 1.3829346895217896 30
1711712659362 1.450951099395752 31
1711712659631 1.3384649753570557 32
1711712659894 1.4253584146499634 33
1711712660159 1.1408424377441406 34
1711712660393 1.1827634572982788 35
1711712660628 1.181389331817627 36
1711712660897 1.0572929382324219 37
1711712661135 1.0486717224121094 38
1711712661364 0.9573986530303955 39
1711712661634 0.9392671585083008 40
1711712661862 0.9793542623519897 41
1711712662128 0.9278295636177063 42
1711712662362 0.8518585562705994 43
1711712662628 0.8243054151535034 44
1711712662863 0.9250626564025879 45
1711712663129 0.7559304237365723 46
