1711710723106 56.80780029296875 0
1711710723378 19.56284523010254 1
1711710723646 8.47676944732666 2
1711710723974 6.288084030151367 3
1711710724243 5.08997917175293 4
1711710724510 4.332709789276123 5
1711710724782 3.5631706714630127 6
1711710725054 3.0544469356536865 7
1711710725323 2.83500075340271 8
1711710725592 2.544419288635254 9
1711710725860 2.326287269592285 10
1711710726129 2.174406051635742 11
1711710726394 2.006685972213745 12
1711710726665 1.8749113082885742 13
1711710726934 1.8004666566848755 14
1711710727169 1.7714895009994507 15
1711710727435 1.650587558746338 16
1711710727707 1.5954519510269165 17
1711710727938 1.5463266372680664 18
1711710728205 1.5446463823318481 19
1711710728475 1.5517903566360474 20
1711710728742 1.439327359199524 21
1711710729007 1.3858528137207031 22
1711710729240 1.4105392694473267 23
1711710729510 1.3911800384521484 24
1711710729783 1.3472940921783447 25
1711710730050 1.3174693584442139 26
1711710730321 1.3235037326812744 27
1711710730584 1.2742061614990234 28
1711710730853 1.279831051826477 29
1711710731118 1.223987102508545 30
1711710731431 1.1899757385253906 31
1711710731664 1.154325008392334 32
1711710731932 1.170129656791687 33
1711710732198 1.0815421342849731 34
1711710732434 1.0888257026672363 35
1711710732706 1.0179184675216675 36
1711710732976 0.9709698557853699 37
1711710733266 0.989898681640625 38
1711710733501 0.9989486932754517 39
1711710733768 0.9225541949272156 40
1711710734031 0.9182168841362 41
1711710734262 0.891894519329071 42
1711710734531 0.830491840839386 43
1711710734804 0.8747822046279907 44
1711710735041 0.7812806963920593 45
1711710735317 0.7890849113464355 46
1711710735549 0.7569206357002258 47
1711710735840 0.7089456915855408 48
1711710736106 0.7843436598777771 49
