1711710723106 5477.71533203125 0
1711710723378 644.0914306640625 1
1711710723646 150.7607421875 2
1711710723974 91.10535430908203 3
1711710724243 58.951900482177734 4
1711710724510 40.61665344238281 5
1711710724782 27.175642013549805 6
1711710725054 18.930862426757812 7
1711710725323 15.687773704528809 8
1711710725592 12.48694896697998 9
1711710725860 10.36220932006836 10
1711710726129 8.853402137756348 11
1711710726394 7.497334957122803 12
1711710726665 6.512201309204102 13
1711710726934 5.933342933654785 14
1711710727169 5.649815559387207 15
1711710727435 4.940834045410156 16
1711710727707 4.550118923187256 17
1711710727938 4.284583568572998 18
1711710728205 4.22271728515625 19
1711710728475 4.219983100891113 20
1711710728742 3.702014923095703 21
1711710729007 3.4536633491516113 22
1711710729240 3.527376651763916 23
1711710729510 3.4259159564971924 24
1711710729783 3.232895612716675 25
1711710730050 3.089561939239502 26
1711710730321 3.1042003631591797 27
1711710730584 2.8860421180725098 28
1711710730853 2.884577751159668 29
1711710731118 2.659430503845215 30
1711710731431 2.4997854232788086 31
1711710731664 2.3553285598754883 32
1711710731932 2.4081385135650635 33
1711710732198 2.088597059249878 34
1711710732434 2.117791175842285 35
1711710732706 1.838181972503662 36
1711710732976 1.6910334825515747 37
1711710733266 1.7319258451461792 38
1711710733501 1.758507490158081 39
1711710733768 1.515994668006897 40
1711710734031 1.4899609088897705 41
1711710734262 1.4114874601364136 42
1711710734531 1.2157047986984253 43
1711710734804 1.3434628248214722 44
1711710735041 1.0749022960662842 45
1711710735317 1.0852773189544678 46
1711710735549 1.0090806484222412 47
1711710735840 0.8823901414871216 48
1711710736106 1.0742456912994385 49
