1711708209648 56.6164665222168 0
1711708209917 17.404760360717773 1
1711708210184 7.664811134338379 2
1711708210453 5.743605613708496 3
1711708210718 4.489449501037598 4
1711708210982 3.6578125953674316 5
1711708211244 3.259897470474243 6
1711708211509 2.976435661315918 7
1711708211768 2.7722113132476807 8
1711708212035 2.5551414489746094 9
1711708212300 2.3566858768463135 10
1711708212564 2.1342029571533203 11
1711708212826 1.924615740776062 12
1711708213095 1.7799979448318481 13
1711708213377 1.6656039953231812 14
1711708213640 1.5487297773361206 15
1711708213923 1.4744809865951538 16
1711708214186 1.4270350933074951 17
1711708214456 1.3732796907424927 18
1711708214722 1.372580885887146 19
1711708214988 1.3225884437561035 20
1711708215219 1.2684744596481323 21
1711708215486 1.230297327041626 22
1711708215748 1.2117255926132202 23
1711708215974 1.1431447267532349 24
1711708216240 1.156217336654663 25
1711708216502 1.1111814975738525 26
1711708216729 1.0651071071624756 27
1711708216996 1.084161400794983 28
1711708217320 1.049163579940796 29
1711708217589 0.9736647605895996 30
1711708217852 0.9944731593132019 31
1711708218115 0.9646421074867249 32
1711708218378 0.9519959688186646 33
1711708218639 0.9231621026992798 34
1711708218904 0.8892243504524231 35
1711708219165 0.9251668453216553 36
1711708219432 0.8583552241325378 37
1711708219665 0.8511378169059753 38
1711708219931 0.8267901539802551 39
1711708220162 0.8466936349868774 40
1711708220392 0.8414214253425598 41
