1711708209648 5501.8515625 0
1711708209917 553.373779296875 1
1711708210184 124.20098876953125 2
1711708210453 73.45669555664062 3
1711708210718 44.81351852416992 4
1711708210982 28.54246711730957 5
1711708211244 21.003135681152344 6
1711708211509 16.936351776123047 7
1711708211768 14.36815071105957 8
1711708212035 12.1423921585083 9
1711708212300 10.3001070022583 10
1711708212564 8.444125175476074 11
1711708212826 6.848914623260498 12
1711708213095 5.833534240722656 13
1711708213377 5.103949546813965 14
1711708213640 4.374050140380859 15
1711708213923 3.943795680999756 16
1711708214186 3.7034261226654053 17
1711708214456 3.3973519802093506 18
1711708214722 3.327840805053711 19
1711708214988 3.098680019378662 20
1711708215219 2.8517491817474365 21
1711708215486 2.71050763130188 22
1711708215748 2.6025071144104004 23
1711708215974 2.3218681812286377 24
1711708216240 2.367281913757324 25
1711708216502 2.1531503200531006 26
1711708216729 1.9943186044692993 27
1711708216996 2.0569326877593994 28
1711708217320 1.9168919324874878 29
1711708217589 1.667832612991333 30
1711708217852 1.712910532951355 31
1711708218115 1.6253737211227417 32
1711708218378 1.5737534761428833 33
1711708218639 1.4859164953231812 34
1711708218904 1.3638880252838135 35
1711708219165 1.4844502210617065 36
1711708219432 1.2730915546417236 37
1711708219665 1.2517260313034058 38
1711708219931 1.1879417896270752 39
1711708220162 1.217537760734558 40
1711708220392 1.2238305807113647 41
