1711712751238 6210.3154296875 0
1711712751515 937.2909545898438 1
1711712751787 181.7783660888672 2
1711712752060 89.7565689086914 3
1711712752331 48.30924606323242 4
1711712752603 30.103778839111328 5
1711712752871 22.612302780151367 6
1711712753142 18.407590866088867 7
1711712753406 15.622727394104004 8
1711712753676 13.17037296295166 9
1711712753949 11.5678071975708 10
1711712754219 9.944488525390625 11
1711712754549 8.979264259338379 12
1711712754825 7.935621738433838 13
1711712755090 7.198513031005859 14
1711712755361 6.736383438110352 15
1711712755629 6.087425708770752 16
1711712755901 5.744595527648926 17
1711712756168 5.621784687042236 18
1711712756440 5.2636895179748535 19
1711712756676 4.800876617431641 20
1711712756945 4.800026893615723 21
1711712757180 4.592190265655518 22
1711712757448 4.6730265617370605 23
1711712757717 4.619354248046875 24
1711712757985 4.0746283531188965 25
1711712758253 4.001039981842041 26
1711712758488 3.852707862854004 27
1711712758754 3.8082337379455566 28
1711712758992 3.6054203510284424 29
1711712759259 3.482586145401001 30
1711712759524 3.4103426933288574 31
1711712759760 3.1558942794799805 32
1711712760027 3.038649559020996 33
1711712760296 2.96634578704834 34
1711712760575 2.810879707336426 35
1711712760897 2.661757230758667 36
1711712761131 2.7647085189819336 37
1711712761399 2.3199262619018555 38
1711712761670 2.2640764713287354 39
1711712761940 2.0647284984588623 40
1711712762207 1.9135926961898804 41
1711712762474 1.821651816368103 42
1711712762739 1.5482585430145264 43
1711712763008 1.5225436687469482 44
1711712763239 1.5531586408615112 45
1711712763508 1.4295450448989868 46
1711712763742 1.2690918445587158 47
1711712763972 1.127032995223999 48
