1711712751238 60.763671875 0
1711712751515 24.109792709350586 1
1711712751787 9.532432556152344 2
1711712752060 6.22776985168457 3
1711712752331 4.487735271453857 4
1711712752603 3.6556155681610107 5
1711712752871 3.295424222946167 6
1711712753142 3.03389048576355 7
1711712753406 2.856374502182007 8
1711712753676 2.64402437210083 9
1711712753949 2.495551586151123 10
1711712754219 2.325857400894165 11
1711712754549 2.219393491744995 12
1711712754825 2.094226360321045 13
1711712755090 2.001654624938965 14
1711712755361 1.937652826309204 15
1711712755629 1.8384696245193481 16
1711712755901 1.786671757698059 17
1711712756168 1.7798634767532349 18
1711712756440 1.7123810052871704 19
1711712756676 1.6359913349151611 20
1711712756945 1.631519079208374 21
1711712757180 1.598482608795166 22
1711712757448 1.6207672357559204 23
1711712757717 1.612717866897583 24
1711712757985 1.5019954442977905 25
1711712758253 1.4936312437057495 26
1711712758488 1.463243007659912 27
1711712758754 1.4574285745620728 28
1711712758992 1.409671664237976 29
1711712759259 1.3939613103866577 30
1711712759524 1.38167405128479 31
1711712759760 1.3180012702941895 32
1711712760027 1.2977135181427002 33
1711712760296 1.2887860536575317 34
1711712760575 1.2491868734359741 35
1711712760897 1.2153935432434082 36
1711712761131 1.2419531345367432 37
1711712761399 1.1312884092330933 38
1711712761670 1.1186400651931763 39
1711712761940 1.0657283067703247 40
1711712762207 1.0294263362884521 41
1711712762474 1.0069992542266846 42
1711712762739 0.9208346605300903 43
1711712763008 0.9132214188575745 44
1711712763239 0.936604917049408 45
1711712763508 0.8938252925872803 46
1711712763742 0.8395053744316101 47
1711712763972 0.7888648509979248 48
