1711711745937 62.875919342041016 0
1711711746216 24.512346267700195 1
1711711746491 8.802340507507324 2
1711711746761 6.010382175445557 3
1711711747029 4.441949844360352 4
1711711747297 3.6651830673217773 5
1711711747565 3.2688515186309814 6
1711711747835 3.055668830871582 7
1711711748101 2.9077227115631104 8
1711711748403 2.698838472366333 9
1711711748688 2.557180881500244 10
1711711748955 2.38413405418396 11
1711711749225 2.2583436965942383 12
1711711749496 2.1705946922302246 13
1711711749767 2.0505905151367188 14
1711711750036 1.9902689456939697 15
1711711750305 1.8870251178741455 16
1711711750571 1.8522192239761353 17
1711711750842 1.7636969089508057 18
1711711751073 1.729665756225586 19
1711711751338 1.7213557958602905 20
1711711751608 1.6365582942962646 21
1711711751891 1.5753828287124634 22
1711711752124 1.5687774419784546 23
1711711752392 1.5428125858306885 24
1711711752657 1.5060862302780151 25
1711711752894 1.4837839603424072 26
1711711753162 1.4433701038360596 27
1711711753427 1.410959243774414 28
1711711753670 1.3997563123703003 29
1711711753901 1.3856496810913086 30
