1711711745937 6580.43212890625 0
1711711746216 970.5711669921875 1
1711711746491 158.65362548828125 2
1711711746761 82.46482849121094 3
1711711747029 47.27781295776367 4
1711711747297 30.419029235839844 5
1711711747565 22.439485549926758 6
1711711747835 18.37871742248535 7
1711711748101 16.180444717407227 8
1711711748403 13.770895004272461 9
1711711748688 12.243660926818848 10
1711711748955 10.632692337036133 11
1711711749225 9.44528865814209 12
1711711749496 8.635612487792969 13
1711711749767 7.6977667808532715 14
1711711750036 7.209858417510986 15
1711711750305 6.48132848739624 16
1711711750571 6.158517837524414 17
1711711750842 5.59628963470459 18
1711711751073 5.317906379699707 19
1711711751338 5.225354194641113 20
1711711751608 4.794002056121826 21
1711711751891 4.425770282745361 22
1711711752124 4.378921985626221 23
1711711752392 4.229125499725342 24
1711711752657 4.062872409820557 25
1711711752894 3.928098201751709 26
1711711753162 3.738917350769043 27
1711711753427 3.566790819168091 28
1711711753670 3.4883313179016113 29
1711711753901 3.41398549079895 30
