1711710268386 5779.8291015625 0
1711710268658 572.8790283203125 1
1711710268932 143.87689208984375 2
1711710269208 83.56145477294922 3
1711710269477 52.611515045166016 4
1711710269745 36.147037506103516 5
1711710270014 26.26007080078125 6
1711710270289 20.333269119262695 7
1711710270558 16.259986877441406 8
1711710270827 13.24622917175293 9
1711710271127 11.167190551757812 10
1711710271396 9.409299850463867 11
1711710271667 8.1469144821167 12
1711710271937 6.903868198394775 13
1711710272206 6.286470413208008 14
1711710272441 5.617850303649902 15
1711710272711 5.4482622146606445 16
1711710272977 4.782774925231934 17
1711710273246 4.566880702972412 18
1711710273486 4.39565896987915 19
1711710273755 4.064625263214111 20
1711710274027 3.884291887283325 21
1711710274294 3.9188973903656006 22
1711710274564 3.5701534748077393 23
1711710274835 3.432594060897827 24
1711710275105 3.273615598678589 25
1711710275376 3.2563059329986572 26
1711710275613 3.2000887393951416 27
1711710275882 2.9156503677368164 28
1711710276118 2.850651741027832 29
1711710276351 2.9023709297180176 30
1711710276619 2.5820441246032715 31
1711710276887 2.560399293899536 32
1711710277152 2.5017240047454834 33
1711710277419 2.2277610301971436 34
1711710277691 2.1446452140808105 35
1711710277961 2.1293647289276123 36
1711710278228 2.0768167972564697 37
1711710278518 2.040123462677002 38
1711710278794 1.8094929456710815 39
1711710279030 1.7999118566513062 40
1711710279299 1.7153161764144897 41
1711710279567 1.4654488563537598 42
1711710279831 1.5011271238327026 43
1711710280065 1.3519821166992188 44
1711710280335 1.2943083047866821 45
1711710280569 1.3674218654632568 46
1711710280802 1.2128539085388184 47
