1711710268386 57.747310638427734 0
1711710268658 17.820402145385742 1
1711710268932 8.42186164855957 2
1711710269208 6.150641441345215 3
1711710269477 4.849356651306152 4
1711710269745 4.117368221282959 5
1711710270014 3.5678837299346924 6
1711710270289 3.2038612365722656 7
1711710270558 2.8996994495391846 8
1711710270827 2.635451078414917 9
1711710271127 2.4238593578338623 10
1711710271396 2.2322351932525635 11
1711710271667 2.077828884124756 12
1711710271937 1.9142459630966187 13
1711710272206 1.8323665857315063 14
1711710272441 1.7284828424453735 15
1711710272711 1.7231630086898804 16
1711710272977 1.6005773544311523 17
1711710273246 1.5739511251449585 18
1711710273486 1.5445916652679443 19
1711710273755 1.4863992929458618 20
1711710274027 1.4609358310699463 21
1711710274294 1.482304573059082 22
1711710274564 1.395567536354065 23
1711710274835 1.3756556510925293 24
1711710275105 1.3353657722473145 25
1711710275376 1.33756685256958 26
1711710275613 1.335506796836853 27
1711710275882 1.271551489830017 28
1711710276118 1.2574586868286133 29
1711710276351 1.2688697576522827 30
1711710276619 1.184210181236267 31
1711710276887 1.1966832876205444 32
1711710277152 1.182260513305664 33
1711710277419 1.1061400175094604 34
1711710277691 1.0888183116912842 35
1711710277961 1.089452862739563 36
1711710278228 1.0805988311767578 37
1711710278518 1.0780991315841675 38
1711710278794 1.0106422901153564 39
1711710279030 1.0125187635421753 40
1711710279299 0.9872612357139587 41
1711710279567 0.9097950458526611 42
1711710279831 0.9250578880310059 43
1711710280065 0.8736763596534729 44
1711710280335 0.8578740358352661 45
1711710280569 0.8870952129364014 46
1711710280802 0.8299989104270935 47
