1711710363227 5694.9775390625 0
1711710363498 1018.5776977539062 1
1711710363770 181.44664001464844 2
1711710364041 102.99944305419922 3
1711710364309 65.81083679199219 4
1711710364579 44.38421630859375 5
1711710364847 32.07362747192383 6
1711710365115 24.288915634155273 7
1711710365380 19.984634399414062 8
1711710365649 16.83106231689453 9
1711710365911 14.619171142578125 10
1711710366179 12.476835250854492 11
1711710366451 10.147181510925293 12
1711710366718 8.093849182128906 13
1711710366982 6.729992866516113 14
1711710367251 5.9847540855407715 15
1711710367518 4.8320512771606445 16
1711710367785 4.466599941253662 17
1711710368051 4.0175042152404785 18
1711710368319 3.6784932613372803 19
1711710368591 3.4272327423095703 20
1711710368858 3.0497798919677734 21
1711710369091 2.883599281311035 22
1711710369359 2.7246665954589844 23
1711710369591 2.528700113296509 24
1711710369856 2.3763294219970703 25
1711710370127 2.2026588916778564 26
1711710370391 2.1256113052368164 27
1711710370659 2.193819761276245 28
1711710370926 1.8733062744140625 29
1711710371230 1.806759238243103 30
1711710371502 1.6995539665222168 31
1711710371733 1.6065940856933594 32
1711710372000 1.5790245532989502 33
1711710372265 1.3889487981796265 34
1711710372533 1.4278898239135742 35
1711710372766 1.3890293836593628 36
1711710373030 1.2764962911605835 37
1711710373298 1.2138211727142334 38
1711710373565 1.0624011754989624 39
1711710373798 1.1224350929260254 40
1711710374064 1.0247448682785034 41
1711710374367 0.866669237613678 42
1711710374633 0.9403492212295532 43
1711710374871 0.8682328462600708 44
1711710375149 0.774591326713562 45
1711710375382 0.8188905119895935 46
1711710375670 0.7092959880828857 47
1711710375936 0.7200215458869934 48
1711710376201 0.7487397193908691 49
