1711710363227 57.76382064819336 0
1711710363498 26.037229537963867 1
1711710363770 9.479040145874023 2
1711710364041 6.8433990478515625 3
1711710364309 5.363734722137451 4
1711710364579 4.429730415344238 5
1711710364847 3.8472847938537598 6
1711710365115 3.439563512802124 7
1711710365380 3.1641218662261963 8
1711710365649 2.937126398086548 9
1711710365911 2.75071120262146 10
1711710366179 2.5449304580688477 11
1711710366451 2.3007161617279053 12
1711710366718 2.051332473754883 13
1711710366982 1.8802645206451416 14
1711710367251 1.782734751701355 15
1711710367518 1.5859296321868896 16
1711710367785 1.545304298400879 17
1711710368051 1.4640861749649048 18
1711710368319 1.4006153345108032 19
1711710368591 1.358850359916687 20
1711710368858 1.2815228700637817 21
1711710369091 1.2539870738983154 22
1711710369359 1.2193427085876465 23
1711710369591 1.1787880659103394 24
1711710369856 1.1460769176483154 25
1711710370127 1.0992971658706665 26
1711710370391 1.084688425064087 27
1711710370659 1.110518455505371 28
1711710370926 1.021980881690979 29
1711710371230 1.0112435817718506 30
1711710371502 0.9807232618331909 31
1711710371733 0.9495686888694763 32
1711710372000 0.9441750049591064 33
1711710372265 0.8851999044418335 34
1711710372533 0.9034889936447144 35
1711710372766 0.8882604241371155 36
1711710373030 0.852027952671051 37
1711710373298 0.8256855607032776 38
1711710373565 0.7787138819694519 39
1711710373798 0.8006852269172668 40
1711710374064 0.7660765647888184 41
1711710374367 0.7029673457145691 42
1711710374633 0.7345573306083679 43
1711710374871 0.70778888463974 44
1711710375149 0.6676961183547974 45
1711710375382 0.6879580616950989 46
1711710375670 0.6376320719718933 47
1711710375936 0.6440540552139282 48
1711710376201 0.6522728204727173 49
