1711714715106 5758.84423828125 0
1711714715384 691.757080078125 1
1711714715665 144.93515014648438 2
1711714715937 87.11151885986328 3
1711714716213 54.26544189453125 4
1711714716480 34.61181640625 5
1711714716775 24.40452766418457 6
1711714717063 18.887617111206055 7
1711714717350 15.750053405761719 8
1711714717643 13.421869277954102 9
1711714717917 11.626043319702148 10
1711714718189 10.21236515045166 11
1711714718469 9.139575004577637 12
1711714718749 8.3363676071167 13
1711714719026 7.727896213531494 14
1711714719296 7.365142345428467 15
1711714719565 6.841642379760742 16
1711714719884 6.296535968780518 17
1711714720161 5.760334014892578 18
1711714720431 5.4449782371521 19
1711714720706 5.217230319976807 20
1711714721000 4.576512336730957 21
1711714721266 4.331323146820068 22
1711714721558 4.088779926300049 23
1711714721827 3.8278768062591553 24
1711714722063 3.7106289863586426 25
1711714722356 3.3898372650146484 26
1711714722592 3.250936985015869 27
1711714722857 3.040785789489746 28
1711714723126 2.9114363193511963 29
1711714723395 2.631493330001831 30
1711714723665 2.5648105144500732 31
1711714723901 2.4283721446990967 32
1711714724140 2.3498172760009766 33
