1711714715106 58.467140197753906 0
1711714715384 20.054609298706055 1
1711714715665 8.353102684020996 2
1711714715937 6.152819633483887 3
1711714716213 4.7594990730285645 4
1711714716480 3.851151943206787 5
1711714716775 3.336542844772339 6
1711714717063 3.024869441986084 7
1711714717350 2.794982433319092 8
1711714717643 2.6068949699401855 9
1711714717917 2.432389259338379 10
1711714718189 2.2932088375091553 11
1711714718469 2.1698365211486816 12
1711714718749 2.0830180644989014 13
1711714719026 2.0142734050750732 14
1711714719296 1.981648325920105 15
1711714719565 1.896673321723938 16
1711714719884 1.8271660804748535 17
1711714720161 1.7393845319747925 18
1711714720431 1.7043827772140503 19
1711714720706 1.6821695566177368 20
1711714721000 1.5552308559417725 21
1711714721266 1.514078974723816 22
1711714721558 1.478681206703186 23
1711714721827 1.4379816055297852 24
1711714722063 1.4063780307769775 25
1711714722356 1.3484749794006348 26
1711714722592 1.315313458442688 27
1711714722857 1.275328278541565 28
1711714723126 1.2516942024230957 29
1711714723395 1.1770093441009521 30
1711714723665 1.1718082427978516 31
1711714723901 1.1349468231201172 32
1711714724140 1.1229214668273926 33
