1711958411653 57.378604888916016 0
1711958411921 19.815534591674805 1
1711958412184 8.004498481750488 2
1711958412466 5.741337299346924 3
1711958412729 4.47754430770874 4
1711958412992 3.8208975791931152 5
1711958413254 3.289435863494873 6
1711958413516 2.899700880050659 7
1711958413779 2.549899101257324 8
1711958414053 2.2906618118286133 9
1711958414316 2.055520534515381 10
1711958414579 1.9124231338500977 11
1711958414841 1.8007193803787231 12
1711958415104 1.7084218263626099 13
1711958415372 1.6613543033599854 14
1711958415631 1.5636515617370605 15
1711958415894 1.4739981889724731 16
1711958416156 1.481858491897583 17
1711958416419 1.3633028268814087 18
1711958416682 1.333592176437378 19
1711958416948 1.290266990661621 20
1711958417209 1.2321524620056152 21
1711958417435 1.2333030700683594 22
1711958417697 1.1811854839324951 23
1711958417923 1.1406081914901733 24
1711958418149 1.1559656858444214 25
1711958418410 1.0631688833236694 26
1711958418672 1.0644935369491577 27
1711958418933 1.0283331871032715 28
1711958419198 1.0057373046875 29
1711958419462 1.0018759965896606 30
1711958419746 0.9576181769371033 31
1711958420135 0.9583023190498352 32
1711958420361 0.9239011406898499 33
1711958420622 0.8883505463600159 34
1711958420848 0.9268900752067566 35
1711958421075 0.9030401706695557 36
1711958421334 0.8523186445236206 37
1711958421560 0.8153732419013977 38
1711958421902 0.7923991680145264 39
1711958422166 0.8215919733047485 40
1711958422394 0.7790798544883728 41
1711958422654 0.8729448318481445 42
