1711958411653 5692.59375 0
1711958411921 667.4287719726562 1
1711958412184 139.7967529296875 2
1711958412466 80.19164276123047 3
1711958412729 48.24763107299805 4
1711958412992 32.19796371459961 5
1711958413254 22.17501449584961 6
1711958413516 16.40969467163086 7
1711958413779 12.331276893615723 8
1711958414053 9.94092082977295 9
1711958414316 7.832942008972168 10
1711958414579 6.700004577636719 11
1711958414841 5.894696235656738 12
1711958415104 5.238551616668701 13
1711958415372 4.906219005584717 14
1711958415631 4.3428802490234375 15
1711958415894 3.8522188663482666 16
1711958416156 3.831174373626709 17
1711958416419 3.3010151386260986 18
1711958416682 3.138477325439453 19
1711958416948 2.921943426132202 20
1711958417209 2.6706924438476562 21
1711958417435 2.686201333999634 22
1711958417697 2.4698238372802734 23
1711958417923 2.317828893661499 24
1711958418149 2.3526008129119873 25
1711958418410 2.0096435546875 26
1711958418672 2.004904270172119 27
1711958418933 1.8825433254241943 28
1711958419198 1.7914886474609375 29
1711958419462 1.8035857677459717 30
1711958419746 1.644352674484253 31
1711958420135 1.6269757747650146 32
1711958420361 1.5017203092575073 33
1711958420622 1.406191349029541 34
1711958420848 1.5121233463287354 35
1711958421075 1.434067726135254 36
1711958421334 1.2871909141540527 37
1711958421560 1.1789765357971191 38
1711958421902 1.1149489879608154 39
1711958422166 1.1842435598373413 40
1711958422394 1.0862042903900146 41
1711958422654 1.3338334560394287 42
