1711710237681 62.21694564819336 0
1711710237950 19.922035217285156 1
1711710238224 7.660057544708252 2
1711710238492 5.067749500274658 3
1711710238763 3.903723955154419 4
1711710239041 3.38097882270813 5
1711710239309 3.0897085666656494 6
1711710239578 2.836745500564575 7
1711710239847 2.685490608215332 8
1711710240112 2.285351514816284 9
1711710240379 2.049318790435791 10
1711710240650 1.8867011070251465 11
1711710240918 1.7467305660247803 12
1711710241185 1.6705862283706665 13
1711710241451 1.620067834854126 14
1711710241686 1.5635513067245483 15
1711710242043 1.5596511363983154 16
1711710242327 1.4757581949234009 17
1711710242594 1.4706567525863647 18
1711710242859 1.4462921619415283 19
1711710243127 1.4184468984603882 20
1711710243394 1.405142903327942 21
1711710243624 1.3736050128936768 22
1711710243861 1.3527295589447021 23
1711710244133 1.2958236932754517 24
1711710244365 1.3211764097213745 25
1711710244632 1.254440188407898 26
