1711710237681 6548.59814453125 0
1711710237950 707.552490234375 1
1711710238224 124.19562530517578 2
1711710238492 60.12813949584961 3
1711710238763 34.31401824951172 4
1711710239041 23.43305778503418 5
1711710239309 18.585464477539062 6
1711710239578 15.197691917419434 7
1711710239847 13.233633041381836 8
1711710240112 9.710576057434082 9
1711710240379 7.6626057624816895 10
1711710240650 6.461271286010742 11
1711710240918 5.523599624633789 12
1711710241185 5.0350260734558105 13
1711710241451 4.705245018005371 14
1711710241686 4.39518928527832 15
1711710242043 4.365766525268555 16
1711710242327 3.9169511795043945 17
1711710242594 3.8756237030029297 18
1711710242859 3.733872175216675 19
1711710243127 3.593351125717163 20
1711710243394 3.530820608139038 21
1711710243624 3.3753724098205566 22
1711710243861 3.2512497901916504 23
1711710244133 3.0014302730560303 24
1711710244365 3.1315410137176514 25
1711710244632 2.825125217437744 26
