1711711193001 5524.2373046875 0
1711711193269 797.27392578125 1
1711711193541 134.1591796875 2
1711711193831 74.13953399658203 3
1711711194099 47.84577178955078 4
1711711194367 32.296241760253906 5
1711711194630 24.487377166748047 6
1711711194900 17.88817024230957 7
1711711195168 13.203455924987793 8
1711711195431 10.046506881713867 9
1711711195702 7.575617790222168 10
1711711195974 6.22713565826416 11
1711711196239 5.284390449523926 12
1711711196534 4.841151237487793 13
1711711196800 4.37932014465332 14
1711711197080 4.064874649047852 15
1711711197347 3.7985568046569824 16
1711711197578 3.5517418384552 17
1711711197867 3.3534746170043945 18
1711711198133 3.228278875350952 19
1711711198401 3.202223539352417 20
1711711198710 3.064242362976074 21
1711711198974 2.87174916267395 22
1711711199237 2.8993966579437256 23
1711711199503 2.7981789112091064 24
1711711199771 2.468085289001465 25
1711711200036 2.4664881229400635 26
1711711200302 2.2185282707214355 27
1711711200565 2.2694003582000732 28
1711711200834 2.074104070663452 29
1711711201067 1.9924304485321045 30
1711711201337 1.9382598400115967 31
1711711201568 1.960301160812378 32
1711711201834 1.694743037223816 33
1711711202100 1.77363121509552 34
1711711202331 1.6742069721221924 35
1711711202594 1.5784324407577515 36
1711711202827 1.5118751525878906 37
1711711203092 1.361440896987915 38
1711711203357 1.4455863237380981 39
1711711203623 1.28298819065094 40
1711711203888 1.478310465812683 41
1711711204120 1.1209584474563599 42
1711711204385 1.155402660369873 43
1711711204618 1.1981464624404907 44
1711711204884 1.025514841079712 45
