1711711193001 56.75569152832031 0
1711711193269 21.8422794342041 1
1711711193541 8.068902015686035 2
1711711193831 5.714452743530273 3
1711711194099 4.628058433532715 4
1711711194367 3.910754442214966 5
1711711194630 3.51656174659729 6
1711711194900 3.0772898197174072 7
1711711195168 2.6841065883636475 8
1711711195431 2.340884208679199 9
1711711195702 2.036555051803589 10
1711711195974 1.843796968460083 11
1711711196239 1.7068721055984497 12
1711711196534 1.6468098163604736 13
1711711196800 1.5724232196807861 14
1711711197080 1.509411334991455 15
1711711197347 1.4643796682357788 16
1711711197578 1.423194169998169 17
1711711197867 1.3749926090240479 18
1711711198133 1.3544765710830688 19
1711711198401 1.3511404991149902 20
1711711198710 1.3217500448226929 21
1711711198974 1.2826706171035767 22
1711711199237 1.284230351448059 23
1711711199503 1.2689599990844727 24
1711711199771 1.1863106489181519 25
1711711200036 1.1824594736099243 26
1711711200302 1.1211662292480469 27
1711711200565 1.137202501296997 28
1711711200834 1.0883820056915283 29
1711711201067 1.0641374588012695 30
1711711201337 1.0534694194793701 31
1711711201568 1.063717007637024 32
1711711201834 0.9813579320907593 33
1711711202100 1.0054340362548828 34
1711711202331 0.9764679074287415 35
1711711202594 0.9419118165969849 36
1711711202827 0.9270631074905396 37
1711711203092 0.8798385858535767 38
1711711203357 0.9113619923591614 39
1711711203623 0.8558568358421326 40
1711711203888 0.9238594770431519 41
1711711204120 0.7972480654716492 42
1711711204385 0.8094786405563354 43
1711711204618 0.8333688974380493 44
1711711204884 0.7650964856147766 45
