1711710540644 57.92496871948242 0
1711710540917 17.394359588623047 1
1711710541185 7.178050994873047 2
1711710541456 4.919878005981445 3
1711710541721 3.781278371810913 4
1711710541993 3.174675226211548 5
1711710542257 2.759359121322632 6
1711710542530 2.4350979328155518 7
1711710542798 2.1890709400177 8
1711710543067 2.037571907043457 9
1711710543333 1.8799774646759033 10
1711710543601 1.7837812900543213 11
1711710543866 1.759303331375122 12
1711710544132 1.64352548122406 13
1711710544408 1.5729687213897705 14
1711710544674 1.531219482421875 15
1711710544914 1.5180187225341797 16
1711710545178 1.4354920387268066 17
1711710545443 1.389474630355835 18
1711710545709 1.3191423416137695 19
1711710545979 1.287105679512024 20
1711710546209 1.2764084339141846 21
1711710546447 1.2142428159713745 22
1711710546710 1.1894325017929077 23
1711710546980 1.1098476648330688 24
1711710547248 1.112655520439148 25
1711710547544 1.0665264129638672 26
1711710547801 1.0385913848876953 27
1711710548068 0.975201427936554 28
1711710548305 0.9501639008522034 29
1711710548575 0.8715437650680542 30
1711710548809 0.8560426831245422 31
1711710549077 0.8458012938499451 32
1711710549349 0.8216984868049622 33
1711710549582 0.8684804439544678 34
1711710549847 0.7346490025520325 35
1711710550078 0.7602443695068359 36
1711710550313 0.7141706347465515 37
