1711710540644 5776.62744140625 0
1711710540917 556.9950561523438 1
1711710541185 112.53753662109375 2
1711710541456 58.797664642333984 3
1711710541721 34.092124938964844 4
1711710541993 22.608341217041016 5
1711710542257 16.249431610107422 6
1711710542530 12.255392074584961 7
1711710542798 9.72204303741455 8
1711710543067 8.205367088317871 9
1711710543333 6.877793788909912 10
1711710543601 6.059229850769043 11
1711710543866 5.72732400894165 12
1711710544132 5.026207447052002 13
1711710544408 4.5565361976623535 14
1711710544674 4.3000335693359375 15
1711710544914 4.138330459594727 16
1711710545178 3.7475597858428955 17
1711710545443 3.4852514266967773 18
1711710545709 3.136695384979248 19
1711710545979 2.993410587310791 20
1711710546209 2.9212722778320312 21
1711710546447 2.6415772438049316 22
1711710546710 2.5492963790893555 23
1711710546980 2.2000632286071777 24
1711710547248 2.1975796222686768 25
1711710547544 2.0180106163024902 26
1711710547801 1.9308416843414307 27
1711710548068 1.6920652389526367 28
1711710548305 1.6184515953063965 29
1711710548575 1.3753856420516968 30
1711710548809 1.3281638622283936 31
1711710549077 1.2720752954483032 32
1711710549349 1.2003086805343628 33
1711710549582 1.346200942993164 34
1711710549847 0.9859830737113953 35
1711710550078 1.0323630571365356 36
1711710550313 0.919382631778717 37
