1711713128345 5663.65185546875 0
1711713128623 1011.7077026367188 1
1711713128897 138.84263610839844 2
1711713129170 74.96868133544922 3
1711713129440 45.9154052734375 4
1711713129714 27.626893997192383 5
1711713129985 16.445104598999023 6
1711713130257 11.543113708496094 7
1711713130528 9.003475189208984 8
1711713130799 7.1945881843566895 9
1711713131073 6.125096797943115 10
1711713131341 5.5327653884887695 11
1711713131615 5.115437030792236 12
1711713131886 4.6663970947265625 13
1711713132124 4.260748386383057 14
1711713132393 4.1219611167907715 15
1711713132667 3.8792712688446045 16
1711713132898 3.6723592281341553 17
1711713133170 3.494382381439209 18
1711713133437 3.451083183288574 19
1711713133674 3.2184832096099854 20
1711713133943 3.1692330837249756 21
1711713134213 3.058781623840332 22
1711713134454 2.9280190467834473 23
1711713134777 2.7895853519439697 24
