1711713128345 57.79215621948242 0
1711713128623 25.847192764282227 1
1711713128897 8.183363914489746 2
1711713129170 5.844340801239014 3
1711713129440 4.552491664886475 4
1711713129714 3.599491834640503 5
1711713129985 2.8636474609375 6
1711713130257 2.4628305435180664 7
1711713130528 2.1933212280273438 8
1711713130799 1.973524570465088 9
1711713131073 1.8259202241897583 10
1711713131341 1.741234540939331 11
1711713131615 1.6800353527069092 12
1711713131886 1.599829077720642 13
1711713132124 1.5419760942459106 14
1711713132393 1.5071346759796143 15
1711713132667 1.469587802886963 16
1711713132898 1.426140546798706 17
1711713133170 1.3914477825164795 18
1711713133437 1.3893622159957886 19
1711713133674 1.3331294059753418 20
1711713133943 1.3246608972549438 21
1711713134213 1.304674744606018 22
1711713134454 1.2778836488723755 23
1711713134777 1.2487462759017944 24
