1711712152260 5807.171875 0
1711712152542 716.1665649414062 1
1711712152814 152.46163940429688 2
1711712153124 92.27136993408203 3
1711712153390 60.83988952636719 4
1711712153661 44.398075103759766 5
1711712153932 33.452701568603516 6
1711712154198 27.124479293823242 7
1711712154467 21.76490020751953 8
1711712154738 17.760498046875 9
1711712155003 14.699355125427246 10
1711712155275 12.165218353271484 11
1711712155545 9.833468437194824 12
1711712155813 8.018903732299805 13
1711712156105 6.9990997314453125 14
1711712156373 6.034926891326904 15
1711712156643 5.303093910217285 16
1711712156942 4.84881591796875 17
1711712157208 4.394377708435059 18
1711712157496 3.9973957538604736 19
1711712157762 4.116905212402344 20
1711712157997 3.5461950302124023 21
1711712158232 3.371203660964966 22
1711712158495 3.098231077194214 23
1711712158766 2.9302449226379395 24
1711712159030 2.842060089111328 25
1711712159265 2.712254285812378 26
1711712159500 2.5599732398986816 27
1711712159768 2.4386894702911377 28
1711712160034 2.3070297241210938 29
1711712160269 2.177196741104126 30
1711712160576 2.030500650405884 31
