1711712152260 58.18453598022461 0
1711712152542 20.50003433227539 1
1711712152814 8.60350513458252 2
1711712153124 6.532789707183838 3
1711712153390 5.274955749511719 4
1711712153661 4.597626686096191 5
1711712153932 4.072273254394531 6
1711712154198 3.732849597930908 7
1711712154467 3.364501714706421 8
1711712154738 3.0587732791900635 9
1711712155003 2.781454563140869 10
1711712155275 2.515366554260254 11
1711712155545 2.2618672847747803 12
1711712155813 2.0507781505584717 13
1711712156105 1.935063123703003 14
1711712156373 1.7974603176116943 15
1711712156643 1.6896262168884277 16
1711712156942 1.6236909627914429 17
1711712157208 1.5513499975204468 18
1711712157496 1.4868643283843994 19
1711712157762 1.5209470987319946 20
1711712157997 1.4050190448760986 21
1711712158232 1.376589298248291 22
1711712158495 1.3112289905548096 23
1711712158766 1.2795379161834717 24
1711712159030 1.2676316499710083 25
1711712159265 1.2472606897354126 26
1711712159500 1.2026127576828003 27
1711712159768 1.1811292171478271 28
1711712160034 1.1467289924621582 29
1711712160269 1.1139987707138062 30
1711712160576 1.0788025856018066 31
