1711710323771 5926.52685546875 0
1711710324048 825.7077026367188 1
1711710324318 149.0338897705078 2
1711710324588 68.20584106445312 3
1711710324862 36.94451141357422 4
1711710325130 25.827213287353516 5
1711710325398 19.688278198242188 6
1711710325663 14.379528045654297 7
1711710325931 11.505446434020996 8
1711710326199 10.150565147399902 9
1711710326465 8.747007369995117 10
1711710326766 7.711511135101318 11
1711710327040 6.5999603271484375 12
1711710327314 5.796694278717041 13
1711710327585 5.13730525970459 14
1711710327853 4.454320430755615 15
1711710328139 4.141875743865967 16
1711710328374 3.845752716064453 17
1711710328640 3.453749179840088 18
1711710328902 3.135718822479248 19
1711710329178 2.8534955978393555 20
1711710329441 2.6015384197235107 21
1711710329743 2.3850643634796143 22
1711710330012 2.2541701793670654 23
1711710330279 2.185317039489746 24
1711710330506 1.996528148651123 25
1711710330774 1.8254109621047974 26
1711710331038 1.6414645910263062 27
1711710331307 1.503491759300232 28
1711710331572 1.5415751934051514 29
1711710331834 1.2643624544143677 30
1711710332103 1.270336389541626 31
1711710332367 1.1389480829238892 32
1711710332602 1.0450247526168823 33
1711710332866 1.0038851499557495 34
1711710333098 1.1310858726501465 35
1711710333363 0.8829900026321411 36
1711710333625 0.8442088961601257 37
1711710333891 0.8344593048095703 38
1711710334166 0.8712018728256226 39
1711710334394 0.757255494594574 40
1711710334630 0.7090656161308289 41
1711710334894 0.6891640424728394 42
1711710335125 0.7786912322044373 43
1711710335356 0.6940836310386658 44
1711710335617 0.704651951789856 45
1711710335853 0.6730623245239258 46
1711710336118 0.7034136056900024 47
1711710336383 0.6756293177604675 48
1711710336614 0.6206282377243042 49
