1711710323771 59.062591552734375 0
1711710324048 22.49400520324707 1
1711710324318 8.782554626464844 2
1711710324588 5.554945945739746 3
1711710324862 4.018383979797363 4
1711710325130 3.5387232303619385 5
1711710325398 3.1260645389556885 6
1711710325663 2.648761510848999 7
1711710325931 2.4263081550598145 8
1711710326199 2.316124200820923 9
1711710326465 2.1660327911376953 10
1711710326766 2.0530059337615967 11
1711710327040 1.8808112144470215 12
1711710327314 1.7715610265731812 13
1711710327585 1.6590334177017212 14
1711710327853 1.5483450889587402 15
1711710328139 1.4913480281829834 16
1711710328374 1.4449553489685059 17
1711710328640 1.3700190782546997 18
1711710328902 1.3004168272018433 19
1711710329178 1.2364614009857178 20
1711710329441 1.1804389953613281 21
1711710329743 1.1313927173614502 22
1711710330012 1.10199773311615 23
1711710330279 1.0901219844818115 24
1711710330506 1.0432196855545044 25
1711710330774 0.9976918697357178 26
1711710331038 0.9434309005737305 27
1711710331307 0.8976606130599976 28
1711710331572 0.9182339310646057 29
1711710331834 0.8178136348724365 30
1711710332103 0.8223039507865906 31
1711710332367 0.777350127696991 32
1711710332602 0.7478604912757874 33
1711710332866 0.7395852208137512 34
1711710333098 0.7982550263404846 35
1711710333363 0.6901065707206726 36
1711710333625 0.6797409653663635 37
1711710333891 0.6754505634307861 38
1711710334166 0.6968260407447815 39
1711710334394 0.6478694677352905 40
1711710334630 0.6297296285629272 41
1711710334894 0.6194018721580505 42
1711710335125 0.6636170744895935 43
1711710335356 0.6237118244171143 44
1711710335617 0.630391538143158 45
1711710335853 0.6193326711654663 46
1711710336118 0.6405158638954163 47
1711710336383 0.6200681924819946 48
1711710336614 0.5998594164848328 49
