1711958560813 58.34489059448242 0
1711958561083 21.347557067871094 1
1711958561353 7.950972557067871 2
1711958561613 5.520622730255127 3
1711958561877 4.287436485290527 4
1711958562143 3.732717752456665 5
1711958562412 3.3350605964660645 6
1711958562676 2.953585147857666 7
1711958562941 2.624941349029541 8
1711958563205 2.3183822631835938 9
1711958563468 2.0931344032287598 10
1711958563733 1.9373022317886353 11
1711958563997 1.7786312103271484 12
1711958564316 1.6632757186889648 13
1711958564581 1.6104981899261475 14
1711958564844 1.510178565979004 15
1711958565110 1.4339362382888794 16
1711958565374 1.3597028255462646 17
1711958565638 1.3155429363250732 18
1711958565902 1.2424291372299194 19
1711958566165 1.2005236148834229 20
1711958566432 1.21196448802948 21
1711958566695 1.1043084859848022 22
1711958566957 1.0655044317245483 23
1711958567221 1.037598729133606 24
1711958567497 0.9899738430976868 25
1711958567758 0.9842939972877502 26
1711958567986 0.9572644829750061 27
1711958568248 0.8739984035491943 28
1711958568510 0.9811287522315979 29
1711958568773 0.8848968744277954 30
1711958569035 0.8440855741500854 31
1711958569301 0.7841798663139343 32
1711958569560 0.8071882128715515 33
1711958569822 0.7683559060096741 34
1711958570050 0.8386409282684326 35
1711958570337 0.7381818294525146 36
1711958570566 0.7298114895820618 37
1711958570793 0.7109056115150452 38
1711958571055 0.6913388967514038 39
1711958571288 0.6937705278396606 40
1711958571546 0.7331236004829407 41
1711958571773 0.6929908394813538 42
1711958572001 0.6593075394630432 43
