1711958560813 5739.41064453125 0
1711958561083 762.9390869140625 1
1711958561353 138.62510681152344 2
1711958561613 76.9487075805664 3
1711958561877 46.91139602661133 4
1711958562143 32.60208511352539 5
1711958562412 24.579998016357422 6
1711958562676 18.9840145111084 7
1711958562941 14.799019813537598 8
1711958563205 11.504191398620605 9
1711958563468 9.180822372436523 10
1711958563733 7.712204456329346 11
1711958563997 6.388242244720459 12
1711958564316 5.516239643096924 13
1711958564581 5.001781940460205 14
1711958564844 4.342930316925049 15
1711958565110 3.9025232791900635 16
1711958565374 3.4683549404144287 17
1711958565638 3.222437858581543 18
1711958565902 2.8657479286193848 19
1711958566165 2.6483943462371826 20
1711958566432 2.6667094230651855 21
1711958566695 2.2522709369659424 22
1711958566957 2.0968685150146484 23
1711958567221 1.966992974281311 24
1711958567497 1.788852334022522 25
1711958567758 1.76103937625885 26
1711958567986 1.6739845275878906 27
1711958568248 1.4200091361999512 28
1711958568510 1.6952111721038818 29
1711958568773 1.4070889949798584 30
1711958569035 1.2839913368225098 31
1711958569301 1.1251733303070068 32
1711958569560 1.15924870967865 33
1711958569822 1.056817889213562 34
1711958570050 1.2234477996826172 35
1711958570337 0.9753495454788208 36
1711958570566 0.9488374590873718 37
1711958570793 0.8997804522514343 38
1711958571055 0.8454582095146179 39
1711958571288 0.8486282825469971 40
1711958571546 0.9397069215774536 41
1711958571773 0.8407367467880249 42
1711958572001 0.7633661031723022 43
