1711707845452 58.863826751708984 0
1711707845732 19.956567764282227 1
1711707846015 8.84844970703125 2
1711707846277 6.503802299499512 3
1711707846545 4.911114692687988 4
1711707846810 4.046626567840576 5
1711707847072 3.6184957027435303 6
1711707847336 3.313110828399658 7
1711707847599 3.0045018196105957 8
1711707847862 2.7110462188720703 9
1711707848131 2.4833991527557373 10
1711707848396 2.254014492034912 11
1711707848657 2.1051313877105713 12
1711707848948 1.9320414066314697 13
1711707849211 1.8170071840286255 14
1711707849478 1.7478649616241455 15
1711707849746 1.6604270935058594 16
1711707850055 1.6092685461044312 17
1711707850318 1.587280035018921 18
1711707850580 1.580814242362976 19
1711707850843 1.4758236408233643 20
1711707851105 1.4500956535339355 21
1711707851366 1.403821349143982 22
1711707851629 1.3930004835128784 23
1711707851893 1.3484692573547363 24
1711707852121 1.355021595954895 25
1711707852384 1.2836397886276245 26
1711707852648 1.231877326965332 27
1711707852909 1.209856629371643 28
1711707853181 1.2066503763198853 29
1711707853446 1.2006465196609497 30
1711707853710 1.1264411211013794 31
1711707853941 1.1316927671432495 32
1711707854203 1.069502592086792 33
1711707854466 1.1205024719238281 34
1711707854728 1.0309802293777466 35
1711707854991 1.0486196279525757 36
1711707855218 0.981913149356842 37
1711707855486 1.0224499702453613 38
1711707855748 0.9451386332511902 39
1711707856011 0.9340072870254517 40
1711707856240 0.8829861283302307 41
1711707856501 0.911815881729126 42
1711707856733 0.8341898322105408 43
1711707856997 0.858018159866333 44
1711707857257 0.8440776467323303 45
1711707857491 0.8142049908638 46
1711707857720 0.7810968160629272 47
1711707857979 0.7928048968315125 48
1711707858274 0.7741754055023193 49
