1711707845452 5877.67724609375 0
1711707845732 681.2028198242188 1
1711707846015 156.4220733642578 2
1711707846277 90.6493911743164 3
1711707846545 54.4818115234375 4
1711707846810 36.17369842529297 5
1711707847072 27.01643180847168 6
1711707847336 21.737306594848633 7
1711707847599 17.334190368652344 8
1711707847862 13.937918663024902 9
1711707848131 11.520705223083496 10
1711707848396 9.460832595825195 11
1711707848657 8.079729080200195 12
1711707848948 6.778040409088135 13
1711707849211 5.9381914138793945 14
1711707849478 5.451207160949707 15
1711707849746 4.89097785949707 16
1711707850055 4.575053691864014 17
1711707850318 4.400382041931152 18
1711707850580 4.394589900970459 19
1711707850843 3.8439550399780273 20
1711707851105 3.7168474197387695 21
1711707851366 3.471299171447754 22
1711707851629 3.4172260761260986 23
1711707851893 3.2267985343933105 24
1711707852121 3.240201473236084 25
1711707852384 2.917353630065918 26
1711707852648 2.725919485092163 27
1711707852909 2.6303184032440186 28
1711707853181 2.6021838188171387 29
1711707853446 2.592087984085083 30
1711707853710 2.2825889587402344 31
1711707853941 2.267951726913452 32
1711707854203 2.0588738918304443 33
1711707854466 2.2220702171325684 34
1711707854728 1.9114062786102295 35
1711707854991 1.921359658241272 36
1711707855218 1.723745346069336 37
1711707855486 1.8221099376678467 38
1711707855748 1.574379563331604 39
1711707856011 1.5278117656707764 40
1711707856240 1.375032901763916 41
1711707856501 1.4454820156097412 42
1711707856733 1.2331435680389404 43
1711707856997 1.2813773155212402 44
1711707857257 1.2407550811767578 45
1711707857491 1.156217098236084 46
1711707857720 1.073319673538208 47
1711707857979 1.082490086555481 48
1711707858274 1.040618896484375 49
