1711711987193 5695.8212890625 0
1711711987464 650.0598754882812 1
1711711987736 139.9434051513672 2
1711711988006 83.35509490966797 3
1711711988278 48.30890655517578 4
1711711988549 27.372779846191406 5
1711711988820 18.615142822265625 6
1711711989091 13.690302848815918 7
1711711989364 10.856958389282227 8
1711711989634 8.810612678527832 9
1711711989904 6.875262260437012 10
1711711990180 5.229146957397461 11
1711711990456 4.262721061706543 12
1711711990723 3.7169885635375977 13
1711711990993 3.327831745147705 14
1711711991267 3.0932724475860596 15
1711711991537 2.7099809646606445 16
1711711991801 2.5505738258361816 17
1711711992072 2.302107810974121 18
1711711992308 2.2068705558776855 19
1711711992578 2.1574511528015137 20
1711711992849 1.988657832145691 21
1711711993087 1.9017431735992432 22
1711711993361 1.7007105350494385 23
1711711993593 1.6698921918869019 24
1711711993865 1.608181357383728 25
