1711711987193 57.8477668762207 0
1711711987464 19.122915267944336 1
1711711987736 8.161712646484375 2
1711711988006 6.021523475646973 3
1711711988278 4.584956169128418 4
1711711988549 3.6016459465026855 5
1711711988820 3.0817389488220215 6
1711711989091 2.6788747310638428 7
1711711989364 2.4274380207061768 8
1711711989634 2.200082540512085 9
1711711989904 1.9431540966033936 10
1711711990180 1.6868940591812134 11
1711711990456 1.5292104482650757 12
1711711990723 1.4275400638580322 13
1711711990993 1.3609094619750977 14
1711711991267 1.3186906576156616 15
1711711991537 1.2315788269042969 16
1711711991801 1.1986912488937378 17
1711711992072 1.1346570253372192 18
1711711992308 1.116642713546753 19
1711711992578 1.1059553623199463 20
1711711992849 1.0577547550201416 21
1711711993087 1.0347529649734497 22
1711711993361 0.9741824269294739 23
1711711993593 0.9704219698905945 24
1711711993865 0.9539286494255066 25
