1711709825683 6434.28857421875 0
1711709825955 618.5740356445312 1
1711709826226 128.598876953125 2
1711709826489 64.59098815917969 3
1711709826760 36.89250946044922 4
1711709827024 24.75833511352539 5
1711709827292 19.543418884277344 6
1711709827562 15.19823932647705 7
1711709827830 12.300872802734375 8
1711709828099 9.506183624267578 9
1711709828380 7.703515529632568 10
1711709828646 6.3178863525390625 11
1711709828912 5.355932712554932 12
1711709829183 4.843658447265625 13
1711709829452 4.417706489562988 14
1711709829686 4.072798728942871 15
1711709829951 3.8228137493133545 16
1711709830188 3.8184964656829834 17
1711709830456 3.5429527759552 18
1711709830720 3.4269402027130127 19
1711709830989 3.3834640979766846 20
1711709831256 3.373941421508789 21
1711709831486 3.2269415855407715 22
1711709831754 3.2449252605438232 23
1711709832019 3.048839807510376 24
1711709832257 2.98776912689209 25
1711709832555 2.8820719718933105 26
1711709832822 2.9428467750549316 27
1711709833075 2.7700135707855225 28
1711709833345 2.7358388900756836 29
1711709833615 2.8245279788970947 30
1711709833847 2.5341944694519043 31
1711709834113 2.4981977939605713 32
1711709834379 2.4751176834106445 33
1711709834644 2.5611178874969482 34
1711709834873 2.6442432403564453 35
1711709835108 2.3471577167510986 36
1711709835374 2.261742115020752 37
1711709835639 2.4962069988250732 38
1711709835902 2.239307403564453 39
1711709836139 2.26625919342041 40
1711709836371 2.5159826278686523 41
1711709836634 2.02966046333313 42
1711709836899 1.9372477531433105 43
1711709837134 2.0052266120910645 44
1711709837399 1.9467021226882935 45
1711709837656 1.8466318845748901 46
1711709837921 1.8633943796157837 47
1711709838189 1.9492225646972656 48
1711709838448 1.856805682182312 49
