1711709825683 61.1406135559082 0
1711709825955 18.663114547729492 1
1711709826226 7.865453243255615 2
1711709826489 5.231252670288086 3
1711709826760 3.9744865894317627 4
1711709827024 3.4119157791137695 5
1711709827292 3.1323390007019043 6
1711709827562 2.795287609100342 7
1711709827830 2.533146619796753 8
1711709828099 2.227928638458252 9
1711709828380 2.0066702365875244 10
1711709828646 1.8211336135864258 11
1711709828912 1.6834626197814941 12
1711709829183 1.6180111169815063 13
1711709829452 1.542112946510315 14
1711709829686 1.488025188446045 15
1711709829951 1.443067193031311 16
1711709830188 1.459791660308838 17
1711709830456 1.399374008178711 18
1711709830720 1.3744386434555054 19
1711709830989 1.3648730516433716 20
1711709831256 1.3738887310028076 21
1711709831486 1.344895362854004 22
1711709831754 1.3428136110305786 23
1711709832019 1.3052153587341309 24
1711709832257 1.2878152132034302 25
1711709832555 1.2623599767684937 26
1711709832822 1.2825100421905518 27
1711709833075 1.2405797243118286 28
1711709833345 1.2286041975021362 29
1711709833615 1.2612448930740356 30
1711709833847 1.1769243478775024 31
1711709834113 1.1759860515594482 32
1711709834379 1.1664897203445435 33
1711709834644 1.1940141916275024 34
1711709834873 1.218355417251587 35
1711709835108 1.1345200538635254 36
1711709835374 1.1145431995391846 37
1711709835639 1.1879929304122925 38
1711709835902 1.114234447479248 39
1711709836139 1.1226882934570312 40
1711709836371 1.1913554668426514 41
1711709836634 1.0530564785003662 42
1711709836899 1.02259361743927 43
1711709837134 1.048324465751648 44
1711709837399 1.0324491262435913 45
1711709837656 1.0047749280929565 46
1711709837921 1.0074222087860107 47
1711709838189 1.051326036453247 48
1711709838448 1.0163432359695435 49
