1711711966890 6263.982421875 0
1711711967159 877.4242553710938 1
1711711967433 136.8917999267578 2
1711711967700 77.29861450195312 3
1711711967971 47.1840705871582 4
1711711968238 29.398658752441406 5
1711711968505 20.558162689208984 6
1711711968773 15.635473251342773 7
1711711969045 12.414836883544922 8
1711711969310 10.377098083496094 9
1711711969580 8.477486610412598 10
1711711969854 7.1142659187316895 11
1711711970124 6.009354114532471 12
1711711970400 5.424810409545898 13
1711711970669 4.941118240356445 14
1711711970903 4.6600494384765625 15
1711711971171 4.441005706787109 16
1711711971438 4.189709663391113 17
1711711971714 3.9253666400909424 18
1711711971982 3.850407361984253 19
1711711972248 3.692580223083496 20
1711711972515 3.4495787620544434 21
1711711972787 3.430222272872925 22
1711711973055 3.363269090652466 23
1711711973347 3.159071445465088 24
1711711973634 3.008247137069702 25
1711711973872 2.982274293899536 26
1711711974138 2.6241037845611572 27
1711711974403 2.6568682193756104 28
1711711974639 2.572035789489746 29
1711711974905 2.272113561630249 30
1711711975173 2.5311903953552246 31
1711711975417 2.167712450027466 32
1711711975684 2.0004749298095703 33
1711711975948 2.0569863319396973 34
1711711976188 1.8256514072418213 35
1711711976453 1.7289780378341675 36
1711711976722 1.491256594657898 37
1711711976987 1.4343702793121338 38
1711711977256 1.4332472085952759 39
1711711977485 1.3034791946411133 40
1711711977750 1.3375275135040283 41
1711711978017 1.1288061141967773 42
1711711978284 1.1032493114471436 43
1711711978556 1.0380135774612427 44
1711711978841 0.982533872127533 45
1711711979087 1.0592055320739746 46
1711711979352 0.872891366481781 47
1711711979611 0.8733572363853455 48
1711711979877 0.7796827554702759 49
