1711711966890 61.006160736083984 0
1711711967159 23.105209350585938 1
1711711967433 8.10012149810791 2
1711711967700 5.949728965759277 3
1711711967971 4.58322286605835 4
1711711968238 3.684641122817993 5
1711711968505 3.150160551071167 6
1711711968773 2.794459104537964 7
1711711969045 2.5087387561798096 8
1711711969310 2.3117074966430664 9
1711711969580 2.1042468547821045 10
1711711969854 1.9228708744049072 11
1711711970124 1.772779941558838 12
1711711970400 1.6789799928665161 13
1711711970669 1.6119499206542969 14
1711711970903 1.5738658905029297 15
1711711971171 1.5472731590270996 16
1711711971438 1.498403549194336 17
1711711971714 1.445138931274414 18
1711711971982 1.43809175491333 19
1711711972248 1.4085148572921753 20
1711711972515 1.3647600412368774 21
1711711972787 1.3595014810562134 22
1711711973055 1.350430965423584 23
1711711973347 1.3067967891693115 24
1711711973634 1.2777199745178223 25
1711711973872 1.2813055515289307 26
1711711974138 1.190721035003662 27
1711711974403 1.2006299495697021 28
1711711974639 1.18402898311615 29
1711711974905 1.1066190004348755 30
1711711975173 1.187727689743042 31
1711711975417 1.0910382270812988 32
1711711975684 1.04889976978302 33
1711711975948 1.0684328079223633 34
1711711976188 1.003055453300476 35
1711711976453 0.9713248610496521 36
1711711976722 0.9035032987594604 37
1711711976987 0.8856123685836792 38
1711711977256 0.8951174020767212 39
1711711977485 0.8483056426048279 40
1711711977750 0.8661948442459106 41
1711711978017 0.7930105328559875 42
1711711978284 0.7906896471977234 43
1711711978556 0.7618990540504456 44
1711711978841 0.7422911524772644 45
1711711979087 0.7837461829185486 46
1711711979352 0.70192950963974 47
1711711979611 0.7038267254829407 48
1711711979877 0.6631132960319519 49
