1711707795326 5582.41064453125 0
1711707795562 547.556396484375 1
1711707795796 132.93719482421875 2
1711707796030 74.82520294189453 3
1711707796264 44.96082305908203 4
1711707796498 28.224580764770508 5
1711707796785 20.028169631958008 6
1711707797029 16.014915466308594 7
1711707797262 13.590906143188477 8
1711707797495 12.421939849853516 9
1711707797728 10.747587203979492 10
1711707797963 9.866560935974121 11
1711707798201 9.045567512512207 12
1711707798434 8.13221263885498 13
1711707798669 7.214303493499756 14
1711707798903 6.5806474685668945 15
1711707799154 6.066081523895264 16
1711707799387 5.742284297943115 17
1711707799619 5.286611557006836 18
1711707799884 5.088311672210693 19
1711707800118 4.572881698608398 20
1711707800361 4.55074405670166 21
1711707800585 4.336126804351807 22
1711707800818 4.069494247436523 23
1711707801051 3.962412118911743 24
1711707801283 3.6224117279052734 25
1711707801516 3.4692769050598145 26
1711707801748 3.445915460586548 27
1711707801982 3.008739948272705 28
1711707802214 2.970956325531006 29
1711707802447 2.6289544105529785 30
1711707802671 2.627009391784668 31
1711707802905 2.3084893226623535 32
1711707803146 2.3219401836395264 33
1711707803415 2.2218856811523438 34
1711707803649 1.9450305700302124 35
1711707803875 1.8664833307266235 36
1711707804108 1.7865499258041382 37
1711707804334 1.8662230968475342 38
1711707804565 1.5115617513656616 39
1711707804789 1.4349031448364258 40
1711707805022 1.4513109922409058 41
1711707805246 1.4466638565063477 42
1711707805480 1.224544644355774 43
1711707805705 1.2182692289352417 44
1711707805938 1.1468535661697388 45
1711707806160 1.0887874364852905 46
1711707806385 1.2633193731307983 47
1711707806616 1.0013867616653442 48
1711707806839 1.0853275060653687 49
