1711707795326 56.9057731628418 0
1711707795562 17.48343276977539 1
1711707795796 8.222403526306152 2
1711707796030 5.808241844177246 3
1711707796264 4.388810157775879 4
1711707796498 3.474398612976074 5
1711707796785 3.0043954849243164 6
1711707797029 2.756809711456299 7
1711707797262 2.585768222808838 8
1711707797495 2.5217444896698 9
1711707797728 2.341724157333374 10
1711707797963 2.2592148780822754 11
1711707798201 2.1714284420013428 12
1711707798434 2.0638391971588135 13
1711707798669 1.9445595741271973 14
1711707798903 1.8650752305984497 15
1711707799154 1.8002142906188965 16
1711707799387 1.754233956336975 17
1711707799619 1.691287636756897 18
1711707799884 1.652506947517395 19
1711707800118 1.5673935413360596 20
1711707800361 1.5744625329971313 21
1711707800585 1.5409847497940063 22
1711707800818 1.4916073083877563 23
1711707801051 1.4703730344772339 24
1711707801283 1.4048601388931274 25
1711707801516 1.376349925994873 26
1711707801748 1.3920269012451172 27
1711707801982 1.289115309715271 28
1711707802214 1.2880834341049194 29
1711707802447 1.205985426902771 30
1711707802671 1.2100276947021484 31
1711707802905 1.1319167613983154 32
1711707803146 1.140796422958374 33
1711707803415 1.124060869216919 34
1711707803649 1.0478609800338745 35
1711707803875 1.0268107652664185 36
1711707804108 1.0116020441055298 37
1711707804334 1.0450929403305054 38
1711707804565 0.9274595975875854 39
1711707804789 0.903127133846283 40
1711707805022 0.9112219214439392 41
1711707805246 0.9135189652442932 42
1711707805480 0.8351945281028748 43
1711707805705 0.8372008800506592 44
1711707805938 0.8110159039497375 45
1711707806160 0.7880240678787231 46
1711707806385 0.8472680449485779 47
1711707806616 0.7601445913314819 48
1711707806839 0.7947994470596313 49
