1711713932417 5597.90185546875 0
1711713932693 682.18603515625 1
1711713932968 138.4405975341797 2
1711713933237 73.76039123535156 3
1711713933507 43.46660614013672 4
1711713933780 30.457460403442383 5
1711713934057 23.061702728271484 6
1711713934323 18.581205368041992 7
1711713934596 15.78596019744873 8
1711713934861 13.043604850769043 9
1711713935130 11.335923194885254 10
1711713935402 9.768471717834473 11
1711713935669 8.790349006652832 12
1711713935939 7.555891036987305 13
1711713936176 6.954161167144775 14
1711713936446 6.111781597137451 15
1711713936717 5.874438762664795 16
1711713936985 5.400291919708252 17
1711713937223 4.980572700500488 18
1711713937493 4.6235270500183105 19
1711713937730 4.376316070556641 20
1711713938051 4.38728666305542 21
1711713938318 4.200612545013428 22
1711713938588 3.9402706623077393 23
1711713938856 3.5945231914520264 24
1711713939128 3.4062702655792236 25
1711713939362 3.316354990005493 26
1711713939645 3.2458720207214355 27
1711713939913 3.0330188274383545 28
1711713940171 2.656554937362671 29
1711713940440 2.547389030456543 30
1711713940720 2.4056177139282227 31
1711713940992 2.374131917953491 32
1711713941229 1.9978145360946655 33
1711713941499 1.7498836517333984 34
1711713941766 1.6854954957962036 35
1711713942035 1.6174323558807373 36
1711713942273 1.350332498550415 37
1711713942540 1.3616943359375 38
1711713942807 1.3637806177139282 39
1711713943080 1.063850998878479 40
1711713943311 1.03995943069458 41
1711713943579 1.0646414756774902 42
1711713943812 0.8565998077392578 43
1711713944084 0.8291822075843811 44
1711713944352 0.7640101909637451 45
1711713944586 0.7467119097709656 46
1711713944854 0.7389020323753357 47
1711713945123 0.6598456501960754 48
1711713945404 0.69964599609375 49
