1711713932417 57.34005355834961 0
1711713932693 20.072790145874023 1
1711713932968 8.002224922180176 2
1711713933237 5.364985942840576 3
1711713933507 4.113828182220459 4
1711713933780 3.6053667068481445 5
1711713934057 3.2195827960968018 6
1711713934323 2.9446353912353516 7
1711713934596 2.7773172855377197 8
1711713934861 2.53808331489563 9
1711713935130 2.389803647994995 10
1711713935402 2.233293056488037 11
1711713935669 2.144270658493042 12
1711713935939 1.9992871284484863 13
1711713936176 1.9318324327468872 14
1711713936446 1.8142696619033813 15
1711713936717 1.8007147312164307 16
1711713936985 1.728698492050171 17
1711713937223 1.6601961851119995 18
1711713937493 1.5952492952346802 19
1711713937730 1.5533316135406494 20
1711713938051 1.5709768533706665 21
1711713938318 1.5304919481277466 22
1711713938588 1.4821076393127441 23
1711713938856 1.4102052450180054 24
1711713939128 1.3786640167236328 25
1711713939362 1.3627766370773315 26
1711713939645 1.343308448791504 27
1711713939913 1.2982861995697021 28
1711713940171 1.2117074728012085 29
1711713940440 1.1877930164337158 30
1711713940720 1.1552748680114746 31
1711713940992 1.1585280895233154 32
1711713941229 1.0495694875717163 33
1711713941499 0.9796132445335388 34
1711713941766 0.9627608060836792 35
1711713942035 0.9468623995780945 36
1711713942273 0.8591524362564087 37
1711713942540 0.8716737627983093 38
1711713942807 0.8740090131759644 39
1711713943080 0.7617617249488831 40
1711713943311 0.7561121582984924 41
1711713943579 0.7740674614906311 42
1711713943812 0.6853262186050415 43
1711713944084 0.6749196648597717 44
1711713944352 0.6510999798774719 45
1711713944586 0.6490064263343811 46
1711713944854 0.6455844640731812 47
1711713945123 0.6094001531600952 48
1711713945404 0.62773597240448 49
