1711708066013 5652.8759765625 0
1711708066281 698.8062744140625 1
1711708066546 138.8753662109375 2
1711708066812 80.72066497802734 3
1711708067075 48.62892532348633 4
1711708067339 31.592880249023438 5
1711708067601 23.03912353515625 6
1711708067865 18.33404541015625 7
1711708068131 14.716382026672363 8
1711708068395 12.741437911987305 9
1711708068659 10.493188858032227 10
1711708068932 9.225671768188477 11
1711708069201 8.254158973693848 12
1711708069475 7.3226637840271 13
1711708069737 6.641719818115234 14
1711708070021 5.830386638641357 15
1711708070283 5.440651893615723 16
1711708070557 4.983048439025879 17
1711708070830 4.725912094116211 18
1711708071091 4.253319263458252 19
1711708071353 4.094142436981201 20
1711708071581 3.87117600440979 21
1711708071844 3.824094533920288 22
1711708072102 3.484478712081909 23
1711708072367 3.2135820388793945 24
1711708072629 3.1632654666900635 25
1711708072890 2.9552319049835205 26
1711708073147 3.0355966091156006 27
1711708073381 2.8746912479400635 28
1711708073608 2.718940019607544 29
1711708073885 2.5441105365753174 30
1711708074148 2.3609960079193115 31
1711708074410 2.2350807189941406 32
1711708074637 2.091815710067749 33
1711708074898 2.026435613632202 34
1711708075125 1.8742221593856812 35
1711708075387 1.9055558443069458 36
1711708075615 1.763825535774231 37
1711708075872 1.6305559873580933 38
1711708076137 1.4890964031219482 39
1711708076396 1.431674838066101 40
1711708076626 1.5337830781936646 41
1711708076854 1.5102972984313965 42
