1711708066013 57.242244720458984 0
1711708066281 20.119794845581055 1
1711708066546 8.448739051818848 2
1711708066812 6.230282783508301 3
1711708067075 4.7986321449279785 4
1711708067339 3.8802030086517334 5
1711708067601 3.388404130935669 6
1711708067865 3.083305835723877 7
1711708068131 2.7805349826812744 8
1711708068395 2.608875036239624 9
1711708068659 2.362011432647705 10
1711708068932 2.227417230606079 11
1711708069201 2.126326084136963 12
1711708069475 1.99944007396698 13
1711708069737 1.9112329483032227 14
1711708070021 1.796143651008606 15
1711708070283 1.7414271831512451 16
1711708070557 1.672399640083313 17
1711708070830 1.6254534721374512 18
1711708071091 1.5451511144638062 19
1711708071353 1.522996187210083 20
1711708071581 1.4805723428726196 21
1711708071844 1.4798566102981567 22
1711708072102 1.4071249961853027 23
1711708072367 1.3475638628005981 24
1711708072629 1.340973973274231 25
1711708072890 1.2968716621398926 26
1711708073147 1.3099271059036255 27
1711708073381 1.2857046127319336 28
1711708073608 1.247406244277954 29
1711708073885 1.213001012802124 30
1711708074148 1.1590505838394165 31
1711708074410 1.1226872205734253 32
1711708074637 1.0912905931472778 33
1711708074898 1.0737236738204956 34
1711708075125 1.0297584533691406 35
1711708075387 1.0445622205734253 36
1711708075615 1.0037941932678223 37
1711708075872 0.9627600908279419 38
1711708076137 0.9203636646270752 39
1711708076396 0.9042571187019348 40
1711708076626 0.94183349609375 41
1711708076854 0.9314291477203369 42
