1711711635200 61.22138595581055 0
1711711635489 22.315401077270508 1
1711711635756 7.206636428833008 2
1711711636049 4.840169429779053 3
1711711636316 3.7394323348999023 4
1711711636584 3.3204753398895264 5
1711711636852 3.125631809234619 6
1711711637122 2.852599620819092 7
1711711637387 2.673508644104004 8
1711711637660 2.4858036041259766 9
1711711637928 2.4119131565093994 10
1711711638194 2.217472791671753 11
1711711638462 2.1577157974243164 12
1711711638729 2.0073647499084473 13
1711711638998 1.9333784580230713 14
1711711639296 1.8672655820846558 15
1711711639562 1.8203988075256348 16
1711711639894 1.8366442918777466 17
1711711640162 1.7507588863372803 18
1711711640443 1.7540980577468872 19
1711711640675 1.695957899093628 20
1711711640908 1.682897925376892 21
1711711641183 1.6485061645507812 22
1711711641446 1.6519827842712402 23
1711711641683 1.7088043689727783 24
1711711641946 1.573506236076355 25
1711711642214 1.5407676696777344 26
1711711642490 1.507216215133667 27
1711711642719 1.4705612659454346 28
1711711642988 1.375420093536377 29
1711711643252 1.3758833408355713 30
1711711643519 1.3324759006500244 31
1711711643784 1.229555368423462 32
1711711644017 1.201662540435791 33
1711711644286 1.1421688795089722 34
1711711644550 1.1304367780685425 35
1711711644817 1.0378183126449585 36
1711711645084 1.058100700378418 37
1711711645316 0.9738976955413818 38
1711711645583 0.9790650606155396 39
1711711645817 0.9514055252075195 40
1711711646080 0.9260356426239014 41
1711711646317 0.9503635764122009 42
1711711646584 0.9058998823165894 43
