1711711635200 6305.81005859375 0
1711711635489 851.0919189453125 1
1711711635756 115.13075256347656 2
1711711636049 57.973724365234375 3
1711711636316 34.19894027709961 4
1711711636584 24.139921188354492 5
1711711636852 19.722606658935547 6
1711711637122 16.057018280029297 7
1711711637387 13.862903594970703 8
1711711637660 11.941787719726562 9
1711711637928 10.979870796203613 10
1711711638194 9.231042861938477 11
1711711638462 8.616570472717285 12
1711711638729 7.5273332595825195 13
1711711638998 6.889429569244385 14
1711711639296 6.38471794128418 15
1711711639562 6.033421993255615 16
1711711639894 6.032040119171143 17
1711711640162 5.552178382873535 18
1711711640443 5.4691596031188965 19
1711711640675 5.185132026672363 20
1711711640908 5.070028305053711 21
1711711641183 4.888038158416748 22
1711711641446 4.8802032470703125 23
1711711641683 5.120296955108643 24
1711711641946 4.443272590637207 25
1711711642214 4.253707408905029 26
1711711642490 4.079987049102783 27
1711711642719 3.8524417877197266 28
1711711642988 3.4249136447906494 29
1711711643252 3.3838541507720947 30
1711711643519 3.178215265274048 31
1711711643784 2.751868963241577 32
1711711644017 2.5865330696105957 33
1711711644286 2.336444616317749 34
1711711644550 2.2652974128723145 35
1711711644817 1.9396307468414307 36
1711711645084 1.979637861251831 37
1711711645316 1.681473970413208 38
1711711645583 1.6660157442092896 39
1711711645817 1.5860941410064697 40
1711711646080 1.5100919008255005 41
1711711646317 1.5616735219955444 42
1711711646584 1.4180728197097778 43
