1711958155173 6087.34326171875 0
1711958155452 744.969970703125 1
1711958155750 142.91001892089844 2
1711958156018 72.85411834716797 3
1711958156310 41.9438591003418 4
1711958156640 26.929759979248047 5
1711958156926 18.775100708007812 6
1711958157196 13.873180389404297 7
1711958157526 11.275775909423828 8
1711958157810 9.300317764282227 9
1711958158095 7.9173583984375 10
1711958158536 7.141097068786621 11
1711958158818 6.2736897468566895 12
1711958159088 5.830201148986816 13
1711958159392 5.107115745544434 14
1711958159721 4.868885040283203 15
1711958159999 4.495277404785156 16
1711958160275 4.432157039642334 17
1711958160558 4.1394195556640625 18
1711958160826 3.8797919750213623 19
1711958161159 3.7830650806427 20
1711958161425 3.556304454803467 21
1711958161750 3.6559109687805176 22
1711958162037 3.3714864253997803 23
1711958162305 3.2492551803588867 24
1711958162593 3.267458200454712 25
1711958162874 2.9250471591949463 26
1711958163148 2.820345878601074 27
1711958163390 2.6497976779937744 28
1711958163692 2.5226752758026123 29
1711958163976 2.538198947906494 30
1711958164251 2.5823819637298584 31
1711958164538 2.253711462020874 32
1711958164771 2.301547050476074 33
1711958165048 2.2105960845947266 34
1711958165286 2.1521105766296387 35
1711958165552 1.9794812202453613 36
1711958165833 1.9301939010620117 37
1711958166067 1.7463464736938477 38
1711958166338 1.9741401672363281 39
1711958166573 1.6354734897613525 40
1711958166817 1.6893211603164673 41
1711958167086 1.6566778421401978 42
1711958167321 1.6929669380187988 43
1711958167557 1.652487874031067 44
