1711958155173 59.655704498291016 0
1711958155452 20.99030876159668 1
1711958155750 8.206596374511719 2
1711958156018 5.524282455444336 3
1711958156310 4.180037975311279 4
1711958156640 3.418353796005249 5
1711958156926 2.9389376640319824 6
1711958157196 2.5453851222991943 7
1711958157526 2.342886447906494 8
1711958157810 2.1572189331054688 9
1711958158095 2.022348403930664 10
1711958158536 1.943987250328064 11
1711958158818 1.8165326118469238 12
1711958159088 1.7780275344848633 13
1711958159392 1.6543235778808594 14
1711958159721 1.6320796012878418 15
1711958159999 1.568911075592041 16
1711958160275 1.5682414770126343 17
1711958160558 1.5177865028381348 18
1711958160826 1.461163878440857 19
1711958161159 1.451564073562622 20
1711958161425 1.4042023420333862 21
1711958161750 1.424951434135437 22
1711958162037 1.3715012073516846 23
1711958162305 1.3512694835662842 24
1711958162593 1.3525612354278564 25
1711958162874 1.278904676437378 26
1711958163148 1.2495485544204712 27
1711958163390 1.2203794717788696 28
1711958163692 1.1794973611831665 29
1711958163976 1.1850687265396118 30
1711958164251 1.211403489112854 31
1711958164538 1.1210554838180542 32
1711958164771 1.13834810256958 33
1711958165048 1.1150317192077637 34
1711958165286 1.0943948030471802 35
1711958165552 1.0453548431396484 36
1711958165833 1.032628059387207 37
1711958166067 0.9785261154174805 38
1711958166338 1.054462194442749 39
1711958166573 0.9486296772956848 40
1711958166817 0.9672536253929138 41
1711958167086 0.9663265943527222 42
1711958167321 0.9774558544158936 43
1711958167557 0.9633558392524719 44
