1711711813782 5691.0810546875 0
1711711814059 756.88134765625 1
1711711814334 135.52484130859375 2
1711711814604 71.11865997314453 3
1711711814874 42.13019943237305 4
1711711815144 29.799257278442383 5
1711711815416 22.6820125579834 6
1711711815686 17.344133377075195 7
1711711815952 12.9079008102417 8
1711711816225 9.808618545532227 9
1711711816492 7.52982759475708 10
1711711816766 6.351120471954346 11
1711711817032 5.45998477935791 12
1711711817303 4.875575065612793 13
1711711817570 4.433206558227539 14
1711711817837 4.066230297088623 15
1711711818109 3.8944616317749023 16
1711711818376 3.649578809738159 17
1711711818683 3.3510324954986572 18
1711711818994 3.3696393966674805 19
1711711819233 3.0613694190979004 20
1711711819501 2.9011940956115723 21
1711711819736 2.839010715484619 22
1711711820004 2.5815117359161377 23
1711711820236 2.5183334350585938 24
1711711820504 2.675767421722412 25
1711711820773 2.2795603275299072 26
1711711821041 2.3285248279571533 27
1711711821277 2.3106894493103027 28
1711711821546 2.0763654708862305 29
1711711821776 2.0162572860717773 30
1711711822046 1.9018123149871826 31
1711711822313 2.1228325366973877 32
1711711822550 1.8354063034057617 33
1711711822818 1.6815264225006104 34
1711711823086 1.6174055337905884 35
1711711823320 1.5725823640823364 36
1711711823593 1.4517260789871216 37
1711711823870 1.388265609741211 38
1711711824152 1.4033018350601196 39
1711711824420 1.413438320159912 40
1711711824650 1.3745616674423218 41
