1711711813782 57.83320999145508 0
1711711814059 21.600061416625977 1
1711711814334 7.973017692565918 2
1711711814604 5.289928913116455 3
1711711814874 4.084895133972168 4
1711711815144 3.6040141582489014 5
1711711815416 3.238006353378296 6
1711711815686 2.834482431411743 7
1711711815952 2.4422130584716797 8
1711711816225 2.1311569213867188 9
1711711816492 1.8788726329803467 10
1711711816766 1.7743562459945679 11
1711711817032 1.6617943048477173 12
1711711817303 1.5896682739257812 13
1711711817570 1.526305079460144 14
1711711817837 1.4652491807937622 15
1711711818109 1.456193447113037 16
1711711818376 1.3999054431915283 17
1711711818683 1.3522932529449463 18
1711711818994 1.362135887145996 19
1711711819233 1.2955394983291626 20
1711711819501 1.2679402828216553 21
1711711819736 1.2545149326324463 22
1711711820004 1.195465326309204 23
1711711820236 1.1854921579360962 24
1711711820504 1.2270269393920898 25
1711711820773 1.1265509128570557 26
1711711821041 1.1487609148025513 27
1711711821277 1.1422942876815796 28
1711711821546 1.0842483043670654 29
1711711821776 1.0631850957870483 30
1711711822046 1.0384845733642578 31
1711711822313 1.1074997186660767 32
1711711822550 1.0234096050262451 33
1711711822818 0.9744004607200623 34
1711711823086 0.9614861011505127 35
1711711823320 0.9426796436309814 36
1711711823593 0.9063766598701477 37
1711711823870 0.8881317973136902 38
1711711824152 0.899195671081543 39
1711711824420 0.9014055132865906 40
1711711824650 0.8959195017814636 41
