1711709568793 6085.53271484375 0
1711709569066 690.8385620117188 1
1711709569338 118.15464782714844 2
1711709569602 61.056339263916016 3
1711709569871 38.8000602722168 4
1711709570137 29.029512405395508 5
1711709570403 23.24359130859375 6
1711709570667 18.596820831298828 7
1711709570934 14.989386558532715 8
1711709571201 11.417034149169922 9
1711709571468 8.868424415588379 10
1711709571792 7.346308708190918 11
1711709572035 6.199307918548584 12
1711709572300 5.568538188934326 13
1711709572567 4.976531505584717 14
1711709572831 4.542318344116211 15
1711709573097 4.245395660400391 16
1711709573330 3.9666385650634766 17
1711709573599 3.6113781929016113 18
1711709573861 3.4870669841766357 19
1711709574127 3.198427438735962 20
1711709574396 3.0384521484375 21
1711709574659 2.9226975440979004 22
1711709574924 2.5603952407836914 23
1711709575155 2.424057722091675 24
1711709575423 2.1535301208496094 25
1711709575691 2.1045141220092773 26
1711709575953 1.9784278869628906 27
1711709576188 1.959886908531189 28
1711709576452 1.7690720558166504 29
1711709576721 1.6503008604049683 30
1711709576954 1.673313021659851 31
1711709577219 1.6932587623596191 32
1711709577481 1.5088269710540771 33
1711709577716 1.3899582624435425 34
1711709577983 1.351077914237976 35
1711709578253 1.2227476835250854 36
1711709578520 1.2995270490646362 37
1711709578785 1.1616865396499634 38
1711709579049 1.148728847503662 39
1711709579315 1.084651231765747 40
1711709579577 1.2690852880477905 41
1711709579811 1.0868769884109497 42
1711709580082 0.9854485988616943 43
1711709580348 0.9152716994285583 44
1711709580584 0.994147539138794 45
