1711709568793 59.66388702392578 0
1711709569066 19.894269943237305 1
1711709569338 7.358800411224365 2
1711709569602 4.929683208465576 3
1711709569871 4.101856708526611 4
1711709570137 3.694133996963501 5
1711709570403 3.3558189868927 6
1711709570667 3.0246498584747314 7
1711709570934 2.7142958641052246 8
1711709571201 2.3602445125579834 9
1711709571468 2.0928795337677 10
1711709571792 1.9303786754608154 11
1711709572035 1.7951633930206299 12
1711709572300 1.7075117826461792 13
1711709572567 1.624757170677185 14
1711709572831 1.5582005977630615 15
1711709573097 1.5137732028961182 16
1711709573330 1.4669687747955322 17
1711709573599 1.3997666835784912 18
1711709573861 1.3852787017822266 19
1711709574127 1.3218705654144287 20
1711709574396 1.2876555919647217 21
1711709574659 1.269739031791687 22
1711709574924 1.186279296875 23
1711709575155 1.1555606126785278 24
1711709575423 1.0821633338928223 25
1711709575691 1.0738694667816162 26
1711709575953 1.045853614807129 27
1711709576188 1.0457271337509155 28
1711709576452 0.9931100606918335 29
1711709576721 0.9589117169380188 30
1711709576954 0.9724554419517517 31
1711709577219 0.9798564910888672 32
1711709577481 0.9213717579841614 33
1711709577716 0.8889099955558777 34
1711709577983 0.8767114281654358 35
1711709578253 0.827963650226593 36
1711709578520 0.8624330759048462 37
1711709578785 0.8133292198181152 38
1711709579049 0.8064199686050415 39
1711709579315 0.7882006168365479 40
1711709579577 0.8586205840110779 41
1711709579811 0.7943925857543945 42
1711709580082 0.7532525062561035 43
1711709580348 0.7264708280563354 44
1711709580584 0.7610228061676025 45
