1711710633275 5743.06298828125 0
1711710633546 597.939697265625 1
1711710633825 131.06236267089844 2
1711710634094 70.92450714111328 3
1711710634363 39.73186492919922 4
1711710634635 25.429346084594727 5
1711710634903 18.176029205322266 6
1711710635168 14.605765342712402 7
1711710635440 11.433616638183594 8
1711710635768 9.261549949645996 9
1711710636042 7.940290451049805 10
1711710636311 6.663871765136719 11
1711710636577 5.957045555114746 12
1711710636848 5.308952331542969 13
1711710637119 4.733615398406982 14
1711710637356 4.289730072021484 15
1711710637627 4.197329044342041 16
1711710637893 3.7807633876800537 17
1711710638161 3.6504857540130615 18
1711710638430 3.3754799365997314 19
1711710638699 3.122021198272705 20
1711710638967 3.137913227081299 21
1711710639205 2.7810800075531006 22
1711710639477 2.75470232963562 23
1711710639745 2.666177272796631 24
1711710640012 2.539803981781006 25
1711710640281 2.372627019882202 26
1711710640551 2.218433380126953 27
1711710640819 2.223449468612671 28
1711710641089 2.024275064468384 29
1711710641354 2.1294562816619873 30
1711710641593 1.9507696628570557 31
1711710641857 1.993937373161316 32
1711710642128 1.9240492582321167 33
1711710642391 1.7196710109710693 34
1711710642629 1.7399613857269287 35
1711710642936 1.674498200416565 36
