1711710633275 57.827545166015625 0
1711710633546 18.481550216674805 1
1711710633825 7.893448829650879 2
1711710634094 5.531617164611816 3
1711710634363 4.058192253112793 4
1711710634635 3.3063957691192627 5
1711710634903 2.8653404712677 6
1711710635168 2.636192798614502 7
1711710635440 2.345778703689575 8
1711710635768 2.1300876140594482 9
1711710636042 1.9876253604888916 10
1711710636311 1.8340932130813599 11
1711710636577 1.7513090372085571 12
1711710636848 1.661180019378662 13
1711710637119 1.577830195426941 14
1711710637356 1.509320855140686 15
1711710637627 1.5040433406829834 16
1711710637893 1.4253636598587036 17
1711710638161 1.4078084230422974 18
1711710638430 1.3519785404205322 19
1711710638699 1.3079785108566284 20
1711710638967 1.3162333965301514 21
1711710639205 1.2406251430511475 22
1711710639477 1.2348988056182861 23
1711710639745 1.2203527688980103 24
1711710640012 1.1948298215866089 25
1711710640281 1.1535133123397827 26
1711710640551 1.1123729944229126 27
1711710640819 1.1317968368530273 28
1711710641089 1.0703352689743042 29
1711710641354 1.1043310165405273 30
1711710641593 1.0591899156570435 31
1711710641857 1.0676766633987427 32
1711710642128 1.0576001405715942 33
1711710642391 0.9929044842720032 34
1711710642629 1.0036330223083496 35
1711710642936 0.9797612428665161 36
