1711714349174 5672.25830078125 0
1711714349450 729.47900390625 1
1711714349728 137.1531982421875 2
1711714350006 66.50415802001953 3
1711714350273 37.148223876953125 4
1711714350541 24.776330947875977 5
1711714350810 18.441722869873047 6
1711714351080 14.556608200073242 7
1711714351349 11.251827239990234 8
1711714351618 9.228740692138672 9
1711714351888 7.6629486083984375 10
1711714352156 6.5922160148620605 11
1711714352424 5.852830410003662 12
1711714352697 5.4076995849609375 13
1711714352927 5.328833103179932 14
1711714353196 4.533898830413818 15
1711714353464 4.389636993408203 16
1711714353732 4.244697570800781 17
1711714354000 4.031558990478516 18
1711714354268 3.8120288848876953 19
1711714354537 3.6614904403686523 20
1711714354811 3.6241183280944824 21
1711714355049 3.303792715072632 22
1711714355322 3.332047939300537 23
