1711714349174 57.7254638671875 0
1711714349450 21.068876266479492 1
1711714349728 7.905611991882324 2
1711714350006 5.106104850769043 3
1711714350273 3.898026466369629 4
1711714350541 3.341400623321533 5
1711714350810 2.9916985034942627 6
1711714351080 2.689877986907959 7
1711714351349 2.402418613433838 8
1711714351618 2.195005416870117 9
1711714351888 2.022641897201538 10
1711714352156 1.8816545009613037 11
1711714352424 1.7896870374679565 12
1711714352697 1.7189092636108398 13
1711714352927 1.7263376712799072 14
1711714353196 1.5860223770141602 15
1711714353464 1.5621029138565063 16
1711714353732 1.5390350818634033 17
1711714354000 1.4963029623031616 18
1711714354268 1.457474946975708 19
1711714354537 1.4298487901687622 20
1711714354811 1.4216511249542236 21
1711714355049 1.3540517091751099 22
1711714355322 1.3636740446090698 23
