1711709027290 5716.087890625 0
1711709027559 628.8656616210938 1
1711709027826 113.457275390625 2
1711709028091 60.87443923950195 3
1711709028356 38.38216781616211 4
1711709028617 27.30534553527832 5
1711709028877 20.691608428955078 6
1711709029145 16.838987350463867 7
1711709029408 13.71618938446045 8
1711709029671 11.526739120483398 9
1711709029935 9.515584945678711 10
1711709030202 7.850182056427002 11
1711709030463 7.005265235900879 12
1711709030727 6.125651836395264 13
1711709030991 5.476508140563965 14
1711709031255 5.133821487426758 15
1711709031518 4.63952112197876 16
1711709031781 4.351412773132324 17
1711709032012 4.117027759552002 18
1711709032247 3.890360116958618 19
1711709032512 3.915811061859131 20
1711709032773 3.5055932998657227 21
1711709033034 3.0774881839752197 22
1711709033320 2.998642921447754 23
1711709033551 2.8800857067108154 24
1711709033817 2.6404714584350586 25
1711709034083 2.5555882453918457 26
1711709034345 2.3283498287200928 27
1711709034610 2.487682819366455 28
1711709034877 2.0812745094299316 29
1711709035144 1.979529857635498 30
1711709035409 2.0967955589294434 31
1711709035677 1.8400553464889526 32
1711709035908 1.7008514404296875 33
1711709036173 1.5703989267349243 34
1711709036439 1.5487765073776245 35
1711709036668 1.509161114692688 36
1711709036931 1.3435142040252686 37
