1711709027290 58.36967468261719 0
1711709027559 18.804637908935547 1
1711709027826 7.453407287597656 2
1711709028091 5.291445255279541 3
1711709028356 4.287973403930664 4
1711709028617 3.7137887477874756 5
1711709028877 3.2930102348327637 6
1711709029145 2.9841256141662598 7
1711709029408 2.70688533782959 8
1711709029671 2.489978790283203 9
1711709029935 2.2680227756500244 10
1711709030202 2.0519165992736816 11
1711709030463 1.9713706970214844 12
1711709030727 1.8374615907669067 13
1711709030991 1.743672490119934 14
1711709031255 1.7005442380905151 15
1711709031518 1.6197460889816284 16
1711709031781 1.5698565244674683 17
1711709032012 1.530465006828308 18
1711709032247 1.4920145273208618 19
1711709032512 1.4965733289718628 20
1711709032773 1.4211519956588745 21
1711709033034 1.3164162635803223 22
1711709033320 1.3081120252609253 23
1711709033551 1.279255747795105 24
1711709033817 1.2170593738555908 25
1711709034083 1.1983555555343628 26
1711709034345 1.1417595148086548 27
1711709034610 1.1931777000427246 28
1711709034877 1.0828146934509277 29
1711709035144 1.0529561042785645 30
1711709035409 1.0915452241897583 31
1711709035677 1.020200252532959 32
1711709035908 0.9774139523506165 33
1711709036173 0.9478743672370911 34
1711709036439 0.9320206642150879 35
1711709036668 0.9322611689567566 36
1711709036931 0.8677782416343689 37
