1711714277630 6254.59912109375 0
1711714277901 860.6453247070312 1
1711714278175 151.46864318847656 2
1711714278449 84.44024658203125 3
1711714278716 53.37571334838867 4
1711714278987 35.1328125 5
1711714279263 25.019197463989258 6
1711714279530 19.813495635986328 7
1711714279811 16.323442459106445 8
1711714280084 13.270851135253906 9
1711714280356 10.7542142868042 10
1711714280624 8.78138256072998 11
1711714280893 7.488046646118164 12
1711714281162 6.42582368850708 13
1711714281429 5.859607219696045 14
1711714281664 5.2583112716674805 15
1711714281934 4.865255355834961 16
1711714282204 4.711476802825928 17
1711714282473 4.362990856170654 18
1711714282741 4.202853202819824 19
1711714282979 4.096351146697998 20
1711714283249 4.056992530822754 21
1711714283518 3.870765447616577 22
1711714283788 3.5879838466644287 23
1711714284063 3.8056883811950684 24
1711714284301 3.670948028564453 25
1711714284569 3.26546049118042 26
1711714284839 3.4741263389587402 27
1711714285083 3.0766761302948 28
1711714285316 3.1364102363586426 29
1711714285581 2.946676731109619 30
1711714285851 2.7212469577789307 31
1711714286084 2.730926990509033 32
1711714286355 2.7160661220550537 33
1711714286621 2.6923060417175293 34
1711714286859 2.4516172409057617 35
1711714287127 2.4353933334350586 36
1711714287395 2.296814441680908 37
1711714287634 2.2348568439483643 38
1711714287900 2.618551254272461 39
1711714288170 2.2088823318481445 40
1711714288409 2.132070779800415 41
1711714288675 1.9975156784057617 42
1711714288910 1.928926944732666 43
1711714289148 1.9875608682632446 44
