1711714277630 60.78867721557617 0
1711714277901 22.93438148498535 1
1711714278175 8.6024169921875 2
1711714278449 6.1667609214782715 3
1711714278716 4.937307357788086 4
1711714278987 4.063834190368652 5
1711714279263 3.5005671977996826 6
1711714279530 3.1978471279144287 7
1711714279811 2.9432244300842285 8
1711714280084 2.6572437286376953 9
1711714280356 2.3930370807647705 10
1711714280624 2.1622183322906494 11
1711714280893 2.0045926570892334 12
1711714281162 1.8592679500579834 13
1711714281429 1.790990948677063 14
1711714281664 1.6998080015182495 15
1711714281934 1.631332516670227 16
1711714282204 1.6121746301651 17
1711714282473 1.5558443069458008 18
1711714282741 1.5254873037338257 19
1711714282979 1.509311318397522 20
1711714283249 1.5058951377868652 21
1711714283518 1.474006175994873 22
1711714283788 1.418330192565918 23
1711714284063 1.4607917070388794 24
1711714284301 1.4353259801864624 25
1711714284569 1.3502262830734253 26
1711714284839 1.4014993906021118 27
1711714285083 1.3088570833206177 28
1711714285316 1.3338910341262817 29
1711714285581 1.2793891429901123 30
1711714285851 1.2306660413742065 31
1711714286084 1.2391502857208252 32
1711714286355 1.2315374612808228 33
1711714286621 1.22543466091156 34
1711714286859 1.1702189445495605 35
1711714287127 1.1682013273239136 36
1711714287395 1.130825400352478 37
1711714287634 1.1150861978530884 38
1711714287900 1.2221273183822632 39
1711714288170 1.1087453365325928 40
1711714288409 1.0897884368896484 41
1711714288675 1.054987907409668 42
1711714288910 1.0418295860290527 43
1711714289148 1.0541471242904663 44
