1711958320948 6262.38134765625 0
1711958321216 913.0877075195312 1
1711958321481 157.82791137695312 2
1711958321745 89.3534927368164 3
1711958322008 53.28083419799805 4
1711958322270 33.11245346069336 5
1711958322531 22.43463134765625 6
1711958322793 17.369836807250977 7
1711958323055 13.612969398498535 8
1711958323318 10.21633529663086 9
1711958323580 8.158267974853516 10
1711958323864 6.942310333251953 11
1711958324452 6.186481952667236 12
1711958325071 5.51456356048584 13
1711958325756 5.064754009246826 14
1711958326101 4.777031898498535 15
1711958326414 4.618180274963379 16
1711958326674 4.303451061248779 17
1711958326940 4.152242660522461 18
1711958327197 4.099876880645752 19
1711958327456 3.739462375640869 20
1711958327715 3.6152937412261963 21
1711958327973 3.333768129348755 22
1711958328230 3.25494122505188 23
1711958328455 3.417637586593628 24
1711958328712 3.164499521255493 25
1711958328936 2.8576395511627197 26
1711958329232 2.7612576484680176 27
1711958329493 2.8272969722747803 28
1711958329719 2.899749517440796 29
1711958329973 2.6041104793548584 30
