1711958320948 61.116275787353516 0
1711958321216 23.840681076049805 1
1711958321481 8.907668113708496 2
1711958321745 6.337057113647461 3
1711958322008 4.727217197418213 4
1711958322270 3.817502021789551 5
1711958322531 3.2429420948028564 6
1711958322793 2.9455044269561768 7
1711958323055 2.6204543113708496 8
1711958323318 2.2735989093780518 9
1711958323580 2.051382303237915 10
1711958323864 1.9186694622039795 11
1711958324452 1.8209702968597412 12
1711958325071 1.7362210750579834 13
1711958325756 1.6693462133407593 14
1711958326101 1.6264399290084839 15
1711958326414 1.6081078052520752 16
1711958326674 1.5592480897903442 17
1711958326940 1.5289607048034668 18
1711958327197 1.5288902521133423 19
1711958327456 1.4605774879455566 20
1711958327715 1.4316010475158691 21
1711958327973 1.3780090808868408 22
1711958328230 1.3595161437988281 23
1711958328455 1.3974088430404663 24
1711958328712 1.3497544527053833 25
1711958328936 1.2787355184555054 26
1711958329232 1.255650281906128 27
1711958329493 1.27203369140625 28
1711958329719 1.293448567390442 29
1711958329973 1.219739317893982 30
