1711712557591 6065.44287109375 0
1711712557873 804.856689453125 1
1711712558147 150.9945068359375 2
1711712558413 82.28430938720703 3
1711712558686 50.736114501953125 4
1711712558954 34.33639144897461 5
1711712559232 25.770313262939453 6
1711712559498 19.328142166137695 7
1711712559770 15.130613327026367 8
1711712560040 12.37016487121582 9
1711712560304 10.414501190185547 10
1711712560576 8.661794662475586 11
1711712560841 7.227105140686035 12
1711712561136 6.373700141906738 13
1711712561401 5.4174065589904785 14
1711712561666 5.002685070037842 15
1711712561935 4.47853946685791 16
1711712562174 3.9602694511413574 17
1711712562439 3.5641791820526123 18
1711712562676 3.414992332458496 19
1711712562940 3.0792319774627686 20
1711712563210 2.875257968902588 21
1711712563478 2.6953208446502686 22
1711712563713 2.5844857692718506 23
1711712563951 2.5624866485595703 24
1711712564222 2.2253081798553467 25
1711712564493 2.168229341506958 26
1711712564757 2.078028678894043 27
1711712565025 1.9758884906768799 28
1711712565264 1.788682460784912 29
1711712565532 1.757021427154541 30
1711712565767 1.5474046468734741 31
1711712566034 1.5155733823776245 32
1711712566267 1.4618804454803467 33
1711712566534 1.354123592376709 34
1711712566804 1.4172590970993042 35
1711712567035 1.2911667823791504 36
1711712567301 1.2687016725540161 37
1711712567569 1.053336501121521 38
1711712567836 1.0345261096954346 39
1711712568070 1.0820461511611938 40
1711712568333 0.9358223676681519 41
1711712568604 0.8523500561714172 42
1711712568833 0.9579311013221741 43
1711712569140 0.8353672027587891 44
1711712569428 0.756962776184082 45
1711712569692 0.7470467686653137 46
1711712569927 0.7742934823036194 47
1711712570192 0.7339985370635986 48
1711712570460 0.6917819380760193 49
