1711712557591 59.6883544921875 0
1711712557873 22.189176559448242 1
1711712558147 8.396251678466797 2
1711712558413 5.938554286956787 3
1711712558686 4.761236190795898 4
1711712558954 4.000986099243164 5
1711712559232 3.5476927757263184 6
1711712559498 3.086688756942749 7
1711712559770 2.7621867656707764 8
1711712560040 2.5098960399627686 9
1711712560304 2.309119701385498 10
1711712560576 2.1215872764587402 11
1711712560841 1.9481221437454224 12
1711712561136 1.8378503322601318 13
1711712561401 1.7027244567871094 14
1711712561666 1.6543787717819214 15
1711712561935 1.569154977798462 16
1711712562174 1.476220726966858 17
1711712562439 1.407698392868042 18
1711712562676 1.3799415826797485 19
1711712562940 1.3063209056854248 20
1711712563210 1.267932415008545 21
1711712563478 1.2302324771881104 22
1711712563713 1.2022565603256226 23
1711712563951 1.208349585533142 24
1711712564222 1.1221129894256592 25
1711712564493 1.1123720407485962 26
1711712564757 1.091834545135498 27
1711712565025 1.062525749206543 28
1711712565264 1.0071206092834473 29
1711712565532 1.0066441297531128 30
1711712565767 0.9377009868621826 31
1711712566034 0.9295530319213867 32
1711712566267 0.9169794917106628 33
1711712566534 0.8805338740348816 34
1711712566804 0.9088982343673706 35
1711712567035 0.8639184832572937 36
1711712567301 0.8561661839485168 37
1711712567569 0.7743619680404663 38
1711712567836 0.7670283317565918 39
1711712568070 0.790342390537262 40
1711712568333 0.7335255146026611 41
1711712568604 0.6989325284957886 42
1711712568833 0.7493096590042114 43
1711712569140 0.6966553926467896 44
1711712569428 0.6590448617935181 45
1711712569692 0.6582229733467102 46
1711712569927 0.6717281341552734 47
1711712570192 0.6548972725868225 48
1711712570460 0.6373041868209839 49
