1711958083822 5816.69677734375 0
1711958084096 646.9864501953125 1
1711958084381 133.59812927246094 2
1711958084651 78.07392120361328 3
1711958084919 47.48844909667969 4
1711958085188 31.973587036132812 5
1711958085455 23.564472198486328 6
1711958085723 16.573129653930664 7
1711958085991 12.53943157196045 8
1711958086262 10.371204376220703 9
1711958086530 8.70077896118164 10
1711958086799 7.699367046356201 11
1711958087068 6.5036163330078125 12
1711958087335 5.961630821228027 13
1711958087602 5.304678916931152 14
1711958087869 4.714682102203369 15
1711958088148 4.273567199707031 16
1711958088415 4.114172458648682 17
1711958088698 3.6523518562316895 18
1711958088966 3.487556219100952 19
1711958089204 3.3711631298065186 20
1711958089482 3.196545124053955 21
1711958089756 2.970900535583496 22
1711958090030 2.700101852416992 23
1711958090303 2.5949864387512207 24
1711958090544 2.6306893825531006 25
1711958090783 2.6666359901428223 26
1711958091051 2.445716142654419 27
1711958091331 2.331690788269043 28
1711958091631 2.20534348487854 29
1711958091897 2.1769869327545166 30
1711958092144 2.3060755729675293 31
1711958092384 1.9927518367767334 32
1711958092663 1.92479407787323 33
1711958092907 1.8820596933364868 34
1711958093179 1.7875118255615234 35
1711958093449 1.708465337753296 36
1711958093686 1.6649404764175415 37
1711958093951 1.595937728881836 38
