1711958083822 58.703712463378906 0
1711958084096 19.035547256469727 1
1711958084381 7.858527183532715 2
1711958084651 5.841404914855957 3
1711958084919 4.52203893661499 4
1711958085188 3.868844509124756 5
1711958085455 3.4030601978302 6
1711958085723 2.8300979137420654 7
1711958085991 2.479849338531494 8
1711958086262 2.3028876781463623 9
1711958086530 2.1011273860931396 10
1711958086799 2.0048959255218506 11
1711958087068 1.8366843461990356 12
1711958087335 1.7821433544158936 13
1711958087602 1.6634104251861572 14
1711958087869 1.5712521076202393 15
1711958088148 1.4976521730422974 16
1711958088415 1.4945483207702637 17
1711958088698 1.4082775115966797 18
1711958088966 1.3679951429367065 19
1711958089204 1.3568743467330933 20
1711958089482 1.3255397081375122 21
1711958089756 1.2788522243499756 22
1711958090030 1.211460828781128 23
1711958090303 1.1829476356506348 24
1711958090544 1.203858494758606 25
1711958090783 1.2307124137878418 26
1711958091051 1.1671110391616821 27
1711958091331 1.142091155052185 28
1711958091631 1.1059294939041138 29
1711958091897 1.1046462059020996 30
1711958092144 1.1425296068191528 31
1711958092384 1.057215929031372 32
1711958092663 1.0407624244689941 33
1711958092907 1.0261245965957642 34
1711958093179 1.0038191080093384 35
1711958093449 0.9722781181335449 36
1711958093686 0.9627746343612671 37
1711958093951 0.941178560256958 38
