1711958540891 56.44646453857422 0
1711958541157 18.043039321899414 1
1711958541426 8.131692886352539 2
1711958541713 5.6257123947143555 3
1711958541977 4.2411208152771 4
1711958542246 3.495638847351074 5
1711958542509 3.1559150218963623 6
1711958542772 2.8605663776397705 7
1711958543034 2.6849379539489746 8
1711958543296 2.545713186264038 9
1711958543559 2.3825912475585938 10
1711958543821 2.1887331008911133 11
1711958544085 2.113802909851074 12
1711958544313 2.011446475982666 13
1711958544574 1.8630186319351196 14
1711958544837 1.8427575826644897 15
1711958545064 1.752803087234497 16
1711958545326 1.690269112586975 17
1711958545590 1.6307671070098877 18
1711958545853 1.5971077680587769 19
1711958546082 1.5859161615371704 20
1711958546345 1.5105664730072021 21
1711958546606 1.4757211208343506 22
1711958546869 1.429180383682251 23
1711958547131 1.3919095993041992 24
1711958547398 1.3462938070297241 25
1711958547659 1.3074331283569336 26
1711958547885 1.333739995956421 27
1711958548147 1.2377904653549194 28
1711958548410 1.2259771823883057 29
1711958548671 1.2186235189437866 30
1711958548923 1.160447597503662 31
1711958549185 1.1333584785461426 32
1711958549449 1.1300301551818848 33
1711958549711 1.0874526500701904 34
1711958549975 1.0971792936325073 35
1711958550202 1.0313228368759155 36
1711958550464 1.0306934118270874 37
1711958550728 1.0366463661193848 38
1711958550988 0.9749462008476257 39
1711958551252 0.952419638633728 40
1711958551527 0.9055673480033875 41
1711958551785 0.8925368189811707 42
1711958552011 0.911912739276886 43
1711958552316 0.9192287921905518 44
1711958552543 0.8834840059280396 45
1711958552804 0.8402119874954224 46
1711958553030 0.8105772733688354 47
1711958553292 0.7670548558235168 48
1711958553555 0.8051221966743469 49
