1711958540891 5474.2373046875 0
1711958541157 572.013671875 1
1711958541426 135.91357421875 2
1711958541713 73.44276428222656 3
1711958541977 42.03459167480469 4
1711958542246 26.855995178222656 5
1711958542509 20.098203659057617 6
1711958542772 16.019296646118164 7
1711958543034 13.706570625305176 8
1711958543296 12.062444686889648 9
1711958543559 10.544594764709473 10
1711958543821 8.876611709594727 11
1711958544085 8.146625518798828 12
1711958544313 7.318519115447998 13
1711958544574 6.3490424156188965 14
1711958544837 6.0933661460876465 15
1711958545064 5.524723052978516 16
1711958545326 5.105615139007568 17
1711958545590 4.725175380706787 18
1711958545853 4.520540237426758 19
1711958546082 4.390284061431885 20
1711958546345 4.004185199737549 21
1711958546606 3.8206751346588135 22
1711958546869 3.5803918838500977 23
1711958547131 3.4048774242401123 24
1711958547398 3.1718595027923584 25
1711958547659 2.9947903156280518 26
1711958547885 3.1211187839508057 27
1711958548147 2.7056920528411865 28
1711958548410 2.6321184635162354 29
1711958548671 2.6093711853027344 30
1711958548923 2.3899002075195312 31
1711958549185 2.2743825912475586 32
1711958549449 2.234454393386841 33
1711958549711 2.093169689178467 34
1711958549975 2.1395750045776367 35
1711958550202 1.8941768407821655 36
1711958550464 1.8855570554733276 37
1711958550728 1.893029808998108 38
1711958550988 1.6943336725234985 39
1711958551252 1.6132954359054565 40
1711958551527 1.4761319160461426 41
1711958551785 1.4317052364349365 42
1711958552011 1.471356749534607 43
1711958552316 1.5189532041549683 44
1711958552543 1.3956925868988037 45
1711958552804 1.2680355310440063 46
1711958553030 1.1851836442947388 47
1711958553292 1.066026210784912 48
1711958553555 1.159765362739563 49
