1711709126937 6002.90234375 0
1711709127211 854.1937866210938 1
1711709127489 162.4777374267578 2
1711709127806 93.75206756591797 3
1711709128074 56.88316345214844 4
1711709128346 35.37748336791992 5
1711709128611 26.833236694335938 6
1711709128879 20.974443435668945 7
1711709129142 17.5850772857666 8
1711709129413 14.24516773223877 9
1711709129681 12.640533447265625 10
1711709129917 10.158124923706055 11
1711709130184 8.44759750366211 12
1711709130453 7.011942386627197 13
1711709130718 5.766488075256348 14
1711709130986 5.032605171203613 15
1711709131253 4.328880786895752 16
1711709131523 3.9577176570892334 17
1711709131791 3.4869003295898438 18
1711709132025 3.355710744857788 19
1711709132291 3.303255558013916 20
1711709132567 3.0351977348327637 21
1711709132832 2.6753015518188477 22
1711709133100 2.4389255046844482 23
1711709133371 2.4358606338500977 24
1711709133635 2.360713005065918 25
1711709133873 2.171844482421875 26
1711709134139 2.085357666015625 27
1711709134407 2.0260279178619385 28
1711709134639 1.854063868522644 29
1711709134937 1.7533752918243408 30
1711709135182 1.753075361251831 31
1711709135446 1.6096996068954468 32
1711709135714 1.873010277748108 33
1711709135981 1.4579907655715942 34
1711709136210 1.5499616861343384 35
1711709136479 1.4015928506851196 36
1711709136710 1.347565770149231 37
1711709136977 1.2014999389648438 38
1711709137208 1.2301549911499023 39
1711709137484 1.1206328868865967 40
1711709137751 1.292960286140442 41
1711709137983 1.2364439964294434 42
1711709138248 1.0238375663757324 43
1711709138513 1.0719952583312988 44
1711709138744 1.0243786573410034 45
1711709139005 1.0157936811447144 46
1711709139273 0.9607094526290894 47
1711709139505 0.9534797072410583 48
1711709139736 1.0957744121551514 49
