1711709126937 59.183502197265625 0
1711709127211 22.962095260620117 1
1711709127489 8.580009460449219 2
1711709127806 6.268311977386475 3
1711709128074 4.7796454429626465 4
1711709128346 3.847259521484375 5
1711709128611 3.542872667312622 6
1711709128879 3.189626932144165 7
1711709129142 2.949044942855835 8
1711709129413 2.667621374130249 9
1711709129681 2.5452890396118164 10
1711709129917 2.2827413082122803 11
1711709130184 2.07124400138855 12
1711709130453 1.8978605270385742 13
1711709130718 1.7209365367889404 14
1711709130986 1.6296677589416504 15
1711709131253 1.5192742347717285 16
1711709131523 1.4702824354171753 17
1711709131791 1.373505711555481 18
1711709132025 1.3664668798446655 19
1711709132291 1.3662774562835693 20
1711709132567 1.3097381591796875 21
1711709132832 1.2247047424316406 22
1711709133100 1.1646422147750854 23
1711709133371 1.1757400035858154 24
1711709133635 1.1610281467437744 25
1711709133873 1.1025067567825317 26
1711709134139 1.0856213569641113 27
1711709134407 1.0714391469955444 28
1711709134639 1.0288432836532593 29
1711709134937 1.0001264810562134 30
1711709135182 0.9970209002494812 31
1711709135446 0.9589249491691589 32
1711709135714 1.043809175491333 33
1711709135981 0.9113942384719849 34
1711709136210 0.9437358379364014 35
1711709136479 0.8966791033744812 36
1711709136710 0.87479168176651 37
1711709136977 0.8308361768722534 38
1711709137208 0.8406696915626526 39
1711709137484 0.7992493510246277 40
1711709137751 0.8662140965461731 41
1711709137983 0.8469536304473877 42
1711709138248 0.7655856013298035 43
1711709138513 0.7888796329498291 44
1711709138744 0.7685390710830688 45
1711709139005 0.7663590312004089 46
1711709139273 0.7467835545539856 47
1711709139505 0.7393503785133362 48
1711709139736 0.8007316589355469 49
