1711711248273 5833.36767578125 0
1711711248545 842.8640747070312 1
1711711248830 140.69947814941406 2
1711711249106 77.25028991699219 3
1711711249379 42.43815994262695 4
1711711249651 26.773357391357422 5
1711711249990 19.00587272644043 6
1711711250257 14.925548553466797 7
1711711250530 11.694272994995117 8
1711711250796 9.71367359161377 9
1711711251066 8.018418312072754 10
1711711251335 6.693607330322266 11
1711711251613 5.791934490203857 12
1711711251878 5.040919780731201 13
1711711252149 4.45191764831543 14
1711711252416 3.9444499015808105 15
1711711252685 3.635549783706665 16
1711711252956 3.3485028743743896 17
1711711253223 3.12287974357605 18
1711711253492 2.8243470191955566 19
1711711253758 2.736159086227417 20
1711711254031 2.5206234455108643 21
1711711254295 2.348489284515381 22
1711711254568 2.2173962593078613 23
1711711254834 2.112103223800659 24
1711711255105 1.9528971910476685 25
1711711255342 1.796684741973877 26
1711711255609 1.8368208408355713 27
1711711255839 1.7141165733337402 28
1711711256111 1.6049704551696777 29
1711711256342 1.4499170780181885 30
1711711256615 1.3438156843185425 31
1711711256848 1.2909623384475708 32
1711711257119 1.4451708793640137 33
1711711257381 1.3442130088806152 34
1711711257648 1.1852902173995972 35
1711711257939 1.1387672424316406 36
1711711258212 1.121087908744812 37
1711711258481 1.0068459510803223 38
1711711258714 0.9925758838653564 39
1711711258979 0.9872195720672607 40
1711711259212 1.0701797008514404 41
1711711259484 0.9263966679573059 42
1711711259749 0.8192979097366333 43
1711711260021 0.8191856145858765 44
1711711260378 0.8523120880126953 45
1711711260649 0.7292228937149048 46
1711711260886 0.7696447372436523 47
1711711261151 0.6603237986564636 48
1711711261390 0.6815987229347229 49
