1711711248273 58.721866607666016 0
1711711248545 22.581161499023438 1
1711711248830 8.191482543945312 2
1711711249106 5.8211493492126465 3
1711711249379 4.212308406829834 4
1711711249651 3.4700944423675537 5
1711711249990 2.9994661808013916 6
1711711250257 2.7233049869537354 7
1711711250530 2.4400899410247803 8
1711711250796 2.2346017360687256 9
1711711251066 2.0326385498046875 10
1711711251335 1.8712074756622314 11
1711711251613 1.7575738430023193 12
1711711251878 1.6395646333694458 13
1711711252149 1.5542908906936646 14
1711711252416 1.4603267908096313 15
1711711252685 1.4091107845306396 16
1711711252956 1.3651026487350464 17
1711711253223 1.3169512748718262 18
1711711253492 1.2616592645645142 19
1711711253758 1.2379860877990723 20
1711711254031 1.1985172033309937 21
1711711254295 1.1561461687088013 22
1711711254568 1.1266543865203857 23
1711711254834 1.1007438898086548 24
1711711255105 1.054646372795105 25
1711711255342 1.013121247291565 26
1711711255609 1.0319112539291382 27
1711711255839 0.9921886324882507 28
1711711256111 0.9617430567741394 29
1711711256342 0.9108018279075623 30
1711711256615 0.8751600980758667 31
1711711256848 0.8603926301002502 32
1711711257119 0.9154220819473267 33
1711711257381 0.885899543762207 34
1711711257648 0.8257786631584167 35
1711711257939 0.8127899765968323 36
1711711258212 0.8037735223770142 37
1711711258481 0.7645421028137207 38
1711711258714 0.7603036761283875 39
1711711258979 0.7546514868736267 40
1711711259212 0.7985628247261047 41
1711711259484 0.7310236096382141 42
1711711259749 0.6869049072265625 43
1711711260021 0.6908110976219177 44
1711711260378 0.7063106894493103 45
1711711260649 0.6493434906005859 46
1711711260886 0.6674598455429077 47
1711711261151 0.6174432635307312 48
1711711261390 0.6315522789955139 49
