1711712736091 6018.7373046875 0
1711712736361 654.9775390625 1
1711712736632 123.1010971069336 2
1711712736901 67.90658569335938 3
1711712737172 42.34539794921875 4
1711712737440 28.968713760375977 5
1711712737705 22.081342697143555 6
1711712737973 17.94987678527832 7
1711712738242 15.110793113708496 8
1711712738514 12.399715423583984 9
1711712738778 9.808603286743164 10
1711712739047 7.362787246704102 11
1711712739314 5.873812198638916 12
1711712739587 5.080962657928467 13
1711712739853 4.56698751449585 14
1711712740119 4.308676719665527 15
1711712740390 4.130781650543213 16
1711712740624 3.7191972732543945 17
1711712740948 3.5672624111175537 18
1711712741213 3.3280065059661865 19
1711712741480 3.1753249168395996 20
1711712741745 3.007171630859375 21
1711712742017 2.9863972663879395 22
1711712742253 2.6858716011047363 23
1711712742489 2.5288002490997314 24
1711712742755 2.459799289703369 25
1711712743024 2.295408248901367 26
1711712743260 2.0426626205444336 27
1711712743528 2.1837387084960938 28
1711712743795 1.8503934144973755 29
1711712744032 1.771189570426941 30
1711712744303 1.598673701286316 31
1711712744535 1.4481239318847656 32
1711712744768 1.5892412662506104 33
