1711712736091 59.43183517456055 0
1711712736361 19.272499084472656 1
1711712736632 7.561007499694824 2
1711712736901 5.373193264007568 3
1711712737172 4.313721656799316 4
1711712737440 3.664555311203003 5
1711712737705 3.3020577430725098 6
1711712737973 3.0452375411987305 7
1711712738242 2.817887783050537 8
1711712738514 2.5619661808013916 9
1711712738778 2.288142442703247 10
1711712739047 1.9947395324707031 11
1711712739314 1.7904072999954224 12
1711712739587 1.672594428062439 13
1711712739853 1.5872055292129517 14
1711712740119 1.5546205043792725 15
1711712740390 1.5200010538101196 16
1711712740624 1.433083176612854 17
1711712740948 1.4105744361877441 18
1711712741213 1.3601864576339722 19
1711712741480 1.331955909729004 20
1711712741745 1.292229413986206 21
1711712742017 1.300467610359192 22
1711712742253 1.2308083772659302 23
1711712742489 1.192186713218689 24
1711712742755 1.1775357723236084 25
1711712743024 1.1419564485549927 26
1711712743260 1.0729304552078247 27
1711712743528 1.110498309135437 28
1711712743795 1.0188871622085571 29
1711712744032 1.0079619884490967 30
1711712744303 0.9570953249931335 31
1711712744535 0.9116396307945251 32
1711712744768 0.96109539270401 33
