1711957858874 5518.22119140625 0
1711957859105 647.9451293945312 1
1711957859335 123.48039245605469 2
1711957859562 68.61100769042969 3
1711957859790 42.48036193847656 4
1711957860018 29.45208740234375 5
1711957860243 22.2240047454834 6
1711957860469 18.18465232849121 7
1711957860696 14.91728687286377 8
1711957860923 12.731083869934082 9
1711957861149 10.890286445617676 10
1711957861379 9.638489723205566 11
1711957861608 8.812541961669922 12
1711957861834 7.798178672790527 13
1711957862060 7.288358688354492 14
1711957862288 6.744729518890381 15
1711957862515 6.3391289710998535 16
1711957862743 6.106037139892578 17
1711957862961 5.671448707580566 18
1711957863190 5.65308141708374 19
1711957863416 5.3972673416137695 20
1711957863687 5.505168914794922 21
1711957864021 4.787015438079834 22
1711957864442 4.647924423217773 23
1711957864700 4.279672622680664 24
1711957864933 4.305604457855225 25
1711957865310 3.7586405277252197 26
1711957865560 3.6448025703430176 27
1711957865794 3.3955092430114746 28
1711957866035 3.102621078491211 29
1711957866270 3.114429473876953 30
1711957866528 2.9240894317626953 31
1711957866759 2.4671592712402344 32
1711957866990 2.2986509799957275 33
1711957867221 2.3092360496520996 34
1711957867453 1.9670991897583008 35
1711957867684 1.9645094871520996 36
1711957867932 1.8249986171722412 37
1711957868157 1.6401824951171875 38
1711957868395 1.5068328380584717 39
1711957868631 1.3516401052474976 40
1711957868853 1.3462178707122803 41
1711957869094 1.211807131767273 42
1711957869319 1.1271942853927612 43
1711957869542 1.0819154977798462 44
1711957869773 1.1096495389938354 45
1711957869997 0.9043525457382202 46
1711957870247 0.8738130927085876 47
1711957870478 0.799583911895752 48
1711957870701 0.7534332275390625 49
