1711957858874 56.918113708496094 0
1711957859105 19.269115447998047 1
1711957859335 7.710810661315918 2
1711957859562 5.3921003341674805 3
1711957859790 4.267526626586914 4
1711957860018 3.619905710220337 5
1711957860243 3.1860315799713135 6
1711957860469 2.930506706237793 7
1711957860696 2.6612610816955566 8
1711957860923 2.4963996410369873 9
1711957861149 2.3234572410583496 10
1711957861379 2.212132692337036 11
1711957861608 2.120893955230713 12
1711957861834 2.003256320953369 13
1711957862060 1.9523836374282837 14
1711957862288 1.8901418447494507 15
1711957862515 1.8243536949157715 16
1711957862743 1.8090331554412842 17
1711957862961 1.7342630624771118 18
1711957863190 1.7480952739715576 19
1711957863416 1.7109918594360352 20
1711957863687 1.726522445678711 21
1711957864021 1.5948965549468994 22
1711957864442 1.5868866443634033 23
1711957864700 1.5033512115478516 24
1711957864933 1.52639901638031 25
1711957865310 1.412548303604126 26
1711957865560 1.405922293663025 27
1711957865794 1.3462992906570435 28
1711957866035 1.2842538356781006 29
1711957866270 1.2996599674224854 30
1711957866528 1.2550077438354492 31
1711957866759 1.1355211734771729 32
1711957866990 1.1036205291748047 33
1711957867221 1.1115591526031494 34
1711957867453 1.0193753242492676 35
1711957867684 1.0335485935211182 36
1711957867932 0.9976112842559814 37
1711957868157 0.9363411664962769 38
1711957868395 0.8995365500450134 39
1711957868631 0.8476612567901611 40
1711957868853 0.8522024750709534 41
1711957869094 0.8108654022216797 42
1711957869319 0.7905867099761963 43
1711957869542 0.7692368626594543 44
1711957869773 0.7856930494308472 45
1711957869997 0.7033089995384216 46
1711957870247 0.6949588656425476 47
1711957870478 0.6646668314933777 48
1711957870701 0.6439449191093445 49
