1711708353394 6265.09521484375 0
1711708353668 869.0383911132812 1
1711708353937 161.00743103027344 2
1711708354205 95.54662322998047 3
1711708354474 62.020904541015625 4
1711708354742 41.76095199584961 5
1711708355013 29.616073608398438 6
1711708355280 22.76122283935547 7
1711708355543 18.48281478881836 8
1711708355809 15.627676010131836 9
1711708356075 13.039217948913574 10
1711708356343 11.48664379119873 11
1711708356609 10.104314804077148 12
1711708356871 8.921760559082031 13
1711708357141 8.073906898498535 14
1711708357408 7.65455961227417 15
1711708357730 6.986656188964844 16
1711708358000 5.958832740783691 17
1711708358265 5.272972106933594 18
1711708358531 4.734389305114746 19
1711708358793 4.205585956573486 20
1711708359062 3.8910515308380127 21
1711708359325 3.5517871379852295 22
1711708359592 3.1386632919311523 23
1711708359861 2.8804385662078857 24
1711708360124 2.6764190196990967 25
1711708360392 2.711663007736206 26
1711708360657 2.72953724861145 27
1711708360890 2.327584743499756 28
1711708361154 2.265272617340088 29
1711708361383 2.0372910499572754 30
1711708361645 1.8813525438308716 31
1711708361879 1.8286837339401245 32
1711708362145 1.7246431112289429 33
1711708362381 1.5366435050964355 34
1711708362646 1.6359221935272217 35
1711708362877 1.3234483003616333 36
1711708363141 1.283240556716919 37
1711708363407 1.2684516906738281 38
1711708363673 1.1715242862701416 39
1711708363938 1.1706068515777588 40
1711708364167 1.1211563348770142 41
1711708364432 0.9952150583267212 42
1711708364705 0.9573742747306824 43
1711708364945 1.1087523698806763 44
1711708365227 0.9605993628501892 45
1711708365495 0.9811725616455078 46
1711708365824 0.9600772261619568 47
1711708366054 0.750221312046051 48
1711708366319 0.7758244276046753 49
