1711708353394 61.093021392822266 0
1711708353668 22.92316436767578 1
1711708353937 8.905817985534668 2
1711708354205 6.456905841827393 3
1711708354474 5.15213680267334 4
1711708354742 4.316916465759277 5
1711708355013 3.7431416511535645 6
1711708355280 3.353797674179077 7
1711708355543 3.057598114013672 8
1711708355809 2.8383073806762695 9
1711708356075 2.5989980697631836 10
1711708356343 2.4553680419921875 11
1711708356609 2.307879686355591 12
1711708356871 2.1723246574401855 13
1711708357141 2.070751428604126 14
1711708357408 2.0262489318847656 15
1711708357730 1.9407150745391846 16
1711708358000 1.7900428771972656 17
1711708358265 1.6861401796340942 18
1711708358531 1.5986425876617432 19
1711708358793 1.516443133354187 20
1711708359062 1.4582215547561646 21
1711708359325 1.396796703338623 22
1711708359592 1.3111191987991333 23
1711708359861 1.2551630735397339 24
1711708360124 1.213010549545288 25
1711708360392 1.2321653366088867 26
1711708360657 1.2473304271697998 27
1711708360890 1.1442229747772217 28
1711708361154 1.128330945968628 29
1711708361383 1.0771926641464233 30
1711708361645 1.039383053779602 31
1711708361879 1.0264205932617188 32
1711708362145 1.0016361474990845 33
1711708362381 0.9429295063018799 34
1711708362646 0.9701173901557922 35
1711708362877 0.8740311861038208 36
1711708363141 0.8623616695404053 37
1711708363407 0.8518308997154236 38
1711708363673 0.82118159532547 39
1711708363938 0.8247520327568054 40
1711708364167 0.8067423105239868 41
1711708364432 0.7589473128318787 42
1711708364705 0.7458294034004211 43
1711708364945 0.8045012950897217 44
1711708365227 0.7475789189338684 45
1711708365495 0.7570018768310547 46
1711708365824 0.7484649419784546 47
1711708366054 0.6614302396774292 48
1711708366319 0.6705967783927917 49
