1711713197037 59.45198440551758 0
1711713197311 18.482994079589844 1
1711713197588 7.026625156402588 2
1711713197856 4.8855881690979 3
1711713198127 3.9757421016693115 4
1711713198401 3.443058729171753 5
1711713198672 3.102710485458374 6
1711713198938 2.7449581623077393 7
1711713199208 2.472996473312378 8
1711713199544 2.234330415725708 9
1711713199822 2.089423418045044 10
1711713200096 1.939808964729309 11
1711713200331 1.8258479833602905 12
1711713200601 1.7496417760849 13
1711713200868 1.7100669145584106 14
1711713201139 1.6388810873031616 15
1711713201410 1.6074573993682861 16
1711713201681 1.5735349655151367 17
1711713201954 1.5781102180480957 18
1711713202186 1.4995280504226685 19
1711713202457 1.5151139497756958 20
1711713202730 1.4739172458648682 21
1711713202963 1.4329472780227661 22
1711713203236 1.4119375944137573 23
1711713203502 1.3917062282562256 24
1711713203772 1.355789303779602 25
1711713204040 1.3434034585952759 26
1711713204308 1.4042856693267822 27
1711713204576 1.290397047996521 28
1711713204814 1.325358271598816 29
1711713205085 1.305201530456543 30
