1711713197037 5989.90087890625 0
1711713197311 629.2271118164062 1
1711713197588 108.25779724121094 2
1711713197856 56.3047981262207 3
1711713198127 35.0571174621582 4
1711713198401 24.70233726501465 5
1711713198672 19.2644100189209 6
1711713198938 14.962955474853516 7
1711713199208 12.007601737976074 8
1711713199544 9.792996406555176 9
1711713199822 8.348679542541504 10
1711713200096 7.135875701904297 11
1711713200331 6.301856517791748 12
1711713200601 5.773378372192383 13
1711713200868 5.421543121337891 14
1711713201139 4.9902663230896 15
1711713201410 4.727902412414551 16
1711713201681 4.523160457611084 17
1711713201954 4.48608922958374 18
1711713202186 4.109731674194336 19
1711713202457 4.123586654663086 20
1711713202730 3.92803955078125 21
1711713202963 3.732532262802124 22
1711713203236 3.6487174034118652 23
1711713203502 3.5192012786865234 24
1711713203772 3.3521623611450195 25
1711713204040 3.304530382156372 26
1711713204308 3.5503718852996826 27
1711713204576 3.072654962539673 28
1711713204814 3.1981093883514404 29
1711713205085 3.0978267192840576 30
