1711709348155 57.48147201538086 0
1711709348431 20.811033248901367 1
1711709348699 7.5156121253967285 2
1711709348964 5.383004665374756 3
1711709349235 4.232223987579346 4
1711709349498 3.59732985496521 5
1711709349766 3.2531371116638184 6
1711709350032 2.998427629470825 7
1711709350299 2.681302785873413 8
1711709350566 2.4763126373291016 9
1711709350832 2.322622299194336 10
1711709351097 2.2235686779022217 11
1711709351365 2.0976240634918213 12
1711709351631 1.990667700767517 13
1711709351898 1.9224101305007935 14
1711709352162 1.8481919765472412 15
1711709352430 1.7443856000900269 16
1711709352698 1.5926625728607178 17
1711709352964 1.4839471578598022 18
1711709353234 1.3972378969192505 19
1711709353499 1.3615809679031372 20
1711709353765 1.2536121606826782 21
1711709354029 1.2294484376907349 22
1711709354259 1.190078854560852 23
1711709354522 1.153518795967102 24
1711709354783 1.0853561162948608 25
1711709355088 1.0502846240997314 26
1711709355367 1.0548595190048218 27
1711709355595 1.0110983848571777 28
1711709355826 0.9879472851753235 29
1711709356093 0.9573115110397339 30
1711709356359 0.9418426752090454 31
1711709356622 0.90423983335495 32
1711709356855 0.9338734745979309 33
1711709357120 0.9070905447006226 34
1711709357381 0.8833965063095093 35
1711709357617 0.8415016531944275 36
1711709357879 0.847568154335022 37
1711709358147 0.8374630212783813 38
1711709358409 0.8229861259460449 39
1711709358642 0.8247841000556946 40
1711709358903 0.7925959825515747 41
1711709359168 0.7983533143997192 42
1711709359401 0.8116466999053955 43
1711709359665 0.7682448029518127 44
1711709359893 0.798065185546875 45
1711709360126 0.7719214558601379 46
