1711709348155 5690.06982421875 0
1711709348431 719.6524047851562 1
1711709348699 127.23212432861328 2
1711709348964 71.10128784179688 3
1711709349235 42.88699722290039 4
1711709349498 28.267789840698242 5
1711709349766 21.399951934814453 6
1711709350032 17.575763702392578 7
1711709350299 14.104954719543457 8
1711709350566 11.743695259094238 9
1711709350832 10.280723571777344 10
1711709351097 9.253990173339844 11
1711709351365 8.253591537475586 12
1711709351631 7.361433982849121 13
1711709351898 6.848607540130615 14
1711709352162 6.310276508331299 15
1711709352430 5.558136463165283 16
1711709352698 4.631762504577637 17
1711709352964 4.022455215454102 18
1711709353234 3.569387912750244 19
1711709353499 3.3484039306640625 20
1711709353765 2.8326056003570557 21
1711709354029 2.7327332496643066 22
1711709354259 2.54203724861145 23
1711709354522 2.3581271171569824 24
1711709354783 2.108475685119629 25
1711709355088 1.9694032669067383 26
1711709355367 1.9658974409103394 27
1711709355595 1.815982699394226 28
1711709355826 1.7360420227050781 29
1711709356093 1.6113275289535522 30
1711709356359 1.5637109279632568 31
1711709356622 1.4433656930923462 32
1711709356855 1.5493091344833374 33
1711709357120 1.4348807334899902 34
1711709357381 1.3709453344345093 35
1711709357617 1.2381324768066406 36
1711709357879 1.2593026161193848 37
1711709358147 1.2206356525421143 38
1711709358409 1.1841670274734497 39
1711709358642 1.1782729625701904 40
1711709358903 1.0960981845855713 41
1711709359168 1.114283800125122 42
1711709359401 1.1332241296768188 43
1711709359665 1.035370945930481 44
1711709359893 1.1015146970748901 45
1711709360126 1.0407463312149048 46
